5 0.6026042 0.2589844 0.0375000 0.1101562
2 0.2908854 0.4195313 0.0651042 0.0609375
2 0.4815104 0.3351562 0.0338542 0.0718750
4 0.6468750 0.3609375 0.0833333 0.0625000
1 0.4791667 0.1558594 0.0375000 0.1101562
3 0.3291667 0.2050781 0.0635417 0.0914062
4 0.6515625 0.3589844 0.0333333 0.0898438
4 0.5132813 0.4054687 0.0432292 0.0671875
1 0.6052083 0.6437500 0.0718750 0.0546875
1 0.4127604 0.3472656 0.0463542 0.0773438
1 0.5598958 0.3949219 0.0468750 0.0710937
2 0.6252604 0.2824219 0.0609375 0.1054688
1 0.6322917 0.2492187 0.0760417 0.0468750
3 0.6820312 0.2632813 0.0432292 0.0812500
5 0.5208333 0.6781250 0.0343750 0.1078125
1 0.4302083 0.3437500 0.0656250 0.0765625
0 0.4942708 0.2457031 0.0333333 0.1070312
2 0.6114583 0.7625000 0.0656250 0.0468750
3 0.4354167 0.4773438 0.0541667 0.1171875
5 0.3757813 0.2441406 0.0307292 0.0523438
1 0.4328125 0.7660156 0.0333333 0.0773438
1 0.7406250 0.5429688 0.0593750 0.0843750
5 0.5330729 0.4703125 0.0713542 0.0515625
3 0.4544271 0.1164063 0.0359375 0.1078125
1 0.5091146 0.3644531 0.0442708 0.0867187
4 0.4010417 0.5707031 0.0791667 0.0445313
4 0.5656250 0.2710938 0.0635417 0.0562500
0 0.5523438 0.8152344 0.0734375 0.0476562
0 0.2510417 0.7144531 0.0500000 0.0617188
5 0.7796875 0.6144531 0.0739583 0.0617188
4 0.5419271 0.8750000 0.0640625 0.0859375
5 0.2132813 0.7085938 0.0619792 0.0531250
2 0.5492187 0.6925781 0.0380208 0.1101562
4 0.4614583 0.2964844 0.0406250 0.1117188
0 0.3195312 0.5085937 0.0671875 0.0671875
4 0.3401042 0.4328125 0.0354167 0.0750000
5 0.5010417 0.6449219 0.0447917 0.0804688
5 0.5828125 0.6933594 0.0645833 0.0914062
5 0.2854167 0.2714844 0.0458333 0.0757812
2 0.4356771 0.3011719 0.0682292 0.0585938
5 0.6523438 0.5664062 0.0661458 0.0453125
0 0.5471354 0.7195312 0.0557292 0.0562500
3 0.6177083 0.7726563 0.0687500 0.0500000
1 0.4039063 0.1281250 0.0473958 0.1015625
2 0.3554688 0.6382813 0.0765625 0.0687500
1 0.4963542 0.3914063 0.0708333 0.0546875
4 0.5315104 0.0519531 0.0526042 0.0882813
4 0.4690104 0.4570312 0.0703125 0.0656250
2 0.4924479 0.6851563 0.0713542 0.0546875
3 0.3604167 0.6597656 0.0489583 0.0632812
4 0.5781250 0.3675781 0.0343750 0.0773438
1 0.5411458 0.2125000 0.0322917 0.0906250
0 0.3015625 0.6671875 0.0458333 0.0687500
3 0.2473958 0.5324219 0.0812500 0.0601563
2 0.5940104 0.3687500 0.0526042 0.0734375
5 0.5880208 0.5410156 0.0395833 0.1132812
5 0.4734375 0.6859375 0.0531250 0.0906250
4 0.3981771 0.3796875 0.0651042 0.0953125
0 0.6330729 0.7562500 0.0453125 0.1015625
4 0.4518229 0.5363281 0.0526042 0.0804688
4 0.6283854 0.6613281 0.0640625 0.0726563
4 0.3424479 0.4843750 0.0369792 0.1203125
5 0.4039063 0.4945312 0.0401042 0.1156250
2 0.4177083 0.2437500 0.0822917 0.0578125
3 0.7106771 0.6246094 0.0692708 0.0789062
4 0.7218750 0.6535156 0.0750000 0.0585938
2 0.5265625 0.3105469 0.0781250 0.0539063
1 0.4901042 0.6476563 0.0708333 0.0625000
2 0.5776042 0.7750000 0.0510417 0.0859375
5 0.6674479 0.6312500 0.0296875 0.0687500
1 0.3484375 0.4457031 0.0739583 0.0539063
0 0.5763021 0.4281250 0.0786458 0.0562500
4 0.6221354 0.4585938 0.0651042 0.0593750
5 0.6226563 0.5828125 0.0473958 0.0734375
2 0.5869792 0.4667969 0.0489583 0.1101562
9 0.5921875 0.2664063 0.0677083 0.0656250
8 0.5591146 0.8082031 0.0515625 0.1085938
9 0.6796875 0.4378906 0.0635417 0.0835937
8 0.5596354 0.3070312 0.0723958 0.0890625
10 0.5945312 0.5105469 0.0630208 0.0617188
6 0.3822917 0.4687500 0.0510417 0.1062500
9 0.4559896 0.5003906 0.0619792 0.0695313
6 0.4783854 0.8746094 0.0588542 0.0679687
