4 0.5083333 0.4593750 0.0802083 0.0671875
1 0.3533854 0.7203125 0.0317708 0.1265625
0 0.3546875 0.1277344 0.0406250 0.0617188
4 0.7208333 0.3066406 0.0854167 0.0726563
0 0.2971354 0.4183594 0.0734375 0.0789062
3 0.5632812 0.3527344 0.0713542 0.0914062
4 0.3390625 0.7738281 0.0593750 0.1304687
0 0.6424479 0.4339844 0.0932292 0.0554687
3 0.3432292 0.5578125 0.0489583 0.1375000
4 0.7065104 0.4957031 0.0692708 0.1101562
2 0.7671875 0.5785156 0.0479167 0.1210938
5 0.4783854 0.2171875 0.0713542 0.0781250
0 0.7343750 0.4925781 0.0656250 0.0695313
5 0.3476562 0.1343750 0.0973958 0.0781250
5 0.6960937 0.3796875 0.0848958 0.0734375
1 0.3838542 0.3980469 0.0937500 0.0867187
5 0.7588542 0.7972656 0.0968750 0.0664062
1 0.5119792 0.3609375 0.0697917 0.0968750
5 0.5460938 0.6117187 0.0671875 0.1046875
2 0.3640625 0.9105469 0.0625000 0.1382812
2 0.5750000 0.8742188 0.0541667 0.1406250
4 0.3632812 0.9175781 0.0546875 0.1367188
1 0.5669271 0.1390625 0.0473958 0.1031250
3 0.6981771 0.3281250 0.0973958 0.0718750
0 0.5520833 0.6269531 0.0906250 0.0601563
4 0.5153646 0.6257812 0.0505208 0.0687500
1 0.5968750 0.6746094 0.0895833 0.0898438
0 0.4890625 0.5753906 0.0458333 0.0710937
4 0.2950521 0.8714844 0.0869792 0.0617188
4 0.6523438 0.5675781 0.0723958 0.0539063
0 0.5500000 0.8714844 0.0885417 0.0960938
9 0.5731771 0.9410156 0.0692708 0.1164063
9 0.5523438 0.1238281 0.0911458 0.1335938
9 0.7283854 0.5898438 0.0838542 0.0796875
9 0.3645833 0.2722656 0.0854167 0.0835937
7 0.5484375 0.2070312 0.0781250 0.0859375
8 0.6770833 0.4765625 0.0593750 0.1031250
9 0.4385417 0.6636719 0.0833333 0.0867187
7 0.7080729 0.4226563 0.0713542 0.0890625
8 0.6736979 0.3855469 0.0942708 0.0914062
10 0.3864583 0.6894531 0.0625000 0.1101562
11 0.4895833 0.7800781 0.0802083 0.1398437
9 0.7059896 0.2859375 0.0848958 0.0921875
6 0.4539063 0.5402344 0.0744792 0.0976562
9 0.5463542 0.3937500 0.0614583 0.0890625
9 0.7601562 0.6835938 0.0828125 0.0828125
10 0.5549479 0.1183594 0.0932292 0.0945312
6 0.2580729 0.3125000 0.0848958 0.0921875
10 0.3710938 0.8117188 0.0901042 0.0875000
8 0.5906250 0.3992188 0.0927083 0.0921875
10 0.4476562 0.4097656 0.0796875 0.1195313
