3 0.3268229 0.4656250 0.0536458 0.0375000
5 0.5864583 0.2968750 0.0250000 0.0671875
0 0.4411458 0.1957031 0.0218750 0.0695313
3 0.3997396 0.3515625 0.0421875 0.0531250
1 0.4557292 0.6335937 0.0406250 0.0375000
3 0.3968750 0.4082031 0.0385417 0.0304687
3 0.5981771 0.7804688 0.0369792 0.0453125
4 0.5380208 0.4929688 0.0447917 0.0406250
2 0.5481771 0.1933594 0.0348958 0.0367188
4 0.4997396 0.7304688 0.0286458 0.0578125
5 0.5135417 0.5625000 0.0322917 0.0593750
5 0.3565104 0.1949219 0.0494792 0.0351562
3 0.6822917 0.3453125 0.0468750 0.0390625
4 0.6039062 0.6003906 0.0442708 0.0460938
4 0.7466146 0.4914062 0.0390625 0.0656250
0 0.3361979 0.3109375 0.0296875 0.0328125
2 0.4216146 0.3054688 0.0223958 0.0734375
1 0.6846354 0.4605469 0.0421875 0.0335937
5 0.4575521 0.7406250 0.0505208 0.0421875
4 0.4216146 0.7035156 0.0276042 0.0351562
3 0.6085938 0.4054687 0.0338542 0.0578125
5 0.6213542 0.8816406 0.0385417 0.0398437
3 0.6312500 0.5417969 0.0250000 0.0398437
5 0.3752604 0.5171875 0.0286458 0.0609375
5 0.5864583 0.7921875 0.0416667 0.0500000
0 0.5752604 0.7582031 0.0494792 0.0289063
5 0.7101563 0.6054688 0.0380208 0.0375000
0 0.4750000 0.0250000 0.0395833 0.0500000
4 0.3794271 0.3324219 0.0473958 0.0460938
4 0.5369792 0.2933594 0.0281250 0.0570312
2 0.5830729 0.7402344 0.0411458 0.0289063
5 0.2854167 0.4457031 0.0458333 0.0335937
1 0.4020833 0.6703125 0.0468750 0.0406250
1 0.4815104 0.4308594 0.0411458 0.0273438
1 0.4369792 0.8718750 0.0187500 0.0703125
0 0.6484375 0.3933594 0.0458333 0.0460938
0 0.3794271 0.2972656 0.0369792 0.0398437
0 0.6770833 0.6292969 0.0510417 0.0429688
2 0.5322917 0.4636719 0.0479167 0.0335937
1 0.6799479 0.3562500 0.0244792 0.0375000
3 0.6247396 0.2460938 0.0369792 0.0671875
2 0.4057292 0.6996094 0.0250000 0.0460938
1 0.6507812 0.7812500 0.0473958 0.0328125
1 0.5901042 0.8617187 0.0250000 0.0359375
3 0.5171875 0.5906250 0.0468750 0.0312500
3 0.3830729 0.3210938 0.0338542 0.0531250
2 0.6075521 0.7453125 0.0546875 0.0375000
5 0.6221354 0.5902344 0.0473958 0.0398437
0 0.5093750 0.5417969 0.0343750 0.0523438
4 0.4151042 0.2914062 0.0427083 0.0375000
4 0.3830729 0.2855469 0.0234375 0.0429688
3 0.6408854 0.4167969 0.0526042 0.0382813
2 0.2200521 0.6195312 0.0359375 0.0375000
0 0.4802083 0.3472656 0.0239583 0.0304687
2 0.3697917 0.2148438 0.0354167 0.0359375
0 0.5218750 0.4574219 0.0239583 0.0757812
4 0.4010417 0.4457031 0.0218750 0.0476562
3 0.4614583 0.2570312 0.0468750 0.0375000
3 0.3182292 0.3878906 0.0437500 0.0570312
2 0.2385417 0.5460938 0.0375000 0.0484375
3 0.7312500 0.3769531 0.0447917 0.0445313
0 0.6812500 0.5675781 0.0208333 0.0476562
5 0.6458333 0.5753906 0.0510417 0.0398437
0 0.5367188 0.4226563 0.0432292 0.0390625
1 0.6580729 0.3664062 0.0307292 0.0671875
2 0.5052083 0.3062500 0.0322917 0.0453125
5 0.5080729 0.2289063 0.0380208 0.0625000
4 0.4489583 0.3683594 0.0354167 0.0570312
0 0.7523437 0.5902344 0.0536458 0.0398437
2 0.4750000 0.6800781 0.0458333 0.0335937
5 0.6216146 0.3355469 0.0265625 0.0523438
5 0.4520833 0.5343750 0.0500000 0.0437500
1 0.6195312 0.3792969 0.0348958 0.0367188
3 0.7403646 0.4156250 0.0380208 0.0359375
4 0.4328125 0.8671875 0.0281250 0.0546875
1 0.5429688 0.7312500 0.0338542 0.0453125
5 0.3234375 0.4445312 0.0270833 0.0609375
5 0.6695313 0.6585937 0.0401042 0.0578125
3 0.4585938 0.7445312 0.0286458 0.0593750
9 0.6343750 0.7753906 0.0437500 0.0601563
10 0.3632812 0.3054688 0.0390625 0.0468750
9 0.4289062 0.4773438 0.0401042 0.0671875
10 0.6510417 0.2292969 0.0437500 0.0445313
10 0.5692708 0.9234375 0.0395833 0.0515625
10 0.2783854 0.4527344 0.0442708 0.0429688
6 0.5177083 0.5675781 0.0354167 0.0492187
11 0.2822917 0.4667969 0.0468750 0.0523438
11 0.4054687 0.5839844 0.0473958 0.0460938
8 0.3203125 0.3648438 0.0437500 0.0437500
7 0.6739583 0.5589844 0.0437500 0.0445313
