1 0.3406250 0.5914063 0.0729167 0.0437500
0 0.6018229 0.2265625 0.0348958 0.0500000
3 0.5760417 0.7464844 0.0760417 0.0679687
2 0.5966146 0.6996094 0.0380208 0.1054688
1 0.6049479 0.5500000 0.0671875 0.0515625
1 0.6401042 0.1515625 0.0385417 0.1171875
0 0.2927083 0.4722656 0.0395833 0.0648438
2 0.5145833 0.5378906 0.0614583 0.0445313
5 0.5119792 0.8054687 0.0437500 0.0968750
0 0.4593750 0.5417969 0.0562500 0.0617188
2 0.5184896 0.3804688 0.0442708 0.0906250
4 0.6992188 0.7613281 0.0692708 0.0507812
5 0.6104167 0.2710938 0.0531250 0.0734375
4 0.5796875 0.3710938 0.0708333 0.0562500
4 0.3893229 0.3300781 0.0494792 0.1101562
3 0.5406250 0.6746094 0.0708333 0.0554687
1 0.3864583 0.5226563 0.0375000 0.0953125
0 0.5570312 0.3425781 0.0390625 0.0585938
5 0.5359375 0.1937500 0.0729167 0.0484375
0 0.6630208 0.4742188 0.0708333 0.0578125
4 0.3377604 0.2117188 0.0473958 0.1093750
1 0.6528646 0.0460938 0.0390625 0.0921875
0 0.5765625 0.4003906 0.0322917 0.1070312
0 0.5799479 0.5332031 0.0630208 0.0507812
1 0.5372396 0.5570312 0.0661458 0.0812500
3 0.6429687 0.3207031 0.0630208 0.0476562
5 0.5622396 0.7925781 0.0671875 0.0523438
5 0.5317708 0.7449219 0.0708333 0.0632812
1 0.7020833 0.7082031 0.0708333 0.0632812
1 0.5333333 0.6597656 0.0531250 0.0632812
0 0.5447917 0.5570312 0.0322917 0.1093750
0 0.5226563 0.3398438 0.0317708 0.0484375
4 0.6208333 0.8261719 0.0427083 0.0523438
1 0.5588542 0.7031250 0.0468750 0.0421875
0 0.7380208 0.3375000 0.0802083 0.0578125
0 0.6927083 0.3476562 0.0562500 0.0828125
1 0.6966146 0.6132812 0.0682292 0.0531250
1 0.3138021 0.5605469 0.0348958 0.1132812
0 0.6497396 0.6632813 0.0328125 0.1078125
1 0.2643229 0.5589844 0.0380208 0.1070312
3 0.6731771 0.4246094 0.0651042 0.0476562
2 0.4825521 0.6808594 0.0682292 0.0679687
0 0.4731771 0.8429688 0.0338542 0.1093750
0 0.5611979 0.8414063 0.0380208 0.1218750
0 0.4716146 0.4015625 0.0567708 0.0515625
2 0.5122396 0.8699219 0.0453125 0.1148437
2 0.4130208 0.7460938 0.0500000 0.0687500
6 0.5656250 0.1886719 0.0677083 0.0882813
6 0.3927083 0.6171875 0.0729167 0.0687500
