3 0.6234375 0.3960938 0.0187500 0.0453125
4 0.8044271 0.7601562 0.0432292 0.0281250
0 0.3341146 0.5476562 0.0223958 0.0625000
3 0.3041667 0.6480469 0.0239583 0.0585938
0 0.5885417 0.7281250 0.0385417 0.0343750
2 0.3721354 0.3785156 0.0411458 0.0320312
0 0.4822917 0.4359375 0.0302083 0.0359375
5 0.4747396 0.4511719 0.0244792 0.0320312
5 0.6354167 0.2921875 0.0468750 0.0312500
4 0.2372396 0.5097656 0.0223958 0.0539063
10 0.2921875 0.4953125 0.0270833 0.0421875
10 0.2526042 0.7015625 0.0333333 0.0359375
10 0.2867188 0.6589844 0.0369792 0.0367188
