4 0.3572917 0.4031250 0.0145833 0.0187500
4 0.2692708 0.6707031 0.0208333 0.0320312
2 0.4270833 0.6917969 0.0166667 0.0210938
2 0.5734375 0.2300781 0.0260417 0.0195312
1 0.3843750 0.5617188 0.0239583 0.0171875
3 0.5309896 0.4898438 0.0265625 0.0265625
2 0.7752604 0.5593750 0.0265625 0.0312500
0 0.3661458 0.8011719 0.0135417 0.0335937
0 0.6812500 0.6257812 0.0239583 0.0234375
1 0.6541667 0.6261719 0.0250000 0.0195312
3 0.5539063 0.7281250 0.0255208 0.0171875
0 0.4906250 0.4437500 0.0239583 0.0171875
1 0.4684896 0.4152344 0.0244792 0.0179687
0 0.3018229 0.3566406 0.0255208 0.0242188
5 0.3343750 0.7292969 0.0135417 0.0179687
0 0.5164062 0.7667969 0.0192708 0.0148437
4 0.5554687 0.7335938 0.0119792 0.0234375
2 0.4226563 0.5921875 0.0223958 0.0265625
2 0.4507813 0.4296875 0.0130208 0.0218750
1 0.3236979 0.6351562 0.0234375 0.0218750
2 0.4372396 0.4636719 0.0182292 0.0289063
0 0.6895833 0.3898437 0.0250000 0.0203125
5 0.6625000 0.6664062 0.0270833 0.0265625
3 0.6062500 0.3593750 0.0166667 0.0265625
3 0.5294271 0.1910156 0.0265625 0.0179687
5 0.2625000 0.4957031 0.0291667 0.0210938
4 0.5609375 0.1085938 0.0156250 0.0312500
0 0.3255208 0.2992187 0.0177083 0.0265625
1 0.6354167 0.6976562 0.0229167 0.0203125
4 0.4778646 0.4269531 0.0265625 0.0195312
4 0.3755208 0.5511719 0.0125000 0.0257812
2 0.4875000 0.6359375 0.0177083 0.0234375
1 0.5971354 0.4558594 0.0286458 0.0195312
4 0.6705729 0.4964844 0.0234375 0.0210938
1 0.6546875 0.4808594 0.0125000 0.0304687
4 0.3158854 0.5472656 0.0130208 0.0226562
3 0.4838542 0.0859375 0.0229167 0.0343750
0 0.3830729 0.3703125 0.0182292 0.0218750
5 0.3658854 0.6035156 0.0255208 0.0179687
3 0.4580729 0.5312500 0.0203125 0.0203125
5 0.4614583 0.4144531 0.0156250 0.0179687
3 0.3158854 0.5976562 0.0192708 0.0296875
2 0.4695313 0.5847656 0.0151042 0.0226562
5 0.3140625 0.4703125 0.0197917 0.0218750
0 0.7049479 0.2492187 0.0296875 0.0250000
1 0.3942708 0.2664063 0.0250000 0.0250000
5 0.4927083 0.4882812 0.0145833 0.0203125
1 0.5000000 0.8152344 0.0187500 0.0304687
5 0.5888021 0.2164062 0.0140625 0.0390625
9 0.3046875 0.2070312 0.0166667 0.0375000
6 0.5927083 0.7781250 0.0166667 0.0250000
6 0.7750000 0.2914062 0.0270833 0.0265625
9 0.6783854 0.4585938 0.0192708 0.0250000
8 0.5088542 0.4019531 0.0250000 0.0289063
8 0.5515625 0.8070312 0.0260417 0.0265625
11 0.7283854 0.6433594 0.0276042 0.0335937
9 0.7289062 0.5675781 0.0255208 0.0242188
8 0.2783854 0.7324219 0.0244792 0.0289063
10 0.4510417 0.1218750 0.0250000 0.0312500
11 0.7343750 0.1691406 0.0250000 0.0320312
6 0.7473958 0.4996094 0.0197917 0.0320312
10 0.5489583 0.6679688 0.0229167 0.0218750
6 0.5309896 0.5882812 0.0223958 0.0250000
