1 0.4776042 0.7503906 0.0302083 0.0742188
1 0.6716146 0.7949219 0.0484375 0.0398437
2 0.3885417 0.4425781 0.0250000 0.0710937
5 0.7476563 0.2921875 0.0463542 0.0437500
4 0.3666667 0.6828125 0.0260417 0.0296875
3 0.6700521 0.5171875 0.0473958 0.0375000
0 0.7317708 0.3191406 0.0208333 0.0476562
3 0.4429688 0.2789063 0.0515625 0.0375000
4 0.4880208 0.8207031 0.0395833 0.0648438
4 0.2710938 0.5007812 0.0505208 0.0406250
3 0.5716146 0.4371094 0.0411458 0.0351562
2 0.3919271 0.9023438 0.0255208 0.0734375
2 0.2473958 0.5335937 0.0520833 0.0500000
2 0.6080729 0.6187500 0.0296875 0.0656250
4 0.6406250 0.4410156 0.0239583 0.0382813
5 0.5812500 0.6347656 0.0229167 0.0757812
3 0.5851563 0.1660156 0.0328125 0.0398437
5 0.7986979 0.6332031 0.0442708 0.0554687
2 0.6908854 0.3062500 0.0536458 0.0296875
2 0.5684896 0.3359375 0.0307292 0.0406250
4 0.5432292 0.3152344 0.0197917 0.0664062
5 0.6242188 0.2425781 0.0463542 0.0351562
3 0.2968750 0.5050781 0.0458333 0.0320312
4 0.4710937 0.6812500 0.0255208 0.0375000
1 0.5830729 0.5332031 0.0463542 0.0523438
5 0.3658854 0.5882812 0.0442708 0.0468750
2 0.4260417 0.7886719 0.0343750 0.0429688
5 0.5177083 0.1847656 0.0479167 0.0382813
3 0.5125000 0.6140625 0.0354167 0.0515625
2 0.3270833 0.2460938 0.0531250 0.0390625
4 0.3914063 0.7933594 0.0421875 0.0414062
5 0.7236979 0.7675781 0.0473958 0.0445313
5 0.2445313 0.3000000 0.0515625 0.0328125
0 0.5757813 0.1488281 0.0317708 0.0382813
0 0.7408854 0.3503906 0.0234375 0.0695313
4 0.5971354 0.5117188 0.0255208 0.0640625
4 0.6731771 0.4367187 0.0276042 0.0812500
2 0.6757812 0.6042969 0.0526042 0.0414062
1 0.6312500 0.4027344 0.0322917 0.0460938
0 0.4294271 0.5031250 0.0213542 0.0562500
0 0.4421875 0.2460938 0.0177083 0.0390625
5 0.7513021 0.5988281 0.0546875 0.0382813
4 0.6768229 0.6136719 0.0338542 0.0445313
5 0.3713542 0.7445312 0.0541667 0.0343750
4 0.3669271 0.2640625 0.0484375 0.0421875
3 0.6674479 0.3660156 0.0494792 0.0335937
0 0.6825521 0.2351563 0.0255208 0.0750000
5 0.5442708 0.2660156 0.0468750 0.0367188
2 0.7572917 0.3890625 0.0552083 0.0375000
1 0.4723958 0.4972656 0.0447917 0.0320312
0 0.4864583 0.5285156 0.0375000 0.0351562
0 0.5098958 0.2300781 0.0312500 0.0320312
2 0.3031250 0.5156250 0.0489583 0.0343750
4 0.5979167 0.5562500 0.0250000 0.0328125
2 0.5013021 0.8234375 0.0390625 0.0421875
3 0.4377604 0.4164062 0.0213542 0.0421875
2 0.2291667 0.6359375 0.0520833 0.0453125
4 0.4427083 0.3316406 0.0312500 0.0789062
3 0.7903646 0.6406250 0.0296875 0.0375000
0 0.6880208 0.7593750 0.0312500 0.0578125
3 0.6700521 0.3832031 0.0536458 0.0367188
0 0.5367188 0.4437500 0.0494792 0.0531250
4 0.4354167 0.5339844 0.0541667 0.0382813
3 0.7020833 0.7335938 0.0312500 0.0750000
4 0.6395833 0.5582031 0.0500000 0.0539063
2 0.6200521 0.6691406 0.0348958 0.0742188
8 0.4270833 0.3667969 0.0291667 0.0585938
10 0.4348958 0.8386719 0.0312500 0.0648438
11 0.7286458 0.7316406 0.0458333 0.0601563
7 0.6260417 0.9785156 0.0489583 0.0414062
10 0.7119792 0.7406250 0.0500000 0.0562500
9 0.5947917 0.7085938 0.0291667 0.0593750
