4 0.2783854 0.3218750 0.1161458 0.2515625
2 0.6914062 0.6308594 0.1619792 0.1132812
5 0.7986979 0.2578125 0.1734375 0.1140625
1 0.5942708 0.4667969 0.1218750 0.2304688
4 0.5302083 0.3679688 0.1625000 0.1171875
4 0.6148438 0.3546875 0.1661458 0.1109375
2 0.7479167 0.5902344 0.1729167 0.1226562
1 0.5197917 0.4136719 0.1656250 0.1320312
3 0.7348958 0.5273438 0.1052083 0.2375000
9 0.6744792 0.0847656 0.1520833 0.1695312
7 0.7054687 0.7292969 0.1005208 0.2351563
10 0.5901042 0.3050781 0.1343750 0.1648438
6 0.5643229 0.6285156 0.0984375 0.1320312
10 0.5690104 0.4914062 0.1276042 0.1515625
9 0.2416667 0.4550781 0.1333333 0.1476562
