0 0.6231771 0.5339844 0.0359375 0.0414062
4 0.5489583 0.5179687 0.0489583 0.0515625
0 0.5341146 0.5726562 0.0546875 0.0390625
0 0.5341146 0.4347656 0.0588542 0.0601563
0 0.6526042 0.4890625 0.0562500 0.0437500
0 0.6093750 0.4265625 0.0625000 0.0437500
2 0.7250000 0.6636719 0.0291667 0.0507812
1 0.4880208 0.7917969 0.0510417 0.0398437
5 0.5041667 0.6226563 0.0489583 0.0593750
1 0.5130208 0.7875000 0.0333333 0.0750000
5 0.6010417 0.5140625 0.0479167 0.0390625
1 0.3614583 0.5410156 0.0250000 0.0492187
4 0.5421875 0.6046875 0.0281250 0.0421875
5 0.5565104 0.4492188 0.0359375 0.0781250
1 0.5471354 0.8773437 0.0338542 0.0531250
1 0.5343750 0.3175781 0.0562500 0.0414062
2 0.3354167 0.2589844 0.0239583 0.0476562
5 0.6804687 0.3636719 0.0536458 0.0367188
5 0.4356771 0.7824219 0.0598958 0.0570312
1 0.4507813 0.6238281 0.0473958 0.0429688
1 0.3119792 0.3437500 0.0458333 0.0390625
4 0.7786458 0.5980469 0.0270833 0.0882813
1 0.2309896 0.7992187 0.0567708 0.0375000
4 0.5773438 0.5015625 0.0453125 0.0671875
5 0.3755208 0.3378906 0.0395833 0.0445313
0 0.6994792 0.7246094 0.0614583 0.0398437
1 0.4054687 0.6136719 0.0526042 0.0460938
0 0.4234375 0.1898438 0.0552083 0.0437500
4 0.4757812 0.7226562 0.0380208 0.0765625
5 0.3432292 0.2273438 0.0593750 0.0468750
1 0.2125000 0.6214844 0.0458333 0.0445313
3 0.5929688 0.7968750 0.0453125 0.0687500
5 0.4721354 0.6363281 0.0432292 0.0523438
2 0.5166667 0.3847656 0.0218750 0.0664062
3 0.6669271 0.7355469 0.0234375 0.0382813
3 0.4119792 0.8886719 0.0375000 0.0445313
0 0.5367188 0.2015625 0.0463542 0.0453125
5 0.5625000 0.3867188 0.0281250 0.0656250
5 0.3802083 0.8718750 0.0270833 0.0609375
4 0.5744792 0.9613281 0.0416667 0.0460938
3 0.3635417 0.4351563 0.0437500 0.0500000
4 0.6828125 0.6425781 0.0500000 0.0351562
2 0.6489583 0.4246094 0.0312500 0.0429688
5 0.4932292 0.8601562 0.0562500 0.0390625
4 0.5924479 0.6714844 0.0494792 0.0367188
0 0.5361979 0.2617188 0.0526042 0.0328125
5 0.5888021 0.4437500 0.0494792 0.0640625
0 0.4437500 0.8214844 0.0552083 0.0351562
1 0.5640625 0.6292969 0.0250000 0.0804688
4 0.4575521 0.2820313 0.0390625 0.0640625
5 0.2820313 0.4269531 0.0536458 0.0585938
0 0.4247396 0.3765625 0.0213542 0.0484375
0 0.7708333 0.6011719 0.0510417 0.0492187
7 0.6453125 0.5042969 0.0531250 0.0632812
7 0.3919271 0.2933594 0.0401042 0.0867187
7 0.7388021 0.3574219 0.0348958 0.0476562
7 0.6455729 0.6992188 0.0411458 0.0546875
8 0.5830729 0.5003906 0.0536458 0.0523438
11 0.6583333 0.1769531 0.0552083 0.0539063
6 0.3294271 0.4621094 0.0369792 0.0492187
9 0.6895833 0.4093750 0.0552083 0.0625000
10 0.6661458 0.3828125 0.0479167 0.0812500
9 0.6372396 0.6019531 0.0526042 0.0726563
6 0.6109375 0.5964844 0.0510417 0.0507812
11 0.5867187 0.5765625 0.0494792 0.0781250
11 0.5729167 0.5875000 0.0552083 0.0593750
8 0.3263021 0.4832031 0.0526042 0.0507812
10 0.4041667 0.8804688 0.0333333 0.0781250
11 0.5854167 0.8511719 0.0479167 0.0476562
8 0.4549479 0.6730469 0.0505208 0.0726563
6 0.4335938 0.7554688 0.0494792 0.0750000
