5 0.6221354 0.5363281 0.0515625 0.0898438
5 0.5648437 0.4136719 0.0536458 0.1101562
1 0.3632812 0.6257812 0.0421875 0.1015625
0 0.3203125 0.3484375 0.0843750 0.0609375
0 0.6567708 0.5585938 0.0343750 0.1015625
0 0.4929688 0.2960937 0.0411458 0.1203125
4 0.5239583 0.4785156 0.0750000 0.0695313
1 0.6033854 0.1535156 0.0494792 0.1164063
4 0.3552083 0.5968750 0.0739583 0.0515625
4 0.6453125 0.6796875 0.0781250 0.0484375
2 0.3054688 0.3164062 0.0557292 0.0890625
1 0.5210938 0.1453125 0.0494792 0.0796875
0 0.6302083 0.4085937 0.0635417 0.1015625
1 0.2559896 0.7683594 0.0723958 0.0632812
0 0.7804688 0.2839844 0.0786458 0.0554687
1 0.4981771 0.5738281 0.0432292 0.0820312
5 0.6802083 0.1054688 0.0781250 0.0625000
0 0.6526042 0.4210937 0.0416667 0.1328125
3 0.6427083 0.7285156 0.0562500 0.0851563
1 0.6861979 0.5957031 0.0859375 0.0710937
1 0.6080729 0.6500000 0.0411458 0.1031250
1 0.5997396 0.6628906 0.0380208 0.1242188
2 0.6177083 0.9433594 0.0718750 0.0992187
3 0.4218750 0.4937500 0.0354167 0.0890625
1 0.4356771 0.2734375 0.0442708 0.0687500
4 0.6789063 0.6246094 0.0765625 0.0476562
2 0.4643229 0.7636719 0.0786458 0.0726563
5 0.3250000 0.6812500 0.0614583 0.0500000
1 0.6718750 0.5875000 0.0708333 0.0546875
0 0.4973958 0.1652344 0.0458333 0.1320312
0 0.4192708 0.3082031 0.0656250 0.0773438
3 0.5041667 0.4761719 0.0614583 0.1273438
2 0.3255208 0.4109375 0.0781250 0.0953125
5 0.5174479 0.2089844 0.0557292 0.0851563
4 0.6716146 0.6515625 0.0838542 0.0687500
2 0.4140625 0.2203125 0.0479167 0.0796875
2 0.5187500 0.8816406 0.0802083 0.0507812
2 0.4604167 0.7015625 0.0489583 0.1015625
4 0.6580729 0.7589844 0.0828125 0.0679687
5 0.6174479 0.2238281 0.0578125 0.1054688
4 0.5833333 0.7375000 0.0500000 0.1125000
3 0.6523438 0.3796875 0.0838542 0.0625000
5 0.4903646 0.2656250 0.0390625 0.1218750
2 0.5585938 0.3410156 0.0473958 0.0742188
0 0.7489583 0.7390625 0.0875000 0.0578125
5 0.5403646 0.7453125 0.0578125 0.0640625
2 0.7575521 0.5933594 0.0401042 0.0789062
2 0.2341146 0.4000000 0.0755208 0.0875000
3 0.6393229 0.3332031 0.0505208 0.1054688
0 0.7760417 0.3906250 0.0718750 0.0843750
2 0.4078125 0.3562500 0.0354167 0.1312500
1 0.4705729 0.2917969 0.0432292 0.0601563
5 0.3859375 0.7906250 0.0500000 0.1109375
1 0.6695313 0.4941406 0.0838542 0.0804688
2 0.4205729 0.1699219 0.0442708 0.1132812
2 0.5627604 0.8644531 0.0463542 0.1257813
0 0.6273437 0.5121094 0.0619792 0.0914062
3 0.3393229 0.4289062 0.0692708 0.0656250
4 0.6221354 0.5550781 0.0567708 0.1257813
5 0.5804687 0.4835937 0.0557292 0.0671875
1 0.3789062 0.2425781 0.0796875 0.0570312
0 0.6354167 0.6585937 0.0416667 0.1187500
4 0.5169271 0.5808594 0.0828125 0.0757812
0 0.7453125 0.6214844 0.0770833 0.0585938
3 0.4877604 0.2406250 0.0588542 0.1015625
7 0.4200521 0.5109375 0.0703125 0.0984375
11 0.6677083 0.3390625 0.0791667 0.0765625
10 0.5382813 0.7765625 0.0630208 0.0781250
9 0.7309896 0.4843750 0.0755208 0.0765625
10 0.5401042 0.5468750 0.0781250 0.1015625
11 0.6236979 0.5207031 0.0880208 0.0882813
10 0.6903646 0.3734375 0.0473958 0.1078125
6 0.3033854 0.7730469 0.0786458 0.0929688
8 0.6570312 0.1851562 0.0776042 0.0921875
8 0.3085938 0.5242187 0.0526042 0.1015625
8 0.6109375 0.2570312 0.0770833 0.1015625
10 0.6606771 0.2992187 0.0807292 0.0984375
8 0.6065104 0.7750000 0.0765625 0.1062500
7 0.6382813 0.2300781 0.0713542 0.0710937
6 0.7507812 0.2945313 0.0817708 0.0812500
