4 0.4760417 0.2519531 0.0239583 0.0289063
3 0.4309896 0.6082031 0.0182292 0.0226562
2 0.2979167 0.6632813 0.0260417 0.0390625
1 0.3507812 0.4183594 0.0307292 0.0273438
4 0.5179687 0.2074219 0.0130208 0.0476562
4 0.5200521 0.5097656 0.0317708 0.0210938
2 0.4833333 0.2757812 0.0187500 0.0468750
5 0.5197917 0.7570313 0.0197917 0.0406250
2 0.5567708 0.3250000 0.0177083 0.0281250
3 0.7479167 0.6484375 0.0260417 0.0203125
1 0.3359375 0.7511719 0.0135417 0.0367188
5 0.3539062 0.4507813 0.0151042 0.0265625
2 0.3822917 0.6265625 0.0197917 0.0234375
0 0.4723958 0.4484375 0.0218750 0.0234375
4 0.5820312 0.5515625 0.0307292 0.0218750
0 0.3195312 0.4710937 0.0265625 0.0203125
3 0.6880208 0.5183594 0.0187500 0.0460938
2 0.5250000 0.2503906 0.0270833 0.0320312
1 0.5117188 0.4332031 0.0182292 0.0414062
1 0.5843750 0.8042969 0.0166667 0.0242188
4 0.3674479 0.7464844 0.0223958 0.0429688
3 0.5804687 0.8562500 0.0203125 0.0375000
4 0.6158854 0.2855469 0.0328125 0.0242188
5 0.2898438 0.4722656 0.0328125 0.0320312
5 0.6455729 0.3437500 0.0286458 0.0421875
5 0.2153646 0.5093750 0.0161458 0.0375000
1 0.3994792 0.3199219 0.0260417 0.0273438
5 0.3236979 0.7878906 0.0328125 0.0242188
4 0.7726563 0.3902344 0.0203125 0.0257812
4 0.5973958 0.8066406 0.0156250 0.0242188
5 0.7177083 0.6441406 0.0260417 0.0429688
5 0.7234375 0.4347656 0.0270833 0.0414062
2 0.4976563 0.5906250 0.0276042 0.0250000
5 0.4190104 0.1882813 0.0223958 0.0328125
0 0.4526042 0.6828125 0.0239583 0.0406250
2 0.5471354 0.4636719 0.0328125 0.0226562
2 0.3130208 0.6445312 0.0250000 0.0281250
4 0.2252604 0.5070313 0.0244792 0.0296875
5 0.4411458 0.1800781 0.0187500 0.0414062
3 0.5330729 0.4433594 0.0182292 0.0242188
3 0.6981771 0.3675781 0.0317708 0.0304687
3 0.5942708 0.2894531 0.0145833 0.0429688
3 0.6065104 0.3730469 0.0244792 0.0476562
2 0.4591146 0.6601562 0.0223958 0.0468750
5 0.6078125 0.6363281 0.0312500 0.0226562
2 0.3888021 0.7777344 0.0244792 0.0445313
5 0.5830729 0.4820313 0.0213542 0.0375000
5 0.4216146 0.4925781 0.0307292 0.0257812
5 0.6294271 0.9238281 0.0234375 0.0226562
3 0.3255208 0.1722656 0.0333333 0.0242188
3 0.4156250 0.5929688 0.0218750 0.0203125
1 0.7078125 0.6332031 0.0322917 0.0257812
2 0.3968750 0.1832031 0.0218750 0.0398437
1 0.5111979 0.3203125 0.0286458 0.0281250
4 0.5643229 0.3074219 0.0203125 0.0273438
3 0.5520833 0.7230469 0.0208333 0.0429688
5 0.2421875 0.4128906 0.0322917 0.0242188
6 0.4346354 0.7914062 0.0317708 0.0312500
9 0.6940104 0.7089844 0.0296875 0.0429688
10 0.6062500 0.5429688 0.0270833 0.0265625
10 0.7098958 0.1601562 0.0312500 0.0296875
6 0.6505208 0.3332031 0.0302083 0.0320312
7 0.6955729 0.6332031 0.0203125 0.0460938
