4 0.4174479 0.5785156 0.0265625 0.0398437
0 0.5226563 0.5167969 0.0296875 0.0492187
5 0.4692708 0.1707031 0.0281250 0.0367188
5 0.5638021 0.6933594 0.0401042 0.0335937
2 0.6221354 0.2046875 0.0213542 0.0609375
4 0.6492187 0.7203125 0.0244792 0.0359375
0 0.4658854 0.3839844 0.0223958 0.0585938
3 0.5286458 0.7503906 0.0250000 0.0539063
3 0.5354167 0.4089844 0.0343750 0.0351562
5 0.6169271 0.4535156 0.0453125 0.0367188
5 0.2333333 0.6121094 0.0333333 0.0382813
2 0.6390625 0.8675781 0.0354167 0.0414062
5 0.4776042 0.5855469 0.0312500 0.0289063
4 0.6708333 0.2203125 0.0156250 0.0578125
3 0.4627604 0.2347656 0.0390625 0.0273438
3 0.4851563 0.3441406 0.0369792 0.0242188
4 0.5981771 0.5078125 0.0411458 0.0281250
0 0.5268229 0.6562500 0.0286458 0.0593750
4 0.6354167 0.5882812 0.0385417 0.0218750
5 0.5192708 0.6269531 0.0291667 0.0507812
2 0.3567708 0.7339844 0.0218750 0.0382813
2 0.6145833 0.1835938 0.0177083 0.0609375
3 0.6520833 0.2765625 0.0197917 0.0531250
0 0.6479167 0.5179687 0.0208333 0.0500000
2 0.5070313 0.6214844 0.0213542 0.0539063
3 0.3617187 0.2980469 0.0234375 0.0398437
1 0.5666667 0.4625000 0.0239583 0.0437500
1 0.5859375 0.5054688 0.0229167 0.0375000
5 0.3901042 0.1730469 0.0291667 0.0429688
3 0.6007813 0.1203125 0.0348958 0.0343750
0 0.5557292 0.4734375 0.0416667 0.0312500
4 0.6700521 0.5652344 0.0171875 0.0351562
4 0.5398437 0.4160156 0.0401042 0.0320312
0 0.6690104 0.7164063 0.0276042 0.0562500
2 0.3414063 0.3917969 0.0265625 0.0257812
2 0.4664063 0.2726562 0.0296875 0.0421875
4 0.5830729 0.4199219 0.0265625 0.0492187
1 0.4544271 0.6843750 0.0223958 0.0625000
3 0.6880208 0.5175781 0.0208333 0.0304687
1 0.6002604 0.2730469 0.0192708 0.0351562
2 0.5526042 0.3933594 0.0312500 0.0273438
4 0.4393229 0.6015625 0.0213542 0.0625000
0 0.6346354 0.3699219 0.0411458 0.0320312
3 0.4872396 0.7125000 0.0348958 0.0281250
1 0.6505208 0.4449219 0.0395833 0.0320312
3 0.4682292 0.1285156 0.0229167 0.0632812
3 0.2783854 0.4875000 0.0421875 0.0343750
4 0.5450521 0.5167969 0.0411458 0.0304687
2 0.2778646 0.5523438 0.0432292 0.0343750
5 0.4778646 0.5351562 0.0213542 0.0515625
5 0.5497396 0.3156250 0.0390625 0.0328125
3 0.5111979 0.7953125 0.0182292 0.0343750
5 0.4763021 0.1804688 0.0203125 0.0281250
4 0.3169271 0.4957031 0.0338542 0.0539063
3 0.4289062 0.4187500 0.0234375 0.0625000
5 0.5320312 0.4855469 0.0348958 0.0367188
2 0.3500000 0.1375000 0.0395833 0.0281250
5 0.6950521 0.0824219 0.0307292 0.0460938
5 0.4052083 0.2796875 0.0218750 0.0453125
5 0.5098958 0.1347656 0.0270833 0.0585938
0 0.3864583 0.5093750 0.0406250 0.0296875
1 0.3994792 0.2250000 0.0250000 0.0421875
1 0.6981771 0.3121094 0.0390625 0.0320312
2 0.5187500 0.2292969 0.0354167 0.0398437
0 0.4322917 0.2429688 0.0218750 0.0468750
6 0.6164063 0.3500000 0.0359375 0.0421875
6 0.6802083 0.5843750 0.0333333 0.0343750
7 0.5419271 0.8277344 0.0338542 0.0382813
7 0.5453125 0.1285156 0.0312500 0.0601563
9 0.3546875 0.3898437 0.0239583 0.0500000
10 0.3848958 0.5871094 0.0239583 0.0554687
9 0.2609375 0.7632813 0.0416667 0.0484375
9 0.6151042 0.8261719 0.0375000 0.0382813
