2 0.6052083 0.3089844 0.0239583 0.0351562
3 0.5437500 0.2523437 0.0239583 0.0500000
2 0.7385417 0.7808594 0.0364583 0.0304687
7 0.6187500 0.4539063 0.0354167 0.0375000
6 0.2986979 0.4929688 0.0296875 0.0484375
6 0.3505208 0.3835938 0.0239583 0.0390625
7 0.5041667 0.5359375 0.0343750 0.0343750
10 0.6317708 0.7894531 0.0312500 0.0367188
10 0.6294271 0.4855469 0.0317708 0.0304687
9 0.5356771 0.6828125 0.0369792 0.0500000
7 0.4151042 0.0371094 0.0291667 0.0445313
10 0.6833333 0.6710938 0.0343750 0.0328125
11 0.5244792 0.4273438 0.0250000 0.0453125
10 0.6825521 0.4753906 0.0234375 0.0523438
9 0.3098958 0.5062500 0.0333333 0.0312500
6 0.5872396 0.8152344 0.0296875 0.0445313
7 0.3502604 0.4687500 0.0276042 0.0406250
11 0.7005208 0.2464844 0.0302083 0.0335937
10 0.6005208 0.7667969 0.0343750 0.0335937
6 0.6411458 0.4980469 0.0375000 0.0367188
6 0.5924479 0.4050781 0.0223958 0.0460938
