4 0.5453125 0.3906250 0.0750000 0.0421875
5 0.4695313 0.6750000 0.0598958 0.0578125
3 0.4885417 0.2410156 0.0385417 0.1085938
1 0.6354167 0.6136719 0.0406250 0.0710937
4 0.3875000 0.1921875 0.0333333 0.0515625
0 0.2838542 0.4324219 0.0677083 0.0476562
2 0.6919271 0.3523438 0.0682292 0.0546875
0 0.2648437 0.2320312 0.0765625 0.0578125
5 0.6432292 0.3875000 0.0781250 0.0625000
2 0.4424479 0.3839844 0.0671875 0.0539063
5 0.5695313 0.3031250 0.0526042 0.0890625
1 0.5757813 0.2648437 0.0390625 0.0453125
2 0.4434896 0.5542969 0.0484375 0.1039063
3 0.4484375 0.7847656 0.0697917 0.0539063
5 0.5687500 0.1445312 0.0385417 0.0531250
1 0.5697917 0.7894531 0.0489583 0.0960938
0 0.3161458 0.5316406 0.0364583 0.0726563
3 0.5924479 0.3484375 0.0692708 0.0437500
1 0.5880208 0.1347656 0.0354167 0.0445313
3 0.3143229 0.4843750 0.0713542 0.0546875
5 0.5328125 0.4007812 0.0708333 0.0515625
0 0.4007812 0.5703125 0.0380208 0.0859375
1 0.5484375 0.4792969 0.0645833 0.0679687
2 0.4338542 0.3156250 0.0427083 0.0593750
0 0.5825521 0.3078125 0.0796875 0.0625000
1 0.2950521 0.3140625 0.0786458 0.0531250
5 0.5317708 0.1539062 0.0510417 0.0953125
4 0.4796875 0.7046875 0.0312500 0.0609375
3 0.3750000 0.5531250 0.0666667 0.0578125
2 0.7914062 0.7675781 0.0348958 0.0851563
4 0.5208333 0.1855469 0.0593750 0.0648438
3 0.7919271 0.4398437 0.0703125 0.0515625
2 0.5309896 0.5562500 0.0526042 0.0515625
1 0.3091146 0.4945312 0.0671875 0.0484375
0 0.3098958 0.4269531 0.0781250 0.0601563
2 0.7187500 0.7195312 0.0395833 0.0953125
4 0.7539062 0.4894531 0.0484375 0.0742188
4 0.5533854 0.1937500 0.0442708 0.1109375
4 0.2630208 0.4675781 0.0395833 0.0867187
5 0.4382813 0.7136719 0.0661458 0.0460938
1 0.5854167 0.6308594 0.0416667 0.0570312
3 0.4903646 0.7039062 0.0494792 0.0531250
0 0.4406250 0.6125000 0.0479167 0.1046875
4 0.3734375 0.3222656 0.0489583 0.1023437
4 0.6419271 0.4437500 0.0453125 0.1062500
4 0.6033854 0.4058594 0.0369792 0.0757812
1 0.5442708 0.6246094 0.0708333 0.0398437
4 0.4250000 0.3953125 0.0416667 0.0671875
2 0.4687500 0.5082031 0.0812500 0.0617188
2 0.6098958 0.3812500 0.0718750 0.0625000
4 0.3432292 0.8003906 0.0635417 0.0601563
4 0.6325521 0.2824219 0.0619792 0.0492187
2 0.5734375 0.2617188 0.0708333 0.0515625
11 0.4916667 0.1265625 0.0625000 0.0984375
10 0.2494792 0.5152344 0.0635417 0.0632812
7 0.6002604 0.2230469 0.0578125 0.1101562
10 0.5572917 0.4687500 0.0677083 0.0687500
9 0.7036458 0.5664062 0.0708333 0.0890625
7 0.4354167 0.7128906 0.0416667 0.0960938
8 0.6776042 0.3710938 0.0729167 0.0796875
9 0.2664063 0.2359375 0.0661458 0.0640625
9 0.6322917 0.6308594 0.0406250 0.0617188
6 0.4033854 0.2808594 0.0630208 0.0617188
10 0.5197917 0.3207031 0.0729167 0.0789062
6 0.7098958 0.6343750 0.0750000 0.0718750
9 0.4104167 0.6773438 0.0593750 0.0984375
7 0.2867188 0.3328125 0.0411458 0.0890625
