3 0.3804688 0.6660156 0.0171875 0.0335937
1 0.3098958 0.6398438 0.0364583 0.0296875
0 0.4497396 0.4902344 0.0171875 0.0351562
0 0.6270833 0.4085937 0.0281250 0.0390625
1 0.5020833 0.4425781 0.0302083 0.0273438
0 0.7229167 0.6855469 0.0208333 0.0492187
0 0.6195312 0.6234375 0.0380208 0.0265625
4 0.7216146 0.3867188 0.0380208 0.0296875
1 0.5981771 0.3601563 0.0348958 0.0281250
1 0.6210938 0.2558594 0.0369792 0.0273438
4 0.3825521 0.6957031 0.0359375 0.0304687
1 0.3856771 0.5171875 0.0223958 0.0343750
2 0.4013021 0.5570312 0.0380208 0.0421875
3 0.6721354 0.6265625 0.0338542 0.0359375
3 0.4815104 0.6683594 0.0328125 0.0289063
3 0.7190104 0.4031250 0.0401042 0.0328125
3 0.3598958 0.8445312 0.0187500 0.0343750
3 0.7023438 0.4847656 0.0276042 0.0367188
2 0.6182292 0.6597656 0.0197917 0.0304687
5 0.6924479 0.2183594 0.0380208 0.0226562
0 0.5265625 0.7199219 0.0312500 0.0320312
5 0.4710937 0.4703125 0.0359375 0.0343750
1 0.3651042 0.4503906 0.0354167 0.0242188
0 0.5190104 0.2625000 0.0213542 0.0359375
2 0.3747396 0.7835937 0.0390625 0.0234375
4 0.3739583 0.3062500 0.0239583 0.0375000
11 0.3171875 0.2816406 0.0229167 0.0523438
8 0.3489583 0.5101562 0.0364583 0.0406250
7 0.3330729 0.6015625 0.0234375 0.0484375
11 0.7239583 0.2847656 0.0364583 0.0414062
10 0.6567708 0.5343750 0.0218750 0.0437500
8 0.5507812 0.7554688 0.0369792 0.0406250
6 0.2281250 0.5488281 0.0343750 0.0335937
9 0.6481771 0.5679688 0.0317708 0.0328125
11 0.3518229 0.8132812 0.0359375 0.0343750
9 0.7268229 0.7148438 0.0359375 0.0406250
8 0.3140625 0.5558594 0.0218750 0.0335937
