5 0.5906250 0.5988281 0.0656250 0.0695313
5 0.6559896 0.7171875 0.1015625 0.0734375
5 0.4768229 0.8742188 0.0734375 0.1140625
1 0.5057292 0.6054688 0.1020833 0.0843750
1 0.3471354 0.4683594 0.0901042 0.0789062
3 0.4080729 0.5125000 0.0640625 0.0796875
3 0.3111979 0.8109375 0.0942708 0.0687500
0 0.5882812 0.7585937 0.0744792 0.0796875
5 0.6653646 0.5457031 0.1036458 0.0710937
5 0.6781250 0.1070312 0.0562500 0.1453125
5 0.7312500 0.7785156 0.0979167 0.0695313
2 0.5302083 0.4945312 0.0510417 0.0703125
5 0.7270833 0.6460938 0.0562500 0.0671875
2 0.4757812 0.3718750 0.0546875 0.0843750
1 0.6671875 0.4351563 0.0510417 0.1375000
1 0.5588542 0.3406250 0.0812500 0.1046875
3 0.2473958 0.4625000 0.0593750 0.0796875
1 0.3984375 0.7625000 0.0489583 0.0875000
10 0.2450521 0.6824219 0.0890625 0.0867187
6 0.4513021 0.8984375 0.0755208 0.1078125
