3 0.5997396 0.4417969 0.0390625 0.0585938
5 0.3684896 0.6171875 0.0484375 0.0406250
3 0.3476562 0.5191406 0.0244792 0.0695313
2 0.5713542 0.4355469 0.0458333 0.0398437
2 0.5658854 0.3664062 0.0442708 0.0296875
1 0.5424479 0.5187500 0.0463542 0.0328125
5 0.6020833 0.2429688 0.0322917 0.0687500
5 0.5812500 0.6640625 0.0479167 0.0343750
4 0.3049479 0.3671875 0.0265625 0.0312500
1 0.3880208 0.7996094 0.0458333 0.0304687
0 0.3218750 0.7382812 0.0229167 0.0718750
1 0.4932292 0.2667969 0.0375000 0.0507812
5 0.4544271 0.7046875 0.0265625 0.0718750
3 0.6630208 0.7484375 0.0427083 0.0296875
1 0.5479167 0.7062500 0.0270833 0.0546875
0 0.6164063 0.7058594 0.0401042 0.0320312
1 0.4744792 0.4781250 0.0229167 0.0421875
3 0.3166667 0.7843750 0.0218750 0.0578125
0 0.6091146 0.5332031 0.0328125 0.0273438
5 0.3838542 0.4367187 0.0312500 0.0593750
2 0.6882812 0.3546875 0.0265625 0.0484375
3 0.5434896 0.5160156 0.0473958 0.0335937
3 0.4880208 0.3902344 0.0468750 0.0398437
4 0.5046875 0.4503906 0.0416667 0.0335937
3 0.6367188 0.8429688 0.0244792 0.0656250
4 0.6393229 0.6488281 0.0401042 0.0367188
2 0.7234375 0.4566406 0.0281250 0.0414062
5 0.4380208 0.9484375 0.0375000 0.0359375
5 0.7252604 0.3191406 0.0286458 0.0585938
4 0.6736979 0.6597656 0.0401042 0.0304687
0 0.5296875 0.4589844 0.0395833 0.0351562
2 0.7343750 0.7007813 0.0406250 0.0328125
6 0.5989583 0.5019531 0.0468750 0.0460938
6 0.4911458 0.5792969 0.0270833 0.0601563
8 0.5596354 0.5164062 0.0307292 0.0609375
9 0.5481771 0.2609375 0.0453125 0.0453125
10 0.4052083 0.4656250 0.0260417 0.0515625
7 0.6257812 0.4324219 0.0432292 0.0539063
8 0.6473958 0.7707031 0.0416667 0.0554687
9 0.6296875 0.5796875 0.0427083 0.0406250
10 0.5200521 0.7175781 0.0411458 0.0507812
6 0.6304688 0.7597656 0.0296875 0.0570312
11 0.4583333 0.2246094 0.0395833 0.0492187
8 0.5044271 0.1011719 0.0359375 0.0429688
7 0.6630208 0.8539062 0.0343750 0.0625000
11 0.3768229 0.4492188 0.0317708 0.0453125
8 0.6932292 0.3656250 0.0406250 0.0421875
10 0.5635417 0.4574219 0.0385417 0.0476562
8 0.2630208 0.4851563 0.0437500 0.0609375
6 0.5559896 0.1953125 0.0432292 0.0437500
