2 0.4846354 0.6210938 0.0848958 0.1000000
2 0.5283854 0.6894531 0.0807292 0.0960938
1 0.4526042 0.8988281 0.0656250 0.1523438
1 0.4492188 0.7078125 0.0640625 0.1203125
0 0.5575521 0.8554688 0.0578125 0.1515625
5 0.5833333 0.3675781 0.0843750 0.1554687
3 0.2820313 0.8343750 0.0723958 0.1078125
5 0.5065104 0.1234375 0.0619792 0.0781250
0 0.4234375 0.2496094 0.1104167 0.1101562
2 0.4664063 0.6468750 0.1119792 0.0765625
1 0.8242188 0.5660156 0.0890625 0.0835937
1 0.5484375 0.5929688 0.1062500 0.0828125
2 0.5679688 0.7808594 0.0984375 0.0726563
2 0.5893229 0.2222656 0.1130208 0.1195313
0 0.5265625 0.3820312 0.1010417 0.0687500
1 0.6197917 0.7390625 0.1031250 0.0906250
2 0.4195313 0.5320312 0.0536458 0.0906250
4 0.5049479 0.5468750 0.0963542 0.1218750
0 0.6960937 0.4812500 0.1119792 0.0734375
5 0.3411458 0.3878906 0.0500000 0.1257813
4 0.5893229 0.0886719 0.0776042 0.1554687
0 0.5346354 0.4296875 0.0494792 0.0796875
7 0.6497396 0.2105469 0.0942708 0.1289062
11 0.7208333 0.8406250 0.1052083 0.1046875
9 0.3380208 0.8300781 0.1125000 0.1101562
7 0.5460938 0.9320312 0.0828125 0.1343750
9 0.7005208 0.2640625 0.1187500 0.1109375
10 0.4223958 0.2179687 0.1010417 0.0984375
7 0.7908854 0.7531250 0.1088542 0.1093750
9 0.5565104 0.2378906 0.1130208 0.1585938
8 0.5981771 0.3910156 0.0786458 0.1335938
10 0.3166667 0.5707031 0.0989583 0.0976562
9 0.3218750 0.5109375 0.1031250 0.1062500
