4 0.6091146 0.6023437 0.1317708 0.2265625
1 0.4036458 0.5410156 0.1156250 0.2429688
3 0.4940104 0.7410156 0.1046875 0.1429688
3 0.6476563 0.5210938 0.1265625 0.1218750
3 0.4869792 0.3484375 0.1489583 0.1718750
3 0.5044271 0.0597656 0.1130208 0.1195313
1 0.5721354 0.3347656 0.1005208 0.1570313
0 0.5364583 0.3292969 0.1614583 0.1070312
0 0.4343750 0.7003906 0.1135417 0.2242187
4 0.3039062 0.4484375 0.1734375 0.1125000
3 0.2346354 0.7398438 0.1640625 0.1359375
2 0.6716146 0.3160156 0.1682292 0.2148438
4 0.5559896 0.5539063 0.1026042 0.1859375
3 0.1807292 0.3667969 0.1479167 0.1820313
8 0.3682292 0.5417969 0.1645833 0.1835938
8 0.6809896 0.7382812 0.1151042 0.2437500
6 0.6294271 0.7218750 0.1078125 0.1921875
7 0.5713542 0.3015625 0.1197917 0.1671875
9 0.7817708 0.8539062 0.1458333 0.1453125
9 0.5143229 0.0839844 0.0994792 0.1679688
6 0.5914063 0.4394531 0.1109375 0.1507813
8 0.4697917 0.2882812 0.0958333 0.1875000
11 0.4361979 0.2562500 0.1119792 0.2140625
9 0.7007813 0.5597656 0.1578125 0.2257812
6 0.4273438 0.9644531 0.0848958 0.0695313
8 0.5664062 0.4562500 0.1473958 0.1453125
6 0.7473958 0.6277344 0.1614583 0.1539062
