5 0.4028646 0.2199219 0.0255208 0.0195312
0 0.6072917 0.4515625 0.0250000 0.0171875
0 0.3533854 0.3957031 0.0161458 0.0335937
4 0.5437500 0.5906250 0.0145833 0.0218750
0 0.5502604 0.3085938 0.0171875 0.0390625
2 0.6210938 0.6003906 0.0255208 0.0226562
3 0.6338542 0.4312500 0.0177083 0.0281250
0 0.6015625 0.4410156 0.0270833 0.0179687
5 0.6091146 0.4882812 0.0151042 0.0203125
1 0.5625000 0.2992187 0.0260417 0.0187500
2 0.4356771 0.3527344 0.0161458 0.0210938
0 0.4614583 0.5488281 0.0270833 0.0195312
3 0.3869792 0.6785156 0.0177083 0.0414062
0 0.5572917 0.2789063 0.0218750 0.0187500
4 0.4921875 0.4980469 0.0166667 0.0320312
5 0.3049479 0.3476562 0.0244792 0.0250000
0 0.5937500 0.1824219 0.0187500 0.0226562
4 0.3005208 0.3289063 0.0208333 0.0250000
5 0.5375000 0.4062500 0.0166667 0.0250000
2 0.3940104 0.5414062 0.0213542 0.0359375
0 0.3072917 0.3164062 0.0239583 0.0250000
4 0.6669271 0.3523438 0.0276042 0.0171875
5 0.5588542 0.4968750 0.0166667 0.0296875
1 0.2455729 0.4617188 0.0203125 0.0218750
1 0.5690104 0.5527344 0.0192708 0.0304687
3 0.6872396 0.3054688 0.0255208 0.0187500
2 0.5994792 0.3429687 0.0218750 0.0218750
0 0.4786458 0.4281250 0.0208333 0.0156250
5 0.3875000 0.4972656 0.0208333 0.0257812
5 0.5247396 0.6246094 0.0255208 0.0195312
3 0.3802083 0.4687500 0.0177083 0.0296875
4 0.6531250 0.1863281 0.0156250 0.0398437
4 0.5281250 0.6039062 0.0260417 0.0171875
4 0.6854167 0.3863281 0.0177083 0.0210938
5 0.5992188 0.3933594 0.0130208 0.0242188
0 0.5674479 0.2386719 0.0265625 0.0148437
2 0.4554687 0.2750000 0.0161458 0.0234375
1 0.4523437 0.7007813 0.0171875 0.0437500
3 0.6856771 0.6277344 0.0265625 0.0226562
5 0.6437500 0.4289062 0.0281250 0.0218750
2 0.5770833 0.4578125 0.0250000 0.0187500
3 0.3809896 0.6777344 0.0244792 0.0179687
1 0.7026042 0.7339844 0.0239583 0.0242188
1 0.3278646 0.5703125 0.0234375 0.0171875
3 0.4747396 0.1812500 0.0192708 0.0296875
11 0.5377604 0.4242187 0.0171875 0.0375000
7 0.4049479 0.5425781 0.0234375 0.0273438
9 0.4773438 0.3300781 0.0234375 0.0320312
7 0.4575521 0.3972656 0.0255208 0.0242188
9 0.6492187 0.5292969 0.0192708 0.0351562
8 0.4692708 0.4046875 0.0250000 0.0281250
10 0.3609375 0.7367187 0.0156250 0.0390625
11 0.4565104 0.0605469 0.0255208 0.0320312
9 0.5286458 0.5042969 0.0177083 0.0304687
9 0.3671875 0.3984375 0.0260417 0.0250000
8 0.6000000 0.4847656 0.0250000 0.0304687
9 0.4151042 0.0570312 0.0197917 0.0375000
9 0.4421875 0.2562500 0.0218750 0.0296875
10 0.7424479 0.4062500 0.0244792 0.0265625
8 0.3750000 0.7058594 0.0260417 0.0304687
7 0.4106771 0.3605469 0.0203125 0.0351562
6 0.7171875 0.7289062 0.0166667 0.0375000
9 0.3776042 0.2230469 0.0218750 0.0382813
11 0.5450521 0.8523437 0.0265625 0.0375000
8 0.7109375 0.3882813 0.0229167 0.0359375
