1 0.5427083 0.8281250 0.0197917 0.0406250
0 0.4046875 0.6937500 0.0291667 0.0328125
3 0.6666667 0.7167969 0.0291667 0.0304687
5 0.5492187 0.0792969 0.0151042 0.0367188
1 0.5981771 0.1472656 0.0255208 0.0242188
4 0.5270833 0.4855469 0.0156250 0.0382813
2 0.6458333 0.5402344 0.0364583 0.0242188
1 0.5497396 0.9492188 0.0161458 0.0328125
1 0.6575521 0.6187500 0.0161458 0.0468750
0 0.3205729 0.2925781 0.0203125 0.0367188
2 0.6395833 0.4320312 0.0312500 0.0406250
3 0.4010417 0.6667969 0.0229167 0.0382813
0 0.2052083 0.4187500 0.0281250 0.0390625
3 0.3934896 0.6476563 0.0265625 0.0453125
4 0.3072917 0.7917969 0.0250000 0.0351562
1 0.6736979 0.7082031 0.0296875 0.0273438
2 0.4455729 0.7308594 0.0182292 0.0445313
5 0.6361979 0.3656250 0.0338542 0.0281250
1 0.6351562 0.2687500 0.0192708 0.0234375
0 0.6976562 0.6089844 0.0328125 0.0257812
0 0.5611979 0.4449219 0.0286458 0.0289063
5 0.6200521 0.7335938 0.0317708 0.0234375
3 0.6942708 0.5910156 0.0354167 0.0257812
2 0.6494792 0.5058594 0.0187500 0.0242188
4 0.4541667 0.2476562 0.0322917 0.0343750
0 0.2289063 0.5875000 0.0296875 0.0328125
2 0.3484375 0.8050781 0.0218750 0.0445313
3 0.6028646 0.3636719 0.0369792 0.0289063
10 0.5497396 0.2144531 0.0317708 0.0320312
8 0.5182292 0.2105469 0.0208333 0.0460938
8 0.4268229 0.4710937 0.0307292 0.0296875
8 0.4398437 0.5851563 0.0234375 0.0468750
10 0.3971354 0.6976562 0.0307292 0.0296875
9 0.4804688 0.1062500 0.0234375 0.0484375
9 0.5494792 0.3781250 0.0322917 0.0468750
6 0.6091146 0.7031250 0.0234375 0.0328125
11 0.6356771 0.7250000 0.0223958 0.0328125
8 0.6135417 0.3632812 0.0281250 0.0500000
7 0.5927083 0.6820312 0.0312500 0.0421875
9 0.4776042 0.2484375 0.0208333 0.0453125
