4 0.4236979 0.6824219 0.0369792 0.0320312
1 0.5005208 0.3964844 0.0364583 0.0351562
5 0.7072917 0.4382813 0.0437500 0.0359375
5 0.5630208 0.1894531 0.0312500 0.0648438
1 0.3645833 0.2199219 0.0312500 0.0257812
1 0.2830729 0.8289062 0.0411458 0.0312500
5 0.7138021 0.4261719 0.0380208 0.0382813
4 0.5028646 0.4121094 0.0463542 0.0304687
2 0.5854167 0.2507813 0.0229167 0.0671875
5 0.4898438 0.7667969 0.0317708 0.0585938
0 0.5734375 0.1023437 0.0281250 0.0328125
0 0.6502604 0.4714844 0.0453125 0.0367188
0 0.6158854 0.7972656 0.0432292 0.0320312
3 0.5583333 0.3207031 0.0281250 0.0335937
5 0.5736979 0.2171875 0.0421875 0.0421875
5 0.4195313 0.6691406 0.0203125 0.0492187
1 0.4338542 0.5207031 0.0177083 0.0445313
1 0.4437500 0.6367188 0.0218750 0.0609375
0 0.3140625 0.6917969 0.0270833 0.0632812
0 0.3838542 0.5902344 0.0416667 0.0476562
5 0.4226563 0.1675781 0.0359375 0.0257812
0 0.6846354 0.5957031 0.0369792 0.0367188
5 0.5414062 0.8316406 0.0213542 0.0382813
2 0.5674479 0.8468750 0.0390625 0.0328125
5 0.5164062 0.7464844 0.0244792 0.0398437
1 0.4481771 0.4394531 0.0432292 0.0398437
1 0.3658854 0.3234375 0.0390625 0.0390625
3 0.6809896 0.5730469 0.0421875 0.0492187
3 0.6950521 0.1140625 0.0442708 0.0312500
1 0.3080729 0.3179688 0.0463542 0.0343750
2 0.4869792 0.4914062 0.0302083 0.0328125
4 0.6135417 0.4460938 0.0197917 0.0312500
0 0.6572917 0.5484375 0.0229167 0.0625000
11 0.5682292 0.4886719 0.0385417 0.0398437
9 0.4013021 0.2503906 0.0244792 0.0554687
