1 0.4505208 0.3398438 0.0218750 0.0562500
4 0.5453125 0.3621094 0.0375000 0.0445313
4 0.6033854 0.7906250 0.0307292 0.0406250
5 0.6466146 0.5542969 0.0432292 0.0382813
2 0.7125000 0.6277344 0.0447917 0.0335937
1 0.5781250 0.3593750 0.0395833 0.0546875
1 0.4132812 0.2316406 0.0192708 0.0429688
5 0.4395833 0.4832031 0.0291667 0.0320312
2 0.4395833 0.7050781 0.0218750 0.0539063
3 0.5200521 0.7007813 0.0390625 0.0437500
0 0.3437500 0.5230469 0.0447917 0.0367188
4 0.5971354 0.4976563 0.0328125 0.0593750
1 0.5710937 0.6390625 0.0411458 0.0390625
2 0.5859375 0.7132812 0.0468750 0.0375000
2 0.5859375 0.6667969 0.0458333 0.0335937
4 0.4283854 0.6625000 0.0401042 0.0484375
2 0.7268229 0.4156250 0.0442708 0.0296875
0 0.5848958 0.4457031 0.0218750 0.0523438
5 0.4757812 0.6023437 0.0453125 0.0343750
2 0.6289062 0.1925781 0.0390625 0.0304687
0 0.3934896 0.4226563 0.0348958 0.0281250
4 0.2820313 0.2867188 0.0244792 0.0671875
2 0.2518229 0.3675781 0.0432292 0.0257812
4 0.5255208 0.7910156 0.0250000 0.0539063
5 0.5994792 0.8187500 0.0187500 0.0625000
3 0.4473958 0.5472656 0.0229167 0.0335937
5 0.3911458 0.3343750 0.0416667 0.0484375
3 0.5119792 0.4851563 0.0489583 0.0390625
2 0.5856771 0.3136719 0.0390625 0.0320312
0 0.3578125 0.5906250 0.0260417 0.0703125
3 0.7041667 0.1902344 0.0260417 0.0679687
3 0.4065104 0.4238281 0.0401042 0.0367188
3 0.6291667 0.5671875 0.0395833 0.0281250
4 0.4252604 0.2296875 0.0265625 0.0546875
2 0.4513021 0.7089844 0.0255208 0.0570312
1 0.5638021 0.6832031 0.0286458 0.0585938
4 0.2648437 0.4644531 0.0401042 0.0414062
2 0.6572917 0.5925781 0.0354167 0.0523438
1 0.5622396 0.3402344 0.0442708 0.0367188
1 0.7174479 0.3000000 0.0223958 0.0531250
2 0.4614583 0.6828125 0.0416667 0.0296875
0 0.5408854 0.3667969 0.0411458 0.0429688
0 0.6161458 0.4289062 0.0375000 0.0421875
3 0.5976562 0.7210937 0.0234375 0.0343750
0 0.3307292 0.6574219 0.0239583 0.0554687
1 0.6622396 0.7125000 0.0473958 0.0328125
1 0.4781250 0.3273437 0.0427083 0.0359375
1 0.5140625 0.2042969 0.0291667 0.0664062
0 0.5802083 0.2417969 0.0354167 0.0445313
2 0.5908854 0.4312500 0.0265625 0.0515625
5 0.4294271 0.7242188 0.0286458 0.0468750
3 0.6190104 0.5105469 0.0359375 0.0429688
4 0.5880208 0.9167969 0.0354167 0.0414062
4 0.6966146 0.3609375 0.0380208 0.0390625
4 0.5875000 0.2570312 0.0250000 0.0328125
3 0.4945312 0.0894531 0.0203125 0.0429688
3 0.2940104 0.1847656 0.0390625 0.0351562
2 0.4354167 0.2664063 0.0427083 0.0296875
2 0.5257812 0.5226563 0.0244792 0.0328125
1 0.3369792 0.7304688 0.0250000 0.0687500
2 0.7044271 0.6691406 0.0473958 0.0367188
8 0.5718750 0.2796875 0.0406250 0.0453125
6 0.5153646 0.5203125 0.0442708 0.0453125
7 0.3869792 0.7886719 0.0416667 0.0476562
7 0.7205729 0.3859375 0.0401042 0.0390625
8 0.4424479 0.0953125 0.0276042 0.0656250
6 0.6320313 0.5058594 0.0421875 0.0460938
6 0.6861979 0.1835938 0.0276042 0.0625000
10 0.3687500 0.8324219 0.0427083 0.0460938
8 0.3601563 0.3101563 0.0328125 0.0453125
10 0.5424479 0.2996094 0.0276042 0.0460938
7 0.6893229 0.6976562 0.0411458 0.0421875
7 0.2432292 0.6878906 0.0458333 0.0429688
11 0.6062500 0.3785156 0.0395833 0.0476562
10 0.3606771 0.6949219 0.0380208 0.0539063
10 0.3466146 0.4539063 0.0328125 0.0421875
10 0.7252604 0.2320312 0.0432292 0.0421875
6 0.5244792 0.7500000 0.0333333 0.0375000
10 0.6427083 0.3738281 0.0406250 0.0570312
