4 0.3442708 0.7050781 0.0187500 0.0351562
2 0.6671875 0.3277344 0.0302083 0.0226562
3 0.5078125 0.2582031 0.0156250 0.0351562
1 0.6260417 0.8761719 0.0250000 0.0335937
1 0.3552083 0.7054687 0.0197917 0.0531250
0 0.4432292 0.6207031 0.0312500 0.0273438
5 0.5835938 0.3250000 0.0234375 0.0312500
5 0.4059896 0.6843750 0.0276042 0.0281250
1 0.3143229 0.4359375 0.0213542 0.0296875
3 0.5994792 0.8457031 0.0229167 0.0367188
1 0.6544271 0.4746094 0.0296875 0.0210938
2 0.6497396 0.3734375 0.0328125 0.0234375
1 0.7955729 0.5707031 0.0213542 0.0382813
1 0.6950521 0.4210937 0.0234375 0.0281250
1 0.4971354 0.3597656 0.0296875 0.0335937
1 0.4541667 0.5171875 0.0343750 0.0250000
5 0.5028646 0.5910156 0.0223958 0.0289063
2 0.3169271 0.8222656 0.0338542 0.0257812
1 0.7072917 0.5800781 0.0177083 0.0335937
3 0.2468750 0.6164063 0.0229167 0.0437500
0 0.5867187 0.1914062 0.0307292 0.0203125
0 0.6153646 0.4210937 0.0244792 0.0281250
3 0.3804688 0.9152344 0.0182292 0.0445313
0 0.4320312 0.5769531 0.0328125 0.0242188
5 0.5320312 0.8957031 0.0234375 0.0398437
1 0.2721354 0.6386719 0.0171875 0.0398437
4 0.6380208 0.6667969 0.0322917 0.0289063
4 0.4677083 0.3132813 0.0145833 0.0531250
2 0.7231771 0.6238281 0.0317708 0.0242188
5 0.5497396 0.5492187 0.0328125 0.0250000
0 0.2822917 0.6664062 0.0312500 0.0265625
5 0.5361979 0.3863281 0.0317708 0.0273438
0 0.7164063 0.5921875 0.0307292 0.0218750
4 0.4098958 0.6191406 0.0197917 0.0476562
4 0.5354167 0.4578125 0.0187500 0.0437500
5 0.3346354 0.5179687 0.0328125 0.0234375
4 0.5468750 0.6609375 0.0322917 0.0265625
0 0.6835938 0.6332031 0.0286458 0.0195312
0 0.4187500 0.5785156 0.0239583 0.0257812
5 0.6544271 0.7765625 0.0286458 0.0234375
6 0.3307292 0.4128906 0.0218750 0.0460938
9 0.4875000 0.3519531 0.0281250 0.0429688
10 0.6341146 0.7050781 0.0203125 0.0429688
7 0.6984375 0.4234375 0.0312500 0.0312500
9 0.4638021 0.3687500 0.0234375 0.0359375
8 0.3039062 0.4332031 0.0265625 0.0304687
11 0.6828125 0.4492188 0.0302083 0.0375000
6 0.3427083 0.3000000 0.0187500 0.0281250
9 0.3968750 0.0718750 0.0187500 0.0421875
8 0.6479167 0.1605469 0.0208333 0.0429688
9 0.2635417 0.3687500 0.0218750 0.0500000
9 0.5630208 0.4703125 0.0208333 0.0281250
10 0.6364583 0.5835938 0.0291667 0.0281250
9 0.6546875 0.2843750 0.0312500 0.0312500
9 0.5947917 0.5644531 0.0281250 0.0273438
6 0.5505208 0.7593750 0.0250000 0.0437500
9 0.3447917 0.6332031 0.0322917 0.0445313
