3 0.3848958 0.1363281 0.0145833 0.0382813
4 0.5111979 0.6597656 0.0151042 0.0210938
0 0.4039063 0.8171875 0.0234375 0.0218750
3 0.7424479 0.4500000 0.0130208 0.0218750
1 0.7619792 0.6695313 0.0125000 0.0281250
5 0.6789063 0.3808594 0.0213542 0.0179687
3 0.6122396 0.5992188 0.0234375 0.0171875
5 0.3156250 0.3980469 0.0114583 0.0195312
1 0.2893229 0.4078125 0.0192708 0.0187500
2 0.5432292 0.4207031 0.0166667 0.0289063
5 0.3864583 0.8582031 0.0156250 0.0367188
3 0.4906250 0.5656250 0.0177083 0.0218750
0 0.5552083 0.0937500 0.0156250 0.0187500
5 0.6361979 0.6128906 0.0244792 0.0226562
2 0.4320312 0.8058594 0.0161458 0.0273438
9 0.5177083 0.7574219 0.0197917 0.0382813
10 0.3794271 0.5027344 0.0234375 0.0257812
11 0.3854167 0.3289063 0.0239583 0.0265625
7 0.6283854 0.1441406 0.0192708 0.0335937
9 0.4361979 0.3437500 0.0161458 0.0343750
11 0.3471354 0.6160156 0.0161458 0.0351562
10 0.3372396 0.6089844 0.0234375 0.0226562
10 0.3945312 0.4324219 0.0192708 0.0242188
9 0.3783854 0.5003906 0.0223958 0.0226562
11 0.6231771 0.2164062 0.0171875 0.0359375
7 0.3703125 0.7925781 0.0166667 0.0226562
7 0.4708333 0.1156250 0.0250000 0.0343750
6 0.3117187 0.6269531 0.0244792 0.0242188
10 0.5638021 0.4031250 0.0234375 0.0312500
9 0.2984375 0.4566406 0.0218750 0.0210938
6 0.4166667 0.5414062 0.0177083 0.0375000
6 0.6481771 0.4152344 0.0223958 0.0226562
7 0.4322917 0.8652344 0.0177083 0.0304687
