2 0.4031250 0.1304687 0.0406250 0.0328125
5 0.3348958 0.6593750 0.0385417 0.0406250
0 0.5736979 0.4089844 0.0380208 0.0273438
3 0.4252604 0.7214844 0.0296875 0.0351562
3 0.5182292 0.7726563 0.0343750 0.0281250
3 0.6809896 0.2453125 0.0255208 0.0437500
3 0.2994792 0.3687500 0.0375000 0.0265625
4 0.4505208 0.8515625 0.0343750 0.0265625
1 0.4575521 0.6343750 0.0348958 0.0250000
3 0.3335938 0.3464844 0.0328125 0.0273438
3 0.6481771 0.8070312 0.0359375 0.0375000
1 0.3533854 0.6054688 0.0223958 0.0578125
2 0.4708333 0.7480469 0.0395833 0.0289063
3 0.4713542 0.8085938 0.0250000 0.0609375
5 0.5190104 0.5527344 0.0234375 0.0289063
5 0.5421875 0.2601562 0.0229167 0.0562500
3 0.4770833 0.4617188 0.0364583 0.0406250
4 0.3494792 0.7171875 0.0187500 0.0593750
1 0.7359375 0.4589844 0.0260417 0.0382813
0 0.4557292 0.8125000 0.0197917 0.0343750
2 0.5861979 0.3414063 0.0203125 0.0484375
3 0.3591146 0.6718750 0.0276042 0.0312500
5 0.4140625 0.4195313 0.0187500 0.0343750
5 0.6122396 0.6171875 0.0286458 0.0468750
0 0.6888021 0.4316406 0.0182292 0.0320312
5 0.3239583 0.3859375 0.0343750 0.0375000
5 0.6875000 0.3308594 0.0333333 0.0445313
0 0.3382812 0.3636719 0.0390625 0.0304687
2 0.5708333 0.4613281 0.0177083 0.0304687
5 0.7932292 0.5558594 0.0416667 0.0382813
1 0.8057292 0.4660156 0.0302083 0.0476562
3 0.6015625 0.7722656 0.0218750 0.0351562
3 0.4976563 0.4082031 0.0421875 0.0304687
0 0.4388021 0.2113281 0.0182292 0.0554687
3 0.5585938 0.5687500 0.0203125 0.0375000
4 0.6208333 0.4968750 0.0333333 0.0281250
4 0.6588542 0.3800781 0.0354167 0.0242188
3 0.3101563 0.5808594 0.0203125 0.0460938
2 0.4822917 0.2183594 0.0197917 0.0320312
0 0.4645833 0.6242188 0.0406250 0.0296875
5 0.3763021 0.5351562 0.0286458 0.0593750
4 0.6906250 0.2226562 0.0395833 0.0234375
1 0.4307292 0.8218750 0.0322917 0.0281250
0 0.5791667 0.7269531 0.0406250 0.0320312
1 0.4989583 0.4160156 0.0385417 0.0351562
1 0.6583333 0.4632812 0.0177083 0.0578125
2 0.6111979 0.1296875 0.0411458 0.0281250
0 0.4002604 0.8484375 0.0317708 0.0515625
1 0.6046875 0.4316406 0.0156250 0.0492187
2 0.6893229 0.5992188 0.0421875 0.0281250
3 0.3841146 0.3410156 0.0276042 0.0632812
0 0.6158854 0.6988281 0.0213542 0.0273438
2 0.6132812 0.5984375 0.0307292 0.0265625
3 0.6286458 0.2199219 0.0437500 0.0320312
5 0.7471354 0.3703125 0.0234375 0.0531250
7 0.2304688 0.2664063 0.0359375 0.0390625
6 0.6804687 0.4550781 0.0369792 0.0570312
7 0.5221354 0.8324219 0.0359375 0.0414062
11 0.3846354 0.7714844 0.0307292 0.0539063
