0 0.5812500 0.7929688 0.0239583 0.0625000
1 0.7325521 0.7640625 0.0432292 0.0234375
5 0.3752604 0.5957031 0.0421875 0.0335937
2 0.6036458 0.3824219 0.0312500 0.0335937
3 0.5632812 0.6484375 0.0463542 0.0375000
5 0.6320313 0.7417969 0.0223958 0.0351562
1 0.5229167 0.3808594 0.0229167 0.0492187
4 0.5020833 0.6203125 0.0239583 0.0453125
0 0.6804687 0.3796875 0.0453125 0.0375000
5 0.5117188 0.8363281 0.0255208 0.0367188
5 0.4729167 0.5468750 0.0177083 0.0328125
2 0.6101562 0.4781250 0.0234375 0.0281250
1 0.6765625 0.7199219 0.0437500 0.0414062
0 0.7432292 0.3917969 0.0364583 0.0445313
0 0.6744792 0.8046875 0.0312500 0.0375000
2 0.4268229 0.3816406 0.0328125 0.0460938
3 0.5869792 0.4972656 0.0437500 0.0335937
1 0.3236979 0.6652344 0.0255208 0.0476562
2 0.3546875 0.4773438 0.0406250 0.0343750
2 0.6958333 0.5757813 0.0302083 0.0609375
2 0.6875000 0.5136719 0.0395833 0.0382813
2 0.4114583 0.5226563 0.0458333 0.0343750
1 0.4955729 0.7292969 0.0276042 0.0289063
0 0.4570312 0.6324219 0.0307292 0.0492187
1 0.7218750 0.6820312 0.0447917 0.0312500
2 0.5679688 0.7621094 0.0338542 0.0351562
0 0.2929688 0.7500000 0.0401042 0.0296875
0 0.4664063 0.1464844 0.0401042 0.0382813
1 0.5268229 0.8269531 0.0421875 0.0367188
1 0.7054687 0.5222656 0.0223958 0.0664062
4 0.2278646 0.6562500 0.0255208 0.0343750
2 0.6351562 0.6820312 0.0192708 0.0312500
5 0.5114583 0.8921875 0.0322917 0.0640625
1 0.4838542 0.7152344 0.0270833 0.0335937
5 0.3380208 0.7363281 0.0447917 0.0242188
2 0.4398437 0.7285156 0.0411458 0.0289063
0 0.4208333 0.7292969 0.0260417 0.0585938
5 0.4388021 0.6406250 0.0421875 0.0390625
1 0.5091146 0.5203125 0.0390625 0.0343750
1 0.6885417 0.2597656 0.0427083 0.0273438
0 0.2750000 0.5281250 0.0416667 0.0515625
5 0.5265625 0.5667969 0.0437500 0.0414062
3 0.7484375 0.4578125 0.0208333 0.0421875
1 0.6664062 0.4046875 0.0380208 0.0328125
5 0.4453125 0.5750000 0.0281250 0.0406250
3 0.5700521 0.6636719 0.0213542 0.0507812
5 0.2971354 0.3566406 0.0453125 0.0304687
5 0.6648437 0.6167969 0.0442708 0.0242188
1 0.6299479 0.7441406 0.0432292 0.0351562
2 0.3346354 0.2875000 0.0223958 0.0484375
5 0.3583333 0.2562500 0.0250000 0.0609375
4 0.5033854 0.8269531 0.0390625 0.0398437
1 0.7502604 0.4640625 0.0359375 0.0484375
2 0.4885417 0.8183594 0.0229167 0.0257812
1 0.6765625 0.7566406 0.0395833 0.0289063
3 0.7244792 0.5843750 0.0479167 0.0421875
5 0.7575521 0.6699219 0.0463542 0.0351562
1 0.5945312 0.8066406 0.0401042 0.0289063
5 0.5434896 0.5101562 0.0421875 0.0234375
1 0.5039062 0.2921875 0.0307292 0.0281250
3 0.3723958 0.6828125 0.0239583 0.0609375
4 0.4635417 0.1445312 0.0354167 0.0546875
5 0.2591146 0.4238281 0.0484375 0.0351562
2 0.4885417 0.7242188 0.0229167 0.0718750
1 0.4799479 0.5847656 0.0223958 0.0335937
3 0.4080729 0.5355469 0.0328125 0.0429688
1 0.3966146 0.5550781 0.0411458 0.0320312
5 0.5109375 0.5304688 0.0322917 0.0484375
5 0.5221354 0.9156250 0.0203125 0.0640625
4 0.2966146 0.3808594 0.0401042 0.0476562
3 0.6507812 0.4117188 0.0453125 0.0343750
3 0.4981771 0.4378906 0.0255208 0.0679687
5 0.3713542 0.7515625 0.0406250 0.0343750
11 0.4289062 0.2921875 0.0296875 0.0562500
11 0.4817708 0.6714844 0.0270833 0.0585938
7 0.4718750 0.1343750 0.0260417 0.0453125
11 0.7195312 0.4449219 0.0401042 0.0398437
11 0.5781250 0.5730469 0.0385417 0.0445313
10 0.2992187 0.5152344 0.0369792 0.0367188
7 0.3518229 0.3542969 0.0432292 0.0476562
7 0.3901042 0.4859375 0.0364583 0.0359375
10 0.3367188 0.3082031 0.0369792 0.0351562
6 0.5242187 0.3187500 0.0317708 0.0546875
9 0.5786458 0.6507812 0.0406250 0.0484375
10 0.5570312 0.4558594 0.0369792 0.0570312
10 0.5070313 0.2105469 0.0265625 0.0585938
11 0.5908854 0.6289062 0.0255208 0.0546875
7 0.4619792 0.2386719 0.0416667 0.0414062
7 0.6028646 0.8734375 0.0265625 0.0640625
