4 0.6544271 0.8652344 0.0505208 0.1445312
5 0.5822917 0.0910156 0.0656250 0.0804688
2 0.3361979 0.9675781 0.0651042 0.0632812
2 0.5195312 0.8261719 0.0713542 0.1757812
5 0.5242187 0.2230469 0.0682292 0.0867187
5 0.5781250 0.6875000 0.0562500 0.1859375
4 0.4958333 0.5718750 0.0895833 0.1531250
3 0.4901042 0.5554687 0.0822917 0.0953125
0 0.3955729 0.6859375 0.0567708 0.1859375
2 0.5242187 0.7546875 0.0630208 0.0703125
2 0.4200521 0.7332031 0.1119792 0.0742188
1 0.6109375 0.3542969 0.0760417 0.0882813
2 0.3914063 0.8398438 0.0546875 0.0921875
5 0.2593750 0.2953125 0.1270833 0.0953125
5 0.2875000 0.8144531 0.0520833 0.0632812
3 0.7796875 0.7074219 0.1052083 0.0992187
4 0.6841146 0.7691406 0.1213542 0.0929688
5 0.6815104 0.3468750 0.0869792 0.1515625
2 0.4432292 0.8421875 0.1229167 0.0890625
1 0.4421875 0.7871094 0.1104167 0.0960938
0 0.5536458 0.2398437 0.0625000 0.1671875
2 0.7497396 0.7078125 0.0661458 0.1765625
4 0.5992188 0.3933594 0.1078125 0.1070312
2 0.4447917 0.1464844 0.1177083 0.0820312
5 0.5096354 0.6382813 0.0723958 0.0640625
0 0.7213542 0.5843750 0.0656250 0.1562500
4 0.3684896 0.3269531 0.0796875 0.1304687
3 0.2492187 0.5464844 0.1005208 0.1164063
2 0.5216146 0.6695313 0.0838542 0.1609375
11 0.5776042 0.5636719 0.0697917 0.1335938
