2 0.3976562 0.5082031 0.0286458 0.0414062
1 0.3234375 0.5636719 0.0552083 0.0460938
1 0.2914062 0.2062500 0.0609375 0.0500000
2 0.4151042 0.3257813 0.0343750 0.0828125
4 0.5697917 0.6933594 0.0531250 0.0351562
1 0.6721354 0.3320312 0.0348958 0.0812500
1 0.5320312 0.7222656 0.0494792 0.0726563
2 0.7148438 0.7308594 0.0546875 0.0382813
0 0.4000000 0.6597656 0.0489583 0.0460938
5 0.5398437 0.2285156 0.0380208 0.0632812
5 0.4664063 0.6417969 0.0442708 0.0710937
4 0.4489583 0.3539062 0.0562500 0.0500000
1 0.4401042 0.0781250 0.0416667 0.0546875
3 0.5539063 0.6304688 0.0557292 0.0515625
2 0.7026042 0.3847656 0.0406250 0.0414062
1 0.5190104 0.2417969 0.0421875 0.0742188
5 0.5447917 0.4160156 0.0572917 0.0554687
5 0.4932292 0.2886719 0.0500000 0.0585938
3 0.5531250 0.1984375 0.0458333 0.0531250
4 0.6218750 0.7761719 0.0510417 0.0679687
1 0.4713542 0.6468750 0.0541667 0.0468750
4 0.6411458 0.9414062 0.0541667 0.0578125
1 0.6593750 0.5570312 0.0625000 0.0421875
5 0.3197917 0.6003906 0.0500000 0.0398437
3 0.5877604 0.5664062 0.0442708 0.0640625
1 0.3861979 0.2097656 0.0286458 0.0929688
2 0.2924479 0.4019531 0.0411458 0.0726563
2 0.6752604 0.5097656 0.0567708 0.0570312
2 0.4075521 0.6968750 0.0255208 0.0687500
2 0.6682292 0.1710937 0.0479167 0.0593750
4 0.3203125 0.3312500 0.0322917 0.0843750
5 0.4367187 0.3441406 0.0567708 0.0460938
5 0.5294271 0.8191406 0.0317708 0.0382813
0 0.6013021 0.2675781 0.0286458 0.0648438
4 0.7109375 0.4453125 0.0250000 0.0546875
4 0.7023438 0.3128906 0.0546875 0.0460938
1 0.6148438 0.8570313 0.0494792 0.0421875
5 0.4721354 0.2937500 0.0328125 0.0468750
1 0.5302083 0.5527344 0.0281250 0.0554687
2 0.5473958 0.9097656 0.0552083 0.0492187
4 0.5776042 0.4222656 0.0385417 0.0679687
3 0.3731771 0.3183594 0.0307292 0.0773438
0 0.6083333 0.6722656 0.0572917 0.0445313
4 0.6291667 0.8199219 0.0562500 0.0507812
0 0.5341146 0.5855469 0.0338542 0.0804688
4 0.5546875 0.3132813 0.0447917 0.0796875
0 0.4169271 0.5359375 0.0515625 0.0515625
0 0.6041667 0.3273437 0.0395833 0.0812500
5 0.2835937 0.3312500 0.0494792 0.0562500
5 0.6479167 0.5820312 0.0520833 0.0531250
2 0.6989583 0.4457031 0.0541667 0.0367188
4 0.4598958 0.3562500 0.0333333 0.0406250
2 0.6653646 0.3476562 0.0505208 0.0484375
2 0.2721354 0.4761719 0.0609375 0.0429688
1 0.6119792 0.4781250 0.0541667 0.0328125
3 0.7940104 0.6406250 0.0432292 0.0625000
2 0.3375000 0.3527344 0.0302083 0.0851563
5 0.5455729 0.5531250 0.0546875 0.0375000
2 0.5809896 0.6777344 0.0536458 0.0507812
2 0.7104167 0.3968750 0.0500000 0.0671875
5 0.2333333 0.3949219 0.0458333 0.0414062
5 0.3760417 0.5183594 0.0322917 0.0367188
1 0.3492188 0.8031250 0.0536458 0.0500000
4 0.2265625 0.3863281 0.0364583 0.0789062
5 0.8263021 0.7550781 0.0578125 0.0445313
4 0.4416667 0.4781250 0.0531250 0.0546875
1 0.4072917 0.5531250 0.0479167 0.0375000
4 0.7846354 0.5175781 0.0588542 0.0476562
4 0.4046875 0.4476562 0.0322917 0.0531250
10 0.3658854 0.6722656 0.0494792 0.0507812
8 0.6434896 0.5460938 0.0505208 0.0484375
7 0.5843750 0.5503906 0.0510417 0.0523438
6 0.6078125 0.7937500 0.0500000 0.0500000
7 0.3007812 0.0960938 0.0390625 0.0906250
