0 0.5515625 0.8519531 0.0781250 0.0523438
0 0.7367187 0.3757813 0.0390625 0.0640625
5 0.5606771 0.6101562 0.0421875 0.0625000
0 0.4921875 0.3605469 0.0489583 0.0804688
1 0.4518229 0.3894531 0.0713542 0.0585938
2 0.4057292 0.9351563 0.0333333 0.0890625
1 0.2744792 0.4378906 0.0666667 0.0585938
5 0.2361979 0.1558594 0.0786458 0.0601563
2 0.2630208 0.2929688 0.0437500 0.0562500
5 0.5729167 0.4683594 0.0697917 0.0757812
4 0.4070313 0.7937500 0.0359375 0.1187500
2 0.3742187 0.5042969 0.0651042 0.0414062
4 0.6104167 0.8285156 0.0395833 0.1085938
5 0.3088542 0.2191406 0.0343750 0.0617188
2 0.3664062 0.2417969 0.0421875 0.0992187
1 0.6700521 0.3246094 0.0619792 0.0867187
1 0.2158854 0.4773438 0.0369792 0.0656250
1 0.5638021 0.4191406 0.0723958 0.0617188
3 0.5432292 0.7812500 0.0395833 0.0500000
4 0.3036458 0.3562500 0.0604167 0.0781250
2 0.7013021 0.4289062 0.0692708 0.0500000
1 0.5203125 0.5925781 0.0427083 0.1164063
1 0.3690104 0.3000000 0.0567708 0.0906250
1 0.3674479 0.5089844 0.0640625 0.0460938
2 0.6489583 0.5800781 0.0750000 0.0570312
1 0.5052083 0.1953125 0.0697917 0.0531250
4 0.4658854 0.5378906 0.0671875 0.0585938
0 0.5020833 0.6949219 0.0666667 0.0679687
0 0.6354167 0.3238281 0.0385417 0.0976562
5 0.2591146 0.5488281 0.0723958 0.0664062
4 0.5427083 0.2296875 0.0697917 0.0546875
0 0.6549479 0.1164063 0.0526042 0.0531250
2 0.3971354 0.3175781 0.0411458 0.1054688
2 0.2166667 0.4335938 0.0520833 0.0765625
2 0.6424479 0.6246094 0.0359375 0.1070312
3 0.4122396 0.6292969 0.0703125 0.0429688
1 0.2325521 0.5738281 0.0546875 0.0851563
4 0.6557292 0.2644531 0.0364583 0.1101562
3 0.5992188 0.2792969 0.0317708 0.1070312
1 0.3513021 0.7878906 0.0609375 0.0726563
5 0.2744792 0.5406250 0.0739583 0.0546875
0 0.4994792 0.2351563 0.0718750 0.0500000
1 0.5177083 0.6378906 0.0614583 0.0945312
0 0.4479167 0.7894531 0.0343750 0.0585938
3 0.3518229 0.8296875 0.0359375 0.0843750
5 0.4651042 0.5312500 0.0291667 0.0968750
5 0.6635417 0.6328125 0.0760417 0.0578125
3 0.4411458 0.7519531 0.0604167 0.0695313
2 0.5007812 0.3742187 0.0723958 0.0687500
2 0.7940104 0.4949219 0.0494792 0.1070312
4 0.3763021 0.3128906 0.0411458 0.1054688
6 0.5067708 0.5347656 0.0625000 0.0617188
11 0.6283854 0.1476562 0.0640625 0.0968750
8 0.7369792 0.5757813 0.0552083 0.1031250
7 0.6182292 0.5023437 0.0729167 0.0734375
11 0.5005208 0.3121094 0.0447917 0.0835937
