3 0.7018229 0.3406250 0.0234375 0.0234375
5 0.5799479 0.5660156 0.0255208 0.0195312
5 0.4489583 0.5023437 0.0156250 0.0234375
1 0.3679688 0.3691406 0.0276042 0.0242188
0 0.3859375 0.4992187 0.0281250 0.0187500
5 0.5122396 0.3507812 0.0223958 0.0218750
5 0.4940104 0.1992188 0.0223958 0.0359375
4 0.3903646 0.2035156 0.0130208 0.0367188
3 0.5239583 0.4054687 0.0135417 0.0328125
2 0.7049479 0.2421875 0.0296875 0.0218750
1 0.7333333 0.5902344 0.0135417 0.0320312
1 0.3257813 0.4597656 0.0244792 0.0179687
4 0.3770833 0.3625000 0.0208333 0.0359375
1 0.5291667 0.7746094 0.0270833 0.0195312
1 0.5846354 0.7730469 0.0286458 0.0179687
5 0.6697917 0.2308594 0.0208333 0.0242188
5 0.6169271 0.3320312 0.0265625 0.0203125
1 0.5036458 0.4429688 0.0135417 0.0312500
1 0.6697917 0.7851562 0.0145833 0.0390625
5 0.2950521 0.6878906 0.0244792 0.0226562
4 0.5210938 0.6601562 0.0130208 0.0390625
5 0.5643229 0.5656250 0.0255208 0.0296875
4 0.5273438 0.4679687 0.0182292 0.0375000
0 0.4744792 0.8156250 0.0239583 0.0312500
3 0.5187500 0.7140625 0.0114583 0.0171875
1 0.3867188 0.5203125 0.0213542 0.0328125
4 0.6661458 0.4000000 0.0145833 0.0187500
1 0.5679688 0.9816406 0.0140625 0.0351562
3 0.6395833 0.6433594 0.0187500 0.0226562
4 0.6596354 0.4972656 0.0151042 0.0382813
5 0.7419271 0.8238281 0.0244792 0.0226562
5 0.5468750 0.3792969 0.0239583 0.0210938
0 0.4585938 0.8031250 0.0151042 0.0437500
0 0.6682292 0.4339844 0.0250000 0.0210938
1 0.7651042 0.5113281 0.0291667 0.0195312
4 0.6705729 0.4925781 0.0255208 0.0179687
1 0.5890625 0.7398438 0.0291667 0.0203125
1 0.7091146 0.6148438 0.0276042 0.0187500
5 0.5286458 0.8691406 0.0197917 0.0210938
5 0.3682292 0.6890625 0.0250000 0.0281250
3 0.5729167 0.4140625 0.0177083 0.0218750
0 0.5973958 0.5921875 0.0135417 0.0406250
3 0.7216146 0.6089844 0.0265625 0.0242188
4 0.4690104 0.4800781 0.0203125 0.0257812
3 0.7541667 0.5828125 0.0260417 0.0234375
1 0.5364583 0.7644531 0.0177083 0.0179687
0 0.5625000 0.7359375 0.0125000 0.0296875
3 0.4544271 0.2250000 0.0276042 0.0203125
2 0.6268229 0.4113281 0.0296875 0.0210938
1 0.4429688 0.5359375 0.0286458 0.0187500
0 0.4380208 0.1957031 0.0218750 0.0351562
2 0.7000000 0.4988281 0.0281250 0.0226562
4 0.5864583 0.7273437 0.0291667 0.0203125
3 0.3002604 0.6234375 0.0151042 0.0375000
1 0.3333333 0.4750000 0.0229167 0.0218750
1 0.4072917 0.5113281 0.0166667 0.0242188
3 0.4216146 0.4957031 0.0213542 0.0289063
5 0.4091146 0.3988281 0.0171875 0.0226562
1 0.5854167 0.2636719 0.0229167 0.0304687
3 0.7354167 0.7425781 0.0250000 0.0289063
1 0.4966146 0.4496094 0.0119792 0.0164063
1 0.4437500 0.3601563 0.0229167 0.0171875
3 0.6333333 0.6691406 0.0197917 0.0242188
3 0.3007812 0.2695312 0.0244792 0.0218750
2 0.3018229 0.2378906 0.0296875 0.0195312
8 0.5739583 0.1515625 0.0260417 0.0265625
9 0.4427083 0.2718750 0.0208333 0.0328125
10 0.3539062 0.5324219 0.0244792 0.0382813
6 0.4408854 0.7699219 0.0171875 0.0398437
6 0.7361979 0.3039062 0.0276042 0.0265625
10 0.6851563 0.3363281 0.0255208 0.0273438
8 0.5148438 0.2312500 0.0265625 0.0343750
7 0.7208333 0.3210938 0.0177083 0.0281250
11 0.5549479 0.4148438 0.0255208 0.0250000
9 0.5203125 0.4816406 0.0166667 0.0289063
10 0.5236979 0.4714844 0.0234375 0.0242188
6 0.4533854 0.2449219 0.0213542 0.0320312
9 0.6406250 0.6722656 0.0250000 0.0351562
7 0.5000000 0.5343750 0.0239583 0.0265625
7 0.5395833 0.3773437 0.0177083 0.0328125
