5 0.3713542 0.5871094 0.0656250 0.1492188
4 0.5317708 0.6589844 0.1093750 0.0742188
1 0.4809896 0.7464844 0.0703125 0.0960938
1 0.3867188 0.5339844 0.0515625 0.0835937
5 0.5864583 0.6175781 0.1020833 0.0945312
2 0.5559896 0.3101563 0.0848958 0.0859375
2 0.5700521 0.5222656 0.0932292 0.0773438
0 0.6869792 0.2152344 0.1052083 0.1148437
3 0.7281250 0.4226563 0.0989583 0.0671875
2 0.3622396 0.5468750 0.0609375 0.1500000
1 0.5367188 0.1699219 0.0776042 0.1367188
2 0.4809896 0.7441406 0.0682292 0.1445312
5 0.6471354 0.7597656 0.0744792 0.1039063
1 0.7088542 0.6113281 0.0729167 0.1257813
1 0.6546875 0.2410156 0.0906250 0.1117188
5 0.2640625 0.6449219 0.1010417 0.0914062
5 0.4070313 0.3656250 0.1078125 0.0781250
3 0.4986979 0.6441406 0.0567708 0.1164063
4 0.4723958 0.4394531 0.0552083 0.0914062
1 0.6687500 0.3324219 0.0968750 0.0804688
4 0.5835938 0.4535156 0.0911458 0.0710937
2 0.4421875 0.7945313 0.0687500 0.1234375
4 0.3854167 0.5257812 0.0927083 0.0703125
4 0.7471354 0.4984375 0.0744792 0.0625000
5 0.3817708 0.7347656 0.0958333 0.0804688
5 0.6481771 0.5019531 0.1109375 0.0867187
0 0.5018229 0.4289062 0.0442708 0.1421875
4 0.4927083 0.3156250 0.1041667 0.1078125
4 0.7432292 0.4222656 0.0854167 0.0851563
3 0.5195312 0.9867187 0.0348958 0.0250000
3 0.2752604 0.7582031 0.0973958 0.0710937
2 0.5359375 0.5023437 0.1135417 0.0781250
2 0.4791667 0.4238281 0.1093750 0.0757812
2 0.5776042 0.0542969 0.0864583 0.1007813
1 0.7083333 0.6277344 0.1020833 0.0757812
4 0.4361979 0.0277344 0.0786458 0.0554687
4 0.6106771 0.8171875 0.0703125 0.1578125
1 0.7296875 0.7566406 0.0937500 0.1039063
2 0.4294271 0.7289062 0.0671875 0.0937500
1 0.5854167 0.8058594 0.0635417 0.1007813
3 0.3247396 0.8046875 0.1036458 0.0703125
1 0.5851563 0.3441406 0.1067708 0.0851563
0 0.7427083 0.4851563 0.0864583 0.1343750
0 0.6968750 0.5507812 0.0885417 0.0968750
1 0.2486979 0.7156250 0.0932292 0.1140625
0 0.7697917 0.7714844 0.0635417 0.1398437
2 0.4218750 0.3406250 0.0635417 0.0812500
2 0.6494792 0.5609375 0.0958333 0.0718750
1 0.6325521 0.6996094 0.0473958 0.0898438
1 0.7333333 0.6574219 0.0947917 0.0773438
2 0.2559896 0.5476562 0.1036458 0.0671875
7 0.5200521 0.6132812 0.0921875 0.1437500
7 0.5091146 0.7046875 0.0796875 0.1109375
8 0.4057292 0.2476562 0.1052083 0.1328125
8 0.5747396 0.2757812 0.0984375 0.1031250
9 0.3018229 0.3777344 0.0984375 0.0992187
10 0.4395833 0.6195312 0.1010417 0.0984375
7 0.5205729 0.8503906 0.1005208 0.0945312
11 0.3502604 0.5312500 0.0869792 0.0937500
7 0.6554688 0.5058594 0.0713542 0.0960938
9 0.5489583 0.8316406 0.1020833 0.1304687
10 0.7562500 0.2914062 0.0947917 0.1171875
10 0.5940104 0.8597656 0.0609375 0.1304687
9 0.5458333 0.1710937 0.0843750 0.1343750
11 0.7544271 0.5679688 0.0984375 0.1203125
7 0.6924479 0.7582031 0.0994792 0.1195313
9 0.6098958 0.6468750 0.1083333 0.1203125
8 0.4244792 0.4140625 0.0604167 0.0906250
10 0.3500000 0.2511719 0.0666667 0.1585938
8 0.6523438 0.9441406 0.0734375 0.1101562
