1 0.3020833 0.6390625 0.1177083 0.0656250
2 0.2552083 0.6242188 0.1020833 0.0890625
4 0.6296875 0.5125000 0.1093750 0.0703125
2 0.5742188 0.9875000 0.0411458 0.0234375
3 0.3955729 0.1468750 0.0692708 0.0765625
1 0.6812500 0.7398438 0.0989583 0.0656250
3 0.3640625 0.7148438 0.0958333 0.0843750
0 0.3718750 0.5238281 0.1052083 0.0851563
1 0.3333333 0.1906250 0.0666667 0.1687500
2 0.4177083 0.7789063 0.1093750 0.0859375
0 0.6072917 0.8218750 0.0989583 0.0781250
1 0.4471354 0.3277344 0.0953125 0.0617188
1 0.5278646 0.1808594 0.1026042 0.0710937
2 0.4411458 0.6066406 0.0968750 0.0773438
5 0.6648437 0.5371094 0.1015625 0.0679687
1 0.3666667 0.3292969 0.0656250 0.1179687
1 0.3294271 0.3628906 0.0453125 0.1039063
5 0.3557292 0.5042969 0.1020833 0.0601563
4 0.3614583 0.3515625 0.1020833 0.0890625
1 0.4265625 0.5335937 0.0520833 0.0859375
1 0.5932292 0.2605469 0.0604167 0.1070312
1 0.3828125 0.3179688 0.0895833 0.0812500
4 0.5393229 0.4949219 0.0598958 0.0851563
0 0.5591146 0.5886719 0.0921875 0.1117188
0 0.2960937 0.1816406 0.0494792 0.1414063
1 0.6190104 0.5679688 0.1130208 0.0796875
0 0.6416667 0.3246094 0.0500000 0.1523438
2 0.4033854 0.8019531 0.0546875 0.1070312
2 0.3963542 0.7906250 0.0583333 0.0906250
5 0.4947917 0.7875000 0.1010417 0.0906250
3 0.2786458 0.7183594 0.0604167 0.1507813
5 0.2796875 0.4675781 0.1125000 0.0773438
3 0.5286458 0.1601562 0.0604167 0.1281250
1 0.5377604 0.5718750 0.0953125 0.0859375
2 0.7239583 0.4007812 0.0791667 0.1046875
0 0.5216146 0.2871094 0.0838542 0.1429688
0 0.5070313 0.1179687 0.0755208 0.1406250
4 0.4419271 0.3976562 0.0463542 0.1343750
4 0.5856771 0.1750000 0.1026042 0.0968750
2 0.3500000 0.4960938 0.0906250 0.0781250
3 0.6226563 0.7007813 0.0765625 0.0937500
5 0.6382813 0.3171875 0.0838542 0.1031250
1 0.6578125 0.2449219 0.0989583 0.0835937
4 0.5914063 0.7820312 0.1015625 0.0796875
1 0.5416667 0.6496094 0.0531250 0.1179687
1 0.4427083 0.7359375 0.0750000 0.1187500
5 0.3755208 0.7109375 0.0541667 0.1031250
3 0.6627604 0.8667969 0.0776042 0.1101562
2 0.5684896 0.2832031 0.0807292 0.1648438
2 0.4953125 0.3523438 0.0614583 0.1625000
1 0.5098958 0.3390625 0.0781250 0.1468750
5 0.1893229 0.4402344 0.0942708 0.1132812
1 0.5526042 0.6949219 0.0677083 0.1570313
0 0.3950521 0.8222656 0.0796875 0.1289062
0 0.3869792 0.7050781 0.0895833 0.0945312
5 0.6187500 0.7652344 0.0489583 0.1664063
2 0.7138021 0.3437500 0.1119792 0.0609375
2 0.4156250 0.7640625 0.0677083 0.1578125
3 0.2757812 0.3640625 0.0557292 0.1656250
2 0.6205729 0.3027344 0.0661458 0.0929688
3 0.7486979 0.4824219 0.1005208 0.0867187
3 0.7341146 0.9535156 0.1078125 0.0773438
3 0.5768229 0.6335937 0.0984375 0.0843750
0 0.6203125 0.3753906 0.1197917 0.1023437
2 0.3177083 0.6054688 0.1020833 0.0937500
1 0.3638021 0.8355469 0.0994792 0.0804688
1 0.7291667 0.5414062 0.1145833 0.0796875
3 0.5593750 0.1957031 0.0614583 0.1585938
4 0.5239583 0.8535156 0.0614583 0.1335938
2 0.2747396 0.4910156 0.1026042 0.0914062
2 0.4625000 0.5769531 0.0437500 0.0882813
4 0.4072917 0.4996094 0.0885417 0.0726563
4 0.6539063 0.4832031 0.0880208 0.1507813
1 0.5500000 0.7757812 0.0916667 0.0937500
5 0.5614583 0.8816406 0.0583333 0.1070312
3 0.4708333 0.8359375 0.0729167 0.0984375
6 0.5273438 0.4832031 0.0796875 0.1398437
10 0.4182292 0.8109375 0.0739583 0.1500000
9 0.7940104 0.4332031 0.0953125 0.1132812
9 0.7255208 0.5746094 0.1083333 0.1320312
10 0.6781250 0.8597656 0.1010417 0.0992187
