2 0.5536458 0.3109375 0.0312500 0.0375000
2 0.7354167 0.5816406 0.0416667 0.0398437
5 0.6101562 0.3839844 0.0213542 0.0226562
4 0.5179687 0.7062500 0.0296875 0.0437500
4 0.4309896 0.4277344 0.0359375 0.0226562
0 0.4846354 0.7179688 0.0328125 0.0437500
3 0.4679687 0.2324219 0.0390625 0.0273438
2 0.6447917 0.6882812 0.0364583 0.0250000
5 0.5875000 0.3363281 0.0375000 0.0273438
0 0.5335937 0.3781250 0.0255208 0.0328125
4 0.4463542 0.3480469 0.0375000 0.0320312
5 0.4489583 0.5203125 0.0177083 0.0531250
4 0.6622396 0.7066406 0.0307292 0.0335937
5 0.4718750 0.3402344 0.0177083 0.0460938
3 0.6031250 0.7777344 0.0302083 0.0382813
3 0.6398438 0.7367187 0.0213542 0.0609375
2 0.3986979 0.4746094 0.0255208 0.0523438
0 0.4502604 0.6421875 0.0213542 0.0578125
0 0.5815104 0.6226563 0.0401042 0.0312500
0 0.5330729 0.4347656 0.0421875 0.0242188
1 0.5065104 0.5359375 0.0411458 0.0265625
2 0.5153646 0.4179688 0.0213542 0.0421875
2 0.4565104 0.2886719 0.0255208 0.0414062
3 0.6958333 0.5550781 0.0218750 0.0554687
3 0.6278646 0.5855469 0.0317708 0.0523438
1 0.1812500 0.5781250 0.0291667 0.0515625
1 0.4208333 0.6257812 0.0229167 0.0421875
3 0.4268229 0.4261719 0.0234375 0.0429688
0 0.6432292 0.5300781 0.0385417 0.0289063
4 0.3937500 0.5843750 0.0302083 0.0250000
0 0.2731771 0.5097656 0.0421875 0.0320312
4 0.3934896 0.5703125 0.0182292 0.0531250
5 0.6416667 0.6250000 0.0333333 0.0421875
1 0.4046875 0.4359375 0.0385417 0.0375000
5 0.3000000 0.5433594 0.0260417 0.0554687
3 0.5356771 0.6042969 0.0286458 0.0257812
3 0.3080729 0.1664063 0.0182292 0.0593750
1 0.7674479 0.6183594 0.0369792 0.0554687
4 0.4997396 0.4367187 0.0421875 0.0296875
4 0.4291667 0.6386719 0.0302083 0.0476562
0 0.6289062 0.3199219 0.0265625 0.0507812
2 0.2640625 0.7593750 0.0354167 0.0265625
1 0.5325521 0.6644531 0.0432292 0.0335937
5 0.5643229 0.3769531 0.0317708 0.0398437
2 0.5757813 0.2203125 0.0338542 0.0375000
5 0.6268229 0.6394531 0.0255208 0.0414062
0 0.6481771 0.4363281 0.0182292 0.0414062
4 0.4666667 0.7714844 0.0385417 0.0289063
2 0.6700521 0.2757812 0.0390625 0.0265625
5 0.6598958 0.5273438 0.0406250 0.0359375
2 0.2895833 0.6156250 0.0437500 0.0406250
5 0.4502604 0.8472656 0.0286458 0.0507812
5 0.6283854 0.8015625 0.0307292 0.0515625
3 0.4338542 0.2890625 0.0187500 0.0484375
3 0.5450521 0.6417969 0.0213542 0.0539063
2 0.5388021 0.5195312 0.0203125 0.0296875
1 0.3486979 0.9023438 0.0348958 0.0281250
1 0.7140625 0.6093750 0.0218750 0.0296875
0 0.5861979 0.1492188 0.0328125 0.0390625
2 0.4578125 0.5789062 0.0354167 0.0328125
3 0.4356771 0.2230469 0.0276042 0.0539063
0 0.6656250 0.6691406 0.0406250 0.0492187
7 0.4333333 0.7910156 0.0260417 0.0570312
7 0.4611979 0.7812500 0.0369792 0.0375000
9 0.5786458 0.2261719 0.0333333 0.0570312
9 0.5666667 0.9382812 0.0250000 0.0593750
8 0.6302083 0.3667969 0.0375000 0.0367188
8 0.4760417 0.7363281 0.0406250 0.0539063
8 0.5653646 0.7625000 0.0348958 0.0359375
10 0.7710938 0.5519531 0.0380208 0.0460938
7 0.3908854 0.5457031 0.0380208 0.0367188
7 0.4320312 0.7894531 0.0359375 0.0492187
8 0.4398437 0.2214844 0.0244792 0.0351562
11 0.4666667 0.4250000 0.0333333 0.0531250
10 0.3557292 0.5093750 0.0260417 0.0546875
7 0.5614583 0.2574219 0.0354167 0.0367188
8 0.5718750 0.3816406 0.0291667 0.0539063
9 0.3210938 0.6886719 0.0380208 0.0367188
8 0.3507812 0.5125000 0.0234375 0.0515625
