2 0.2244792 0.4554687 0.0312500 0.0375000
5 0.6424479 0.8015625 0.0255208 0.0515625
0 0.5872396 0.7773438 0.0494792 0.0546875
4 0.7148438 0.7062500 0.0609375 0.0437500
0 0.6786458 0.3531250 0.0520833 0.0500000
2 0.5716146 0.6792969 0.0432292 0.0835937
2 0.4585938 0.1484375 0.0359375 0.0671875
5 0.6492187 0.6652344 0.0546875 0.0445313
5 0.4854167 0.6023437 0.0354167 0.0687500
2 0.6768229 0.3203125 0.0338542 0.0468750
0 0.4192708 0.5414062 0.0614583 0.0500000
1 0.4802083 0.6757812 0.0302083 0.0546875
4 0.7315104 0.5640625 0.0380208 0.0640625
4 0.6864583 0.9007812 0.0541667 0.0421875
3 0.6000000 0.3277344 0.0447917 0.0398437
3 0.5041667 0.7277344 0.0583333 0.0398437
4 0.5643229 0.2175781 0.0453125 0.0367188
2 0.4809896 0.7464844 0.0369792 0.0820312
5 0.3947917 0.1257813 0.0437500 0.0484375
5 0.4328125 0.4468750 0.0270833 0.0390625
0 0.6070313 0.5324219 0.0338542 0.0898438
2 0.6140625 0.3722656 0.0427083 0.0851563
0 0.5208333 0.4101562 0.0604167 0.0375000
4 0.3742187 0.3562500 0.0578125 0.0390625
5 0.4630208 0.6414062 0.0343750 0.0484375
5 0.4320312 0.6699219 0.0276042 0.0539063
0 0.5114583 0.2695312 0.0552083 0.0390625
4 0.3539062 0.5250000 0.0401042 0.0375000
5 0.2906250 0.5222656 0.0552083 0.0367188
5 0.4177083 0.3773437 0.0437500 0.0453125
4 0.4265625 0.4183594 0.0239583 0.0617188
5 0.2757812 0.2199219 0.0276042 0.0570312
5 0.4523437 0.2617188 0.0380208 0.0328125
4 0.6052083 0.5765625 0.0510417 0.0500000
4 0.4416667 0.3746094 0.0281250 0.0835937
3 0.5119792 0.8710938 0.0437500 0.0625000
4 0.4585938 0.4660156 0.0328125 0.0835937
5 0.6187500 0.8007812 0.0302083 0.0859375
0 0.6273437 0.3824219 0.0421875 0.0476562
5 0.3796875 0.6128906 0.0468750 0.0367188
0 0.5679688 0.3343750 0.0536458 0.0406250
5 0.7044271 0.4000000 0.0484375 0.0531250
3 0.5802083 0.6042969 0.0239583 0.0554687
5 0.3908854 0.7753906 0.0546875 0.0351562
2 0.6778646 0.6550781 0.0255208 0.0742188
5 0.4700521 0.3683594 0.0328125 0.0585938
2 0.6359375 0.2000000 0.0510417 0.0421875
1 0.7471354 0.6640625 0.0505208 0.0625000
4 0.3450521 0.1191406 0.0338542 0.0773438
1 0.7294271 0.6515625 0.0453125 0.0406250
5 0.7638021 0.7031250 0.0432292 0.0796875
4 0.2471354 0.4406250 0.0369792 0.0718750
4 0.5958333 0.4570312 0.0343750 0.0375000
1 0.5567708 0.4113281 0.0343750 0.0695313
1 0.3471354 0.4632812 0.0494792 0.0343750
0 0.4742188 0.1632812 0.0369792 0.0859375
3 0.4322917 0.3394531 0.0510417 0.0632812
2 0.5283854 0.3199219 0.0265625 0.0882813
4 0.5109375 0.2824219 0.0354167 0.0492187
2 0.6195312 0.6675781 0.0494792 0.0351562
0 0.4500000 0.1878906 0.0302083 0.0804688
5 0.5687500 0.2871094 0.0416667 0.0601563
1 0.6263021 0.5792969 0.0546875 0.0367188
0 0.7070312 0.4226563 0.0609375 0.0484375
3 0.6994792 0.1191406 0.0302083 0.0898438
0 0.6036458 0.0503906 0.0270833 0.0523438
4 0.4807292 0.4640625 0.0395833 0.0359375
1 0.2960937 0.6035156 0.0557292 0.0523438
0 0.4669271 0.2019531 0.0442708 0.0726563
2 0.7236979 0.5343750 0.0526042 0.0328125
1 0.4684896 0.8906250 0.0421875 0.0734375
4 0.5145833 0.4546875 0.0312500 0.0859375
2 0.3307292 0.7175781 0.0375000 0.0414062
0 0.3968750 0.4128906 0.0510417 0.0570312
10 0.3742187 0.7363281 0.0484375 0.0523438
7 0.5138021 0.2910156 0.0515625 0.0523438
8 0.5208333 0.2570312 0.0510417 0.0531250
9 0.4033854 0.5316406 0.0484375 0.0476562
8 0.5791667 0.6949219 0.0520833 0.0539063
9 0.6744792 0.5675781 0.0510417 0.0632812
6 0.6075521 0.4824219 0.0411458 0.0835937
7 0.3643229 0.6441406 0.0421875 0.0773438
10 0.3174479 0.1679688 0.0328125 0.0750000
6 0.2825521 0.2953125 0.0546875 0.0562500
8 0.7885417 0.3539062 0.0489583 0.0843750
