2 0.6247396 0.7015625 0.0348958 0.0609375
3 0.6625000 0.2125000 0.0354167 0.0781250
5 0.4851563 0.7078125 0.0442708 0.0406250
3 0.4377604 0.8402344 0.0463542 0.0507812
4 0.7627604 0.6929688 0.0567708 0.0328125
1 0.2815104 0.5113281 0.0442708 0.0679687
4 0.6981771 0.2542969 0.0432292 0.0773438
3 0.7388021 0.5257812 0.0380208 0.0765625
2 0.5744792 0.3664062 0.0479167 0.0468750
5 0.4661458 0.7121094 0.0500000 0.0742188
3 0.6804687 0.3839844 0.0515625 0.0648438
4 0.3614583 0.5347656 0.0281250 0.0726563
3 0.5289063 0.7046875 0.0619792 0.0468750
5 0.5083333 0.2347656 0.0583333 0.0632812
1 0.5263021 0.4675781 0.0317708 0.0835937
10 0.3960938 0.6132812 0.0348958 0.0765625
9 0.6609375 0.3730469 0.0541667 0.0601563
6 0.3341146 0.6132812 0.0494792 0.0781250
11 0.6882812 0.4246094 0.0515625 0.0539063
10 0.6447917 0.3332031 0.0489583 0.0523438
9 0.5445313 0.3687500 0.0598958 0.0593750
9 0.5265625 0.5453125 0.0500000 0.0765625
9 0.6531250 0.3488281 0.0583333 0.0570312
11 0.4440104 0.8925781 0.0505208 0.0851563
10 0.6348958 0.5339844 0.0541667 0.0601563
6 0.4789062 0.6097656 0.0432292 0.0585938
9 0.3755208 0.3683594 0.0406250 0.0585938
