2 0.3895833 0.1218750 0.0614583 0.0468750
0 0.6557292 0.5281250 0.0468750 0.0546875
0 0.4901042 0.1718750 0.0510417 0.0625000
4 0.3601563 0.6070313 0.0505208 0.0765625
1 0.4796875 0.2230469 0.0583333 0.0398437
4 0.4859375 0.5335937 0.0635417 0.0515625
2 0.5648437 0.3843750 0.0671875 0.0437500
3 0.4403646 0.3539062 0.0286458 0.0843750
2 0.6255208 0.3277344 0.0656250 0.0445313
2 0.7244792 0.6078125 0.0333333 0.0531250
0 0.6658854 0.7140625 0.0265625 0.0421875
3 0.4911458 0.2406250 0.0500000 0.0687500
5 0.6138021 0.3480469 0.0578125 0.0585938
4 0.3729167 0.4726562 0.0468750 0.0593750
4 0.6335937 0.8132812 0.0473958 0.0703125
0 0.6708333 0.8218750 0.0572917 0.0515625
3 0.4872396 0.3859375 0.0307292 0.0562500
0 0.7533854 0.5148438 0.0567708 0.0625000
4 0.4773438 0.4585938 0.0588542 0.0484375
0 0.6458333 0.2625000 0.0604167 0.0640625
5 0.2911458 0.7214844 0.0500000 0.0492187
3 0.6156250 0.3988281 0.0354167 0.0585938
9 0.4906250 0.8117188 0.0458333 0.0796875
9 0.5335937 0.6179687 0.0432292 0.0609375
9 0.5489583 0.4574219 0.0583333 0.0710937
10 0.6729167 0.7449219 0.0427083 0.0820312
7 0.2747396 0.3367188 0.0619792 0.0593750
6 0.4807292 0.4195313 0.0645833 0.0671875
7 0.3484375 0.8707031 0.0531250 0.0882813
10 0.6187500 0.6746094 0.0562500 0.0554687
7 0.5507812 0.7593750 0.0401042 0.0906250
8 0.4382813 0.6875000 0.0567708 0.0875000
11 0.5455729 0.8273438 0.0578125 0.0578125
7 0.6557292 0.8269531 0.0385417 0.0585938
8 0.6567708 0.9167969 0.0604167 0.0648438
7 0.5888021 0.4960938 0.0473958 0.0671875
8 0.3882813 0.7667969 0.0421875 0.1023437
11 0.4395833 0.8257813 0.0583333 0.0656250
7 0.4247396 0.6015625 0.0494792 0.0718750
9 0.5333333 0.8210937 0.0604167 0.0890625
9 0.4109375 0.8175781 0.0541667 0.0820312
