3 0.5789062 0.2101562 0.0890625 0.0703125
3 0.7302083 0.6808594 0.0697917 0.0867187
0 0.6614583 0.3105469 0.0645833 0.0976562
4 0.7385417 0.7445312 0.0687500 0.0953125
2 0.3309896 0.6449219 0.0817708 0.0710937
0 0.5856771 0.6484375 0.0828125 0.0671875
4 0.5518229 0.7230469 0.0296875 0.0710937
5 0.6429687 0.3335938 0.0755208 0.0781250
5 0.4205729 0.6050781 0.0911458 0.0804688
4 0.6682292 0.3535156 0.0864583 0.0742188
0 0.6346354 0.4125000 0.0807292 0.0843750
0 0.6903646 0.4074219 0.0828125 0.0882813
0 0.5213542 0.9464844 0.0510417 0.1054688
0 0.5356771 0.8710938 0.0473958 0.1187500
3 0.2809896 0.3785156 0.0880208 0.0601563
0 0.3619792 0.3968750 0.0437500 0.1281250
5 0.5354167 0.7277344 0.0489583 0.0726563
1 0.7661458 0.3679688 0.0437500 0.0718750
3 0.3145833 0.4941406 0.0864583 0.0570312
5 0.3539062 0.2898438 0.0880208 0.0625000
4 0.6018229 0.5109375 0.0713542 0.0875000
0 0.7468750 0.4445312 0.0833333 0.0781250
2 0.6380208 0.7000000 0.0718750 0.0812500
3 0.5791667 0.3640625 0.0541667 0.0609375
5 0.5130208 0.6175781 0.0354167 0.0757812
1 0.4591146 0.2886719 0.0505208 0.1367188
2 0.2809896 0.5082031 0.0848958 0.0679687
0 0.5976562 0.4742188 0.0390625 0.1109375
4 0.4333333 0.1460937 0.0447917 0.0984375
3 0.2822917 0.3195312 0.0812500 0.0531250
2 0.5992188 0.1039063 0.0619792 0.1218750
4 0.5611979 0.3402344 0.0661458 0.0679687
0 0.7755208 0.6285156 0.0656250 0.0679687
0 0.4591146 0.8281250 0.0546875 0.1328125
1 0.5403646 0.3796875 0.0869792 0.0625000
1 0.6080729 0.2988281 0.0932292 0.0851563
0 0.2130208 0.5167969 0.0875000 0.0804688
4 0.5674479 0.3265625 0.0682292 0.0968750
2 0.5510417 0.4710937 0.0510417 0.1078125
2 0.4705729 0.6128906 0.0463542 0.1039063
3 0.5653646 0.0328125 0.0817708 0.0593750
0 0.4291667 0.5566406 0.0541667 0.1273438
0 0.5536458 0.8964844 0.0572917 0.1117188
5 0.7023438 0.5378906 0.0859375 0.0710937
5 0.5033854 0.5488281 0.0515625 0.1101562
3 0.4973958 0.7589844 0.0812500 0.0570312
4 0.7171875 0.2453125 0.0833333 0.0578125
5 0.7002604 0.5105469 0.0598958 0.0929688
5 0.6994792 0.5289063 0.0614583 0.0671875
3 0.3989583 0.1968750 0.0718750 0.0968750
0 0.4875000 0.3078125 0.0583333 0.0843750
4 0.7815104 0.6246094 0.0651042 0.1179687
2 0.7812500 0.3617187 0.0708333 0.0593750
3 0.7307292 0.6617188 0.0843750 0.0531250
1 0.5859375 0.6875000 0.0427083 0.0968750
2 0.4244792 0.6019531 0.0593750 0.0867187
3 0.4856771 0.7550781 0.0505208 0.1273438
1 0.6380208 0.3152344 0.0479167 0.0820312
1 0.7119792 0.7492188 0.0354167 0.1156250
2 0.5395833 0.5179687 0.0760417 0.0546875
0 0.6346354 0.7750000 0.0609375 0.0593750
2 0.4747396 0.6511719 0.0786458 0.0773438
2 0.5328125 0.7550781 0.0447917 0.1179687
4 0.5940104 0.1414063 0.0682292 0.0593750
1 0.7583333 0.4593750 0.0885417 0.0593750
5 0.6835938 0.4292969 0.0942708 0.0679687
4 0.4611979 0.3429687 0.0359375 0.1234375
3 0.5304688 0.3003906 0.0442708 0.0648438
4 0.7341146 0.1796875 0.0598958 0.1031250
5 0.5119792 0.2855469 0.0458333 0.1257813
5 0.5526042 0.0304687 0.0677083 0.0609375
0 0.7007813 0.6246094 0.0901042 0.0617188
0 0.6221354 0.8675781 0.0588542 0.0585938
4 0.6559896 0.6742187 0.0890625 0.0703125
11 0.4812500 0.2824219 0.0875000 0.0851563
8 0.6492187 0.0867187 0.0723958 0.0812500
9 0.5468750 0.2984375 0.0750000 0.0796875
10 0.5565104 0.7292969 0.0765625 0.0804688
8 0.7101563 0.3929687 0.0744792 0.1000000
9 0.7307292 0.6941406 0.0770833 0.0726563
6 0.1973958 0.7953125 0.0833333 0.0812500
10 0.6380208 0.0574219 0.0520833 0.1148437
11 0.6523438 0.5273438 0.0786458 0.0765625
8 0.7106771 0.3789062 0.0505208 0.0750000
9 0.6666667 0.5503906 0.0697917 0.0992187
10 0.4872396 0.6894531 0.0734375 0.1273438
6 0.6296875 0.8316406 0.0666667 0.0945312
11 0.6393229 0.2398437 0.0817708 0.0796875
