4 0.6143229 0.6109375 0.0296875 0.0296875
2 0.5343750 0.5265625 0.0145833 0.0250000
1 0.4315104 0.4429688 0.0296875 0.0187500
2 0.4958333 0.5000000 0.0260417 0.0218750
1 0.6497396 0.4910156 0.0296875 0.0226562
2 0.6299479 0.7617188 0.0244792 0.0281250
3 0.3401042 0.3531250 0.0302083 0.0187500
3 0.4833333 0.3914063 0.0229167 0.0234375
5 0.3960938 0.3675781 0.0265625 0.0242188
5 0.5973958 0.4832031 0.0260417 0.0289063
1 0.5184896 0.4925781 0.0276042 0.0195312
4 0.7385417 0.5953125 0.0187500 0.0187500
1 0.4591146 0.4074219 0.0213542 0.0335937
1 0.6606771 0.4964844 0.0328125 0.0226562
5 0.6299479 0.4863281 0.0223958 0.0398437
2 0.3942708 0.6839844 0.0229167 0.0367188
0 0.6929688 0.3996094 0.0171875 0.0210938
1 0.4893229 0.7664062 0.0296875 0.0234375
4 0.2700521 0.4949219 0.0161458 0.0226562
4 0.3861979 0.4351563 0.0213542 0.0281250
4 0.4354167 0.6308594 0.0145833 0.0398437
3 0.3002604 0.5191406 0.0244792 0.0351562
4 0.6031250 0.1253906 0.0177083 0.0414062
2 0.5828125 0.5769531 0.0270833 0.0195312
0 0.5765625 0.5320312 0.0166667 0.0468750
9 0.3710938 0.3339844 0.0286458 0.0320312
6 0.5338542 0.6226563 0.0291667 0.0281250
9 0.6481771 0.3167969 0.0265625 0.0320312
7 0.6114583 0.2507813 0.0270833 0.0343750
