1 0.3903646 0.7628906 0.0140625 0.0414062
0 0.7242188 0.2714844 0.0140625 0.0257812
2 0.6044271 0.2156250 0.0276042 0.0156250
0 0.6216146 0.5472656 0.0161458 0.0257812
5 0.3760417 0.6609375 0.0135417 0.0171875
4 0.5716146 0.5066406 0.0223958 0.0242188
1 0.5268229 0.2691406 0.0182292 0.0304687
0 0.5984375 0.4234375 0.0270833 0.0234375
5 0.5583333 0.6015625 0.0260417 0.0203125
1 0.4072917 0.5867187 0.0156250 0.0437500
0 0.5028646 0.8089844 0.0213542 0.0195312
1 0.4229167 0.3839844 0.0177083 0.0164063
3 0.3861979 0.2281250 0.0192708 0.0250000
3 0.5033854 0.2058594 0.0234375 0.0195312
4 0.5377604 0.4808594 0.0265625 0.0210938
4 0.7442708 0.7839844 0.0197917 0.0195312
5 0.3580729 0.5683594 0.0192708 0.0226562
3 0.4679687 0.4261719 0.0151042 0.0304687
5 0.6203125 0.4632812 0.0177083 0.0203125
1 0.5195312 0.1914062 0.0223958 0.0171875
2 0.5520833 0.6699219 0.0250000 0.0257812
5 0.4562500 0.1968750 0.0177083 0.0234375
3 0.4526042 0.2746094 0.0260417 0.0226562
5 0.6429687 0.5453125 0.0276042 0.0171875
5 0.6583333 0.5429688 0.0166667 0.0359375
2 0.5492187 0.3882813 0.0255208 0.0187500
3 0.5726562 0.3589844 0.0130208 0.0367188
3 0.5950521 0.7011719 0.0265625 0.0226562
4 0.4367187 0.8808594 0.0265625 0.0195312
2 0.3294271 0.7906250 0.0234375 0.0203125
1 0.6033854 0.7839844 0.0192708 0.0335937
2 0.3536458 0.6597656 0.0145833 0.0445313
1 0.6723958 0.3339844 0.0281250 0.0242188
2 0.3664062 0.2703125 0.0213542 0.0359375
3 0.6218750 0.4375000 0.0145833 0.0218750
2 0.5744792 0.3414063 0.0229167 0.0265625
1 0.5388021 0.7226562 0.0244792 0.0171875
4 0.5822917 0.8457031 0.0270833 0.0210938
1 0.5601563 0.5515625 0.0213542 0.0203125
3 0.5164062 0.2675781 0.0255208 0.0179687
4 0.6770833 0.6363281 0.0166667 0.0242188
3 0.5796875 0.4675781 0.0197917 0.0226562
5 0.5526042 0.5062500 0.0208333 0.0234375
1 0.5333333 0.5054688 0.0291667 0.0203125
2 0.3653646 0.6804687 0.0140625 0.0218750
0 0.3710938 0.3687500 0.0171875 0.0328125
0 0.5588542 0.3218750 0.0291667 0.0187500
0 0.5398437 0.2304688 0.0276042 0.0218750
3 0.4705729 0.7429687 0.0223958 0.0328125
4 0.3515625 0.4652344 0.0145833 0.0367188
0 0.4518229 0.2648437 0.0151042 0.0187500
3 0.6934896 0.2359375 0.0276042 0.0281250
4 0.6804687 0.4011719 0.0119792 0.0226562
4 0.5388021 0.0867187 0.0213542 0.0328125
2 0.6494792 0.6953125 0.0291667 0.0234375
2 0.3895833 0.5339844 0.0197917 0.0257812
5 0.4015625 0.7597656 0.0187500 0.0242188
1 0.5890625 0.4199219 0.0177083 0.0320312
2 0.5299479 0.5203125 0.0203125 0.0312500
4 0.4140625 0.0699219 0.0166667 0.0320312
0 0.5388021 0.7574219 0.0161458 0.0414062
2 0.4263021 0.7933594 0.0255208 0.0257812
0 0.3296875 0.4519531 0.0166667 0.0257812
0 0.4312500 0.3296875 0.0281250 0.0203125
5 0.2968750 0.6449219 0.0135417 0.0351562
5 0.5403646 0.4714844 0.0192708 0.0210938
5 0.6427083 0.6734375 0.0218750 0.0281250
3 0.3510417 0.3167969 0.0135417 0.0367188
3 0.3716146 0.5203125 0.0244792 0.0218750
3 0.4807292 0.2718750 0.0177083 0.0187500
2 0.5458333 0.5910156 0.0270833 0.0195312
3 0.5572917 0.2164062 0.0177083 0.0359375
3 0.4348958 0.4242187 0.0302083 0.0281250
1 0.5106771 0.3039062 0.0119792 0.0312500
5 0.6854167 0.5597656 0.0281250 0.0273438
0 0.4427083 0.4695313 0.0270833 0.0218750
2 0.5562500 0.5882812 0.0229167 0.0312500
1 0.6559896 0.5621094 0.0255208 0.0210938
5 0.7013021 0.4695313 0.0265625 0.0312500
5 0.5791667 0.7269531 0.0218750 0.0335937
7 0.5572917 0.4343750 0.0197917 0.0218750
8 0.6828125 0.5824219 0.0270833 0.0273438
7 0.7281250 0.4082031 0.0260417 0.0257812
7 0.5578125 0.2472656 0.0260417 0.0382813
9 0.6656250 0.3000000 0.0270833 0.0265625
10 0.5140625 0.2796875 0.0166667 0.0281250
