3 0.6877604 0.4613281 0.0328125 0.0367188
4 0.6893229 0.4078125 0.0369792 0.0265625
5 0.4729167 0.3570313 0.0177083 0.0468750
4 0.3963542 0.6593750 0.0322917 0.0281250
5 0.3234375 0.8015625 0.0312500 0.0343750
1 0.5864583 0.4281250 0.0333333 0.0421875
2 0.7638021 0.5457031 0.0411458 0.0289063
2 0.6000000 0.7273437 0.0364583 0.0359375
3 0.5502604 0.7050781 0.0328125 0.0476562
1 0.4236979 0.8007812 0.0348958 0.0250000
4 0.5783854 0.2628906 0.0223958 0.0523438
3 0.4453125 0.5191406 0.0197917 0.0335937
5 0.3127604 0.6976562 0.0348958 0.0296875
5 0.6052083 0.2855469 0.0281250 0.0523438
1 0.5851563 0.7984375 0.0359375 0.0265625
3 0.6473958 0.5074219 0.0406250 0.0257812
11 0.6559896 0.5906250 0.0338542 0.0328125
7 0.3096354 0.2738281 0.0328125 0.0320312
9 0.4695313 0.6828125 0.0223958 0.0453125
10 0.6934896 0.6664062 0.0359375 0.0359375
8 0.3934896 0.7203125 0.0359375 0.0359375
11 0.4666667 0.2183594 0.0239583 0.0476562
6 0.2716146 0.2968750 0.0369792 0.0531250
7 0.5184896 0.6453125 0.0307292 0.0453125
10 0.5924479 0.8523437 0.0234375 0.0531250
10 0.4992187 0.2398437 0.0296875 0.0359375
9 0.4875000 0.7742187 0.0239583 0.0484375
9 0.5768229 0.3179688 0.0380208 0.0359375
10 0.3760417 0.5214844 0.0364583 0.0367188
7 0.6674479 0.4921875 0.0338542 0.0375000
8 0.2742188 0.4691406 0.0348958 0.0554687
