3 0.3721354 0.6121094 0.0276042 0.0351562
3 0.5119792 0.3179688 0.0291667 0.0812500
0 0.5942708 0.5789062 0.0291667 0.0515625
5 0.4104167 0.2914062 0.0427083 0.0546875
2 0.5695313 0.3000000 0.0411458 0.0531250
4 0.5304688 0.4667969 0.0494792 0.0460938
1 0.5140625 0.7546875 0.0520833 0.0375000
4 0.5263021 0.7152344 0.0255208 0.0414062
0 0.6632813 0.4671875 0.0442708 0.0671875
0 0.5294271 0.5835938 0.0484375 0.0500000
1 0.6039062 0.1691406 0.0453125 0.0523438
3 0.6981771 0.6394531 0.0411458 0.0507812
1 0.6263021 0.3203125 0.0317708 0.0718750
2 0.5010417 0.1210938 0.0322917 0.0671875
2 0.5377604 0.0179687 0.0307292 0.0359375
3 0.6145833 0.5222656 0.0333333 0.0617188
1 0.6041667 0.0851563 0.0312500 0.0828125
3 0.6468750 0.5226563 0.0312500 0.0687500
0 0.3747396 0.2398437 0.0546875 0.0500000
5 0.6020833 0.3753906 0.0416667 0.0632812
4 0.7247396 0.4441406 0.0567708 0.0492187
3 0.7164063 0.3703125 0.0536458 0.0359375
2 0.7046875 0.3992188 0.0531250 0.0328125
3 0.5135417 0.2058594 0.0500000 0.0414062
4 0.5294271 0.5980469 0.0296875 0.0492187
0 0.4578125 0.4750000 0.0333333 0.0796875
3 0.7656250 0.4343750 0.0270833 0.0828125
3 0.7234375 0.6976562 0.0364583 0.0703125
1 0.3875000 0.7531250 0.0333333 0.0812500
3 0.2752604 0.3339844 0.0411458 0.0429688
4 0.3085938 0.5355469 0.0473958 0.0585938
9 0.4898438 0.6886719 0.0307292 0.0710937
8 0.4789062 0.4359375 0.0328125 0.0750000
8 0.5145833 0.4882812 0.0364583 0.0531250
9 0.5898438 0.3253906 0.0484375 0.0523438
8 0.5799479 0.1480469 0.0505208 0.0539063
6 0.4723958 0.3882813 0.0427083 0.0625000
