0 0.6226563 0.4484375 0.0453125 0.0343750
0 0.5919271 0.4257812 0.0515625 0.0531250
1 0.6078125 0.5746094 0.0416667 0.0304687
2 0.3283854 0.5007812 0.0265625 0.0750000
2 0.5955729 0.7734375 0.0359375 0.0500000
1 0.6192708 0.7980469 0.0520833 0.0335937
4 0.4278646 0.3582031 0.0567708 0.0445313
0 0.5114583 0.1601562 0.0260417 0.0390625
3 0.5174479 0.1500000 0.0317708 0.0671875
4 0.6255208 0.4816406 0.0479167 0.0335937
3 0.6174479 0.3878906 0.0526042 0.0382813
0 0.6057292 0.7671875 0.0375000 0.0750000
3 0.5567708 0.3894531 0.0479167 0.0320312
0 0.5617188 0.2601562 0.0265625 0.0562500
2 0.7872396 0.2882812 0.0453125 0.0421875
0 0.4388021 0.2449219 0.0296875 0.0304687
1 0.6205729 0.1894531 0.0348958 0.0726563
2 0.3140625 0.6074219 0.0354167 0.0367188
1 0.5523438 0.2949219 0.0286458 0.0726563
4 0.6187500 0.6410156 0.0302083 0.0460938
0 0.5088542 0.8535156 0.0260417 0.0757812
5 0.5916667 0.4308594 0.0395833 0.0539063
5 0.4114583 0.4843750 0.0343750 0.0421875
5 0.2380208 0.6085938 0.0489583 0.0500000
2 0.6322917 0.7367187 0.0343750 0.0500000
3 0.6278646 0.6085938 0.0484375 0.0312500
5 0.4927083 0.6531250 0.0322917 0.0859375
2 0.3205729 0.1500000 0.0348958 0.0750000
2 0.3632812 0.6027344 0.0515625 0.0554687
2 0.6117187 0.7394531 0.0421875 0.0585938
3 0.5411458 0.2628906 0.0302083 0.0804688
0 0.6033854 0.5445313 0.0526042 0.0375000
0 0.7049479 0.4492188 0.0432292 0.0546875
5 0.6945313 0.3687500 0.0265625 0.0656250
2 0.7747396 0.1472656 0.0255208 0.0789062
2 0.6627604 0.4660156 0.0526042 0.0476562
2 0.6666667 0.8035156 0.0500000 0.0554687
2 0.6627604 0.6218750 0.0401042 0.0453125
2 0.5044271 0.4824219 0.0328125 0.0507812
2 0.6322917 0.8546875 0.0208333 0.0843750
3 0.4830729 0.6542969 0.0234375 0.0523438
5 0.5260417 0.7871094 0.0500000 0.0382813
1 0.6950521 0.2031250 0.0515625 0.0421875
3 0.4166667 0.8289062 0.0510417 0.0437500
4 0.6861979 0.4101562 0.0369792 0.0421875
0 0.6950521 0.4257812 0.0515625 0.0343750
5 0.2875000 0.6257812 0.0260417 0.0500000
2 0.6114583 0.2921875 0.0229167 0.0484375
3 0.2572917 0.4929688 0.0552083 0.0375000
3 0.7460938 0.5878906 0.0296875 0.0539063
1 0.7046875 0.3050781 0.0333333 0.0523438
2 0.7143229 0.5699219 0.0244792 0.0757812
0 0.3565104 0.7628906 0.0296875 0.0648438
3 0.4382813 0.3550781 0.0296875 0.0851563
1 0.6200521 0.4214844 0.0473958 0.0601563
9 0.6541667 0.7859375 0.0489583 0.0562500
10 0.5526042 0.7542969 0.0312500 0.0710937
9 0.5838542 0.6121094 0.0458333 0.0664062
7 0.5856771 0.3765625 0.0307292 0.0718750
6 0.4783854 0.9093750 0.0432292 0.0718750
11 0.3002604 0.7218750 0.0442708 0.0750000
8 0.3895833 0.7730469 0.0385417 0.0726563
7 0.5640625 0.8343750 0.0312500 0.0656250
9 0.6151042 0.5089844 0.0447917 0.0460938
10 0.3531250 0.2800781 0.0500000 0.0554687
6 0.6067708 0.7996094 0.0406250 0.0726563
8 0.6247396 0.3636719 0.0494792 0.0476562
9 0.4835937 0.6164063 0.0453125 0.0562500
6 0.5731771 0.9167969 0.0380208 0.0710937
8 0.5463542 0.5800781 0.0489583 0.0476562
