2 0.5010417 0.1847656 0.0479167 0.0851563
5 0.5221354 0.1453125 0.0734375 0.0687500
5 0.6489583 0.3339844 0.0364583 0.0601563
2 0.5054688 0.1257813 0.0463542 0.0968750
4 0.5057292 0.8242188 0.0760417 0.0609375
0 0.7864583 0.4464844 0.0770833 0.0570312
4 0.6031250 0.3246094 0.0760417 0.0539063
2 0.5807292 0.4777344 0.0708333 0.0539063
4 0.3000000 0.4695313 0.0625000 0.0578125
2 0.6739583 0.5558594 0.0666667 0.0851563
5 0.5013021 0.3691406 0.0671875 0.0835937
3 0.3151042 0.2195313 0.0406250 0.0812500
1 0.6726562 0.5398437 0.0848958 0.0515625
2 0.6161458 0.6863281 0.0843750 0.0554687
4 0.7184896 0.5515625 0.0817708 0.0687500
5 0.5593750 0.5804687 0.0625000 0.0921875
4 0.4815104 0.6746094 0.0630208 0.0632812
0 0.5145833 0.4191406 0.0395833 0.1101562
4 0.5213542 0.1203125 0.0729167 0.0703125
2 0.7739583 0.4593750 0.0666667 0.0890625
5 0.6294271 0.2722656 0.0734375 0.0570312
4 0.4830729 0.5839844 0.0755208 0.0445313
5 0.7497396 0.5433594 0.0723958 0.0726563
2 0.6000000 0.1316406 0.0812500 0.0632812
4 0.4716146 0.3746094 0.0390625 0.0679687
5 0.5445313 0.6652344 0.0536458 0.0757812
5 0.6424479 0.2246094 0.0755208 0.0554687
2 0.4229167 0.2312500 0.0729167 0.0671875
0 0.4833333 0.0937500 0.0541667 0.1046875
1 0.7260417 0.5597656 0.0791667 0.0539063
8 0.5203125 0.3140625 0.0729167 0.0765625
10 0.6585937 0.6886719 0.0692708 0.0664062
9 0.5023437 0.6417969 0.0817708 0.0789062
8 0.6460938 0.5218750 0.0723958 0.0718750
9 0.7828125 0.2542969 0.0802083 0.0773438
11 0.6611979 0.3046875 0.0713542 0.0859375
7 0.5645833 0.9218750 0.0479167 0.1093750
11 0.5471354 0.3382812 0.0723958 0.0796875
8 0.5809896 0.6250000 0.0609375 0.0796875
6 0.4229167 0.6089844 0.0718750 0.0726563
11 0.3916667 0.4031250 0.0770833 0.0859375
10 0.6533854 0.5277344 0.0734375 0.0726563
11 0.2976563 0.5550781 0.0765625 0.0726563
8 0.3507812 0.1488281 0.0671875 0.0742188
6 0.5815104 0.6683594 0.0651042 0.0882813
8 0.2385417 0.5031250 0.0614583 0.1109375
10 0.6671875 0.6101562 0.0656250 0.0671875
6 0.3010417 0.3812500 0.0802083 0.1093750
10 0.6437500 0.2851562 0.0656250 0.0703125
9 0.6203125 0.4257812 0.0718750 0.1140625
