2 0.7179688 0.6925781 0.0276042 0.0242188
3 0.6354167 0.4117188 0.0312500 0.0250000
2 0.4812500 0.8140625 0.0260417 0.0312500
1 0.5333333 0.2636719 0.0250000 0.0210938
5 0.7729167 0.4890625 0.0229167 0.0281250
0 0.3664062 0.3226562 0.0140625 0.0218750
5 0.2895833 0.8066406 0.0145833 0.0445313
3 0.6406250 0.7753906 0.0270833 0.0320312
0 0.2195313 0.5855469 0.0244792 0.0289063
4 0.5973958 0.2664063 0.0156250 0.0437500
0 0.3330729 0.7156250 0.0151042 0.0171875
3 0.5127604 0.4847656 0.0130208 0.0414062
1 0.5388021 0.1917969 0.0171875 0.0429688
5 0.5299479 0.3558594 0.0161458 0.0414062
2 0.5156250 0.3960938 0.0166667 0.0328125
5 0.6036458 0.6078125 0.0281250 0.0218750
0 0.6000000 0.8039063 0.0260417 0.0203125
5 0.6843750 0.1597656 0.0187500 0.0273438
2 0.5414062 0.7753906 0.0182292 0.0257812
2 0.6174479 0.4351563 0.0171875 0.0296875
0 0.5005208 0.4218750 0.0239583 0.0234375
3 0.2716146 0.3320312 0.0223958 0.0281250
4 0.6583333 0.2621094 0.0302083 0.0179687
3 0.7304688 0.3585937 0.0244792 0.0203125
0 0.3854167 0.0957031 0.0250000 0.0195312
1 0.6838542 0.5472656 0.0239583 0.0335937
3 0.5104167 0.7015625 0.0177083 0.0203125
1 0.5179687 0.2363281 0.0192708 0.0398437
4 0.5294271 0.5296875 0.0192708 0.0234375
5 0.5609375 0.4664063 0.0281250 0.0203125
2 0.5213542 0.8746094 0.0218750 0.0320312
3 0.3052083 0.7082031 0.0312500 0.0242188
4 0.3916667 0.1906250 0.0166667 0.0437500
1 0.7335938 0.6964844 0.0151042 0.0429688
4 0.5127604 0.3730469 0.0234375 0.0289063
5 0.5783854 0.5609375 0.0255208 0.0265625
4 0.6377604 0.5246094 0.0203125 0.0273438
3 0.5575521 0.5519531 0.0276042 0.0210938
0 0.5955729 0.0621094 0.0182292 0.0414062
5 0.4427083 0.1816406 0.0145833 0.0429688
1 0.4947917 0.1750000 0.0270833 0.0265625
4 0.5872396 0.9578125 0.0151042 0.0437500
11 0.5088542 0.1804688 0.0291667 0.0281250
6 0.6875000 0.3464844 0.0291667 0.0289063
10 0.7273437 0.5367188 0.0276042 0.0281250
6 0.6520833 0.3933594 0.0302083 0.0320312
9 0.4046875 0.1691406 0.0270833 0.0382813
11 0.6203125 0.5617188 0.0291667 0.0281250
7 0.6804687 0.5039062 0.0286458 0.0406250
8 0.3789062 0.6687500 0.0234375 0.0375000
7 0.5427083 0.4800781 0.0260417 0.0382813
10 0.5213542 0.4445312 0.0250000 0.0250000
9 0.6234375 0.2234375 0.0187500 0.0406250
