4 0.4283854 0.8109375 0.0807292 0.0671875
1 0.3994792 0.2179687 0.0875000 0.0468750
1 0.6747396 0.3214844 0.0651042 0.0742188
0 0.6104167 0.2296875 0.0854167 0.0609375
5 0.6250000 0.5593750 0.0572917 0.1000000
4 0.7161458 0.1843750 0.0458333 0.0843750
4 0.5674479 0.6937500 0.0911458 0.0578125
2 0.5328125 0.4273438 0.0520833 0.1078125
1 0.3122396 0.4960938 0.0557292 0.1250000
1 0.6770833 0.4027344 0.0958333 0.0757812
4 0.5216146 0.6281250 0.0567708 0.0843750
0 0.4713542 0.2601562 0.0385417 0.1187500
4 0.6908854 0.6117187 0.0869792 0.1171875
0 0.6302083 0.4281250 0.0427083 0.0734375
1 0.5981771 0.5906250 0.0828125 0.0734375
1 0.5447917 0.5035156 0.0854167 0.0617188
1 0.5505208 0.7476563 0.0916667 0.0640625
0 0.5955729 0.7070312 0.0536458 0.1125000
2 0.5973958 0.3746094 0.0625000 0.0976562
4 0.3489583 0.5835938 0.0687500 0.0687500
3 0.5341146 0.3085938 0.0557292 0.0734375
5 0.5278646 0.3421875 0.0453125 0.1343750
1 0.3742187 0.1863281 0.0744792 0.0632812
4 0.7442708 0.4253906 0.0958333 0.0695313
1 0.4026042 0.6910156 0.0520833 0.1179687
2 0.6713542 0.3980469 0.0864583 0.0585938
2 0.6658854 0.3828125 0.0932292 0.0859375
2 0.6338542 0.7371094 0.0802083 0.0617188
2 0.7835937 0.3609375 0.0786458 0.0687500
3 0.6854167 0.7859375 0.0687500 0.0875000
0 0.6544271 0.7761719 0.0765625 0.1148437
5 0.5289063 0.7117187 0.0401042 0.0734375
5 0.4187500 0.5238281 0.0604167 0.1164063
5 0.4338542 0.2824219 0.0760417 0.0851563
5 0.5992188 0.1304687 0.0640625 0.1140625
4 0.5822917 0.4839844 0.0750000 0.0835937
4 0.3164062 0.3316406 0.0880208 0.0617188
0 0.3630208 0.4574219 0.0406250 0.0789062
3 0.3869792 0.1707031 0.0833333 0.0679687
2 0.4005208 0.6000000 0.0697917 0.0796875
0 0.6424479 0.5082031 0.0838542 0.0976562
3 0.5875000 0.8523437 0.0645833 0.0875000
2 0.3783854 0.9511719 0.0463542 0.0960938
0 0.4971354 0.5484375 0.0796875 0.0765625
1 0.4408854 0.5851563 0.0848958 0.1093750
4 0.8080729 0.3589844 0.0651042 0.0539063
2 0.5479167 0.8324219 0.0656250 0.0867187
5 0.2408854 0.6734375 0.0692708 0.1250000
4 0.5286458 0.2035156 0.0854167 0.0632812
4 0.5731771 0.7406250 0.0442708 0.0656250
1 0.4893229 0.0664062 0.0598958 0.1281250
4 0.5804687 0.8320312 0.0744792 0.1000000
2 0.4598958 0.1625000 0.0552083 0.1015625
4 0.3127604 0.0414062 0.0630208 0.0828125
1 0.7721354 0.4886719 0.0859375 0.0820312
4 0.5210938 0.8976563 0.0473958 0.1343750
5 0.6601562 0.2941406 0.0578125 0.1398437
1 0.6757812 0.2300781 0.0848958 0.0601563
2 0.3468750 0.4593750 0.0541667 0.0796875
4 0.3697917 0.7000000 0.0447917 0.1421875
4 0.6838542 0.5914063 0.0854167 0.0765625
0 0.6760417 0.1976563 0.0979167 0.0640625
4 0.3085938 0.2656250 0.0671875 0.1218750
3 0.6796875 0.6691406 0.0989583 0.0632812
1 0.3598958 0.3699219 0.0802083 0.0570312
5 0.4221354 0.3382812 0.0703125 0.1171875
0 0.3468750 0.3214844 0.0833333 0.0742188
2 0.7039062 0.7324219 0.0744792 0.0789062
5 0.4945312 0.7832031 0.0651042 0.1320312
0 0.2986979 0.7292969 0.0932292 0.0773438
0 0.7377604 0.4980469 0.0880208 0.0898438
3 0.6656250 0.8015625 0.0885417 0.0656250
5 0.4395833 0.4710937 0.0958333 0.0593750
5 0.4739583 0.5097656 0.0729167 0.0945312
5 0.5869792 0.8917969 0.0416667 0.0695313
2 0.3677083 0.5058594 0.0500000 0.0773438
0 0.5770833 0.6039062 0.0708333 0.0921875
11 0.4250000 0.4082031 0.0927083 0.0945312
9 0.7010417 0.3417969 0.0541667 0.1179687
8 0.7307292 0.4828125 0.0854167 0.1375000
10 0.7026042 0.3542969 0.0791667 0.0773438
9 0.3903646 0.4820313 0.0869792 0.0937500
10 0.5994792 0.7406250 0.0687500 0.1078125
11 0.5869792 0.9460937 0.0770833 0.1062500
8 0.3221354 0.1109375 0.0880208 0.1218750
6 0.6111979 0.1691406 0.0557292 0.1226562
11 0.4468750 0.3789062 0.0833333 0.1187500
11 0.5236979 0.6562500 0.0776042 0.1125000
11 0.3606771 0.2191406 0.0661458 0.1304687
10 0.5541667 0.4968750 0.0541667 0.1125000
7 0.2401042 0.8578125 0.0895833 0.0875000
11 0.6604167 0.7339844 0.0843750 0.0960938
11 0.6307292 0.2472656 0.0885417 0.1132812
