0 0.6934896 0.3347656 0.0234375 0.0414062
2 0.5848958 0.5062500 0.0177083 0.0312500
4 0.7000000 0.3070312 0.0354167 0.0375000
4 0.5421875 0.8363281 0.0239583 0.0242188
3 0.5692708 0.7023438 0.0208333 0.0250000
1 0.3825521 0.5394531 0.0338542 0.0320312
4 0.5817708 0.2050781 0.0177083 0.0289063
5 0.4138021 0.6292969 0.0151042 0.0492187
1 0.6559896 0.3042969 0.0255208 0.0320312
5 0.5179687 0.3460937 0.0338542 0.0312500
3 0.6669271 0.7515625 0.0380208 0.0406250
5 0.6395833 0.8136719 0.0416667 0.0257812
5 0.5171875 0.3902344 0.0354167 0.0273438
4 0.3851562 0.1523438 0.0223958 0.0562500
1 0.4388021 0.2351563 0.0161458 0.0375000
0 0.3442708 0.3316406 0.0197917 0.0585938
2 0.6546875 0.5847656 0.0364583 0.0257812
3 0.6343750 0.3070312 0.0343750 0.0250000
1 0.5562500 0.3593750 0.0385417 0.0296875
0 0.6388021 0.8765625 0.0369792 0.0328125
4 0.5914063 0.2582031 0.0265625 0.0523438
5 0.4898438 0.3726563 0.0359375 0.0421875
3 0.6846354 0.4070313 0.0182292 0.0296875
2 0.4046875 0.6433594 0.0208333 0.0320312
0 0.6697917 0.2671875 0.0364583 0.0250000
2 0.5484375 0.2058594 0.0364583 0.0304687
3 0.6260417 0.4601562 0.0322917 0.0265625
5 0.4117188 0.3195312 0.0161458 0.0515625
1 0.5830729 0.6175781 0.0348958 0.0195312
0 0.6460938 0.4707031 0.0317708 0.0460938
0 0.7528646 0.4695313 0.0171875 0.0359375
3 0.6651042 0.4406250 0.0354167 0.0296875
1 0.3828125 0.4769531 0.0281250 0.0257812
4 0.4968750 0.3886719 0.0218750 0.0617188
4 0.6104167 0.6003906 0.0218750 0.0585938
2 0.3557292 0.2968750 0.0197917 0.0406250
5 0.6031250 0.6441406 0.0395833 0.0289063
0 0.3729167 0.3984375 0.0229167 0.0312500
4 0.8023438 0.2886719 0.0276042 0.0460938
4 0.7299479 0.3296875 0.0380208 0.0343750
0 0.3062500 0.4480469 0.0395833 0.0289063
4 0.5820312 0.4984375 0.0401042 0.0375000
4 0.5388021 0.5917969 0.0328125 0.0320312
0 0.5927083 0.7535156 0.0197917 0.0335937
5 0.4130208 0.5468750 0.0250000 0.0281250
1 0.4898438 0.5554687 0.0401042 0.0343750
5 0.4062500 0.1421875 0.0343750 0.0453125
1 0.4973958 0.1121094 0.0354167 0.0289063
2 0.5950521 0.2292969 0.0182292 0.0242188
2 0.5500000 0.4031250 0.0260417 0.0656250
5 0.7018229 0.6695313 0.0182292 0.0546875
2 0.6690104 0.4804688 0.0234375 0.0453125
5 0.5789062 0.2253906 0.0234375 0.0382813
5 0.3567708 0.6183594 0.0229167 0.0320312
0 0.5809896 0.5714844 0.0359375 0.0273438
3 0.5611979 0.5234375 0.0348958 0.0343750
10 0.6614583 0.2667969 0.0229167 0.0476562
11 0.4445312 0.1566406 0.0244792 0.0351562
9 0.4437500 0.6308594 0.0229167 0.0414062
7 0.4440104 0.7808594 0.0234375 0.0539063
6 0.3947917 0.5933594 0.0291667 0.0492187
8 0.6453125 0.6843750 0.0364583 0.0375000
8 0.5851563 0.5687500 0.0338542 0.0343750
10 0.5338542 0.7789063 0.0385417 0.0515625
11 0.6442708 0.4417969 0.0385417 0.0460938
8 0.5473958 0.6695313 0.0291667 0.0468750
11 0.3419271 0.6398438 0.0265625 0.0515625
10 0.4252604 0.2835937 0.0348958 0.0343750
8 0.5486979 0.7503906 0.0234375 0.0460938
11 0.4835937 0.6890625 0.0328125 0.0343750
11 0.6882812 0.7750000 0.0328125 0.0343750
