1 0.6843750 0.3140625 0.0822917 0.1140625
5 0.6125000 0.8957031 0.0968750 0.1554687
5 0.7924479 0.5390625 0.1421875 0.1125000
4 0.7799479 0.5761719 0.0890625 0.1117188
0 0.5833333 0.3304687 0.1229167 0.0859375
1 0.5083333 0.1457031 0.0739583 0.1710937
2 0.2846354 0.2531250 0.0984375 0.1546875
4 0.6867188 0.4644531 0.0713542 0.1070312
0 0.5119792 0.5121094 0.1125000 0.0695313
3 0.2187500 0.5031250 0.1489583 0.1156250
2 0.5786458 0.7484375 0.0739583 0.1359375
1 0.2986979 0.4394531 0.0682292 0.1695312
1 0.6848958 0.4390625 0.1229167 0.0828125
3 0.7562500 0.2757812 0.1125000 0.1062500
2 0.4968750 0.1367188 0.1041667 0.1359375
1 0.5023437 0.3078125 0.1109375 0.0625000
1 0.7708333 0.4957031 0.1322917 0.1226562
0 0.5351562 0.9097656 0.0755208 0.1789062
5 0.4546875 0.0902344 0.0687500 0.1601562
4 0.2953125 0.4355469 0.1177083 0.1148437
4 0.4536458 0.4824219 0.0458333 0.0851563
2 0.6848958 0.1992188 0.1354167 0.1015625
4 0.6505208 0.5175781 0.1322917 0.0945312
4 0.5872396 0.3273437 0.0557292 0.1203125
5 0.3343750 0.5652344 0.0989583 0.0976562
3 0.5515625 0.3746094 0.0791667 0.0757812
3 0.5921875 0.3875000 0.1229167 0.1015625
2 0.3955729 0.3644531 0.1088542 0.0710937
1 0.6906250 0.3703125 0.1166667 0.0859375
2 0.6640625 0.2906250 0.0593750 0.1656250
5 0.5458333 0.6433594 0.1145833 0.0992187
3 0.5442708 0.7222656 0.0833333 0.1179687
3 0.3559896 0.6226563 0.0578125 0.1843750
2 0.4932292 0.6898437 0.1145833 0.0890625
3 0.5455729 0.4972656 0.0880208 0.1335938
5 0.6346354 0.4406250 0.1203125 0.0875000
3 0.5700521 0.5710937 0.0817708 0.1671875
0 0.3684896 0.6550781 0.1046875 0.1054688
2 0.4023438 0.1792969 0.0786458 0.0867187
3 0.4455729 0.5582031 0.0734375 0.1210938
0 0.6338542 0.4750000 0.0989583 0.1093750
4 0.4567708 0.4667969 0.0989583 0.1695312
1 0.5101562 0.4601562 0.0609375 0.1187500
5 0.5934896 0.9414062 0.1182292 0.0765625
2 0.3692708 0.6929688 0.0895833 0.0796875
4 0.8510417 0.4035156 0.1333333 0.1132812
3 0.6557292 0.1972656 0.0875000 0.1257813
1 0.2489583 0.6480469 0.1322917 0.0851563
0 0.3377604 0.1796875 0.1255208 0.1328125
4 0.4494792 0.5007812 0.0906250 0.1734375
2 0.4968750 0.9500000 0.0989583 0.0984375
4 0.5356771 0.7882813 0.0963542 0.1671875
0 0.5403646 0.3769531 0.1088542 0.1242188
1 0.5216146 0.3484375 0.0973958 0.1578125
3 0.3963542 0.4566406 0.0791667 0.1539062
4 0.5421875 0.0960938 0.0875000 0.0984375
5 0.5291667 0.1976563 0.0812500 0.0937500
5 0.3786458 0.5664062 0.1177083 0.0890625
5 0.4940104 0.6171875 0.1234375 0.1093750
0 0.6903646 0.3757813 0.1307292 0.0828125
0 0.7125000 0.8515625 0.1229167 0.0984375
0 0.5244792 0.4117188 0.1166667 0.0828125
2 0.6473958 0.6238281 0.0989583 0.1679688
0 0.7442708 0.4937500 0.0895833 0.1125000
5 0.3533854 0.5695313 0.0890625 0.0890625
4 0.5114583 0.8523437 0.0760417 0.1921875
3 0.6036458 0.6265625 0.1364583 0.0968750
1 0.4497396 0.3703125 0.0578125 0.1765625
3 0.4169271 0.9625000 0.0765625 0.0734375
3 0.4278646 0.7210937 0.1276042 0.0968750
9 0.7367187 0.3453125 0.1140625 0.1296875
10 0.7622396 0.7269531 0.1192708 0.1195313
6 0.3419271 0.3566406 0.1119792 0.1101562
6 0.6039062 0.4828125 0.1307292 0.1453125
8 0.5757813 0.3777344 0.0703125 0.1289062
11 0.6710938 0.1492188 0.1151042 0.1140625
10 0.7442708 0.5300781 0.0822917 0.1445312
9 0.3447917 0.6875000 0.1187500 0.1875000
11 0.6492187 0.1910156 0.1109375 0.1195313
10 0.5984375 0.2769531 0.0822917 0.1289062
11 0.4151042 0.2183594 0.1197917 0.1445312
