4 0.6606771 0.5351562 0.0255208 0.0265625
3 0.7080729 0.2250000 0.0213542 0.0203125
3 0.7799479 0.3460937 0.0244792 0.0250000
5 0.5695313 0.6097656 0.0203125 0.0351562
0 0.5346354 0.5031250 0.0223958 0.0171875
2 0.4328125 0.7578125 0.0260417 0.0234375
0 0.5236979 0.5167969 0.0234375 0.0304687
8 0.2966146 0.4105469 0.0244792 0.0257812
8 0.6083333 0.4761719 0.0229167 0.0226562
11 0.5651042 0.6472656 0.0218750 0.0226562
7 0.2403646 0.5570312 0.0223958 0.0250000
7 0.5890625 0.4062500 0.0197917 0.0250000
6 0.3255208 0.2542969 0.0260417 0.0351562
9 0.6765625 0.4433594 0.0239583 0.0257812
11 0.5346354 0.2199219 0.0244792 0.0289063
6 0.3914063 0.7027344 0.0244792 0.0242188
6 0.5492187 0.4117188 0.0265625 0.0281250
7 0.6096354 0.5082031 0.0213542 0.0226562
7 0.5067708 0.4378906 0.0208333 0.0367188
11 0.3859375 0.4054687 0.0197917 0.0234375
10 0.5419271 0.3238281 0.0213542 0.0242188
7 0.6221354 0.4929688 0.0223958 0.0218750
