5 0.4130208 0.9589844 0.0343750 0.0664062
3 0.6682292 0.3664062 0.0520833 0.0437500
4 0.3213542 0.4148438 0.0479167 0.0375000
4 0.4151042 0.5183594 0.0520833 0.0414062
3 0.6447917 0.1519531 0.0458333 0.0507812
1 0.4218750 0.3789062 0.0416667 0.0437500
3 0.4611979 0.5906250 0.0265625 0.0500000
4 0.6304688 0.6703125 0.0307292 0.0500000
5 0.4593750 0.7296875 0.0322917 0.0750000
5 0.5440104 0.1812500 0.0442708 0.0453125
5 0.7138021 0.4460938 0.0463542 0.0437500
2 0.6309896 0.4101562 0.0578125 0.0453125
5 0.5638021 0.4000000 0.0515625 0.0484375
4 0.5130208 0.1054688 0.0500000 0.0593750
2 0.7104167 0.7296875 0.0208333 0.0359375
3 0.5609375 0.4480469 0.0343750 0.0679687
4 0.4453125 0.7523437 0.0593750 0.0390625
2 0.4039063 0.7003906 0.0494792 0.0414062
2 0.6072917 0.3882813 0.0302083 0.0671875
2 0.6885417 0.4910156 0.0520833 0.0382813
1 0.4091146 0.3890625 0.0421875 0.0484375
0 0.6804687 0.5890625 0.0494792 0.0343750
0 0.7638021 0.3296875 0.0546875 0.0437500
0 0.4765625 0.2382812 0.0541667 0.0703125
5 0.4502604 0.3695312 0.0380208 0.0546875
1 0.5981771 0.1722656 0.0515625 0.0476562
4 0.4812500 0.1906250 0.0541667 0.0515625
0 0.6690104 0.5859375 0.0578125 0.0406250
2 0.4950521 0.8070312 0.0265625 0.0406250
0 0.6640625 0.3542969 0.0531250 0.0679687
0 0.2632813 0.3687500 0.0505208 0.0421875
2 0.6864583 0.2503906 0.0510417 0.0460938
4 0.4942708 0.2160156 0.0406250 0.0585938
1 0.4848958 0.3632812 0.0260417 0.0453125
1 0.6015625 0.2269531 0.0270833 0.0882813
5 0.4296875 0.6878906 0.0333333 0.0664062
4 0.6617188 0.5855469 0.0546875 0.0585938
2 0.4861979 0.0898438 0.0421875 0.0750000
2 0.4867187 0.4804688 0.0411458 0.0625000
0 0.4312500 0.2878906 0.0385417 0.0632812
5 0.6096354 0.4949219 0.0578125 0.0445313
5 0.3841146 0.5277344 0.0473958 0.0476562
1 0.4411458 0.2859375 0.0500000 0.0343750
1 0.4841146 0.6820312 0.0390625 0.0421875
5 0.6088542 0.2250000 0.0385417 0.0421875
2 0.2841146 0.3804688 0.0411458 0.0484375
5 0.5958333 0.5445313 0.0312500 0.0578125
5 0.3281250 0.3000000 0.0218750 0.0453125
4 0.7903646 0.5562500 0.0557292 0.0484375
3 0.4705729 0.6304688 0.0359375 0.0453125
4 0.3005208 0.4191406 0.0500000 0.0570312
4 0.5911458 0.2945313 0.0531250 0.0390625
0 0.6473958 0.6277344 0.0312500 0.0648438
4 0.6213542 0.5679688 0.0500000 0.0609375
2 0.4507813 0.5136719 0.0598958 0.0429688
4 0.5286458 0.8890625 0.0406250 0.0500000
1 0.5304688 0.5753906 0.0411458 0.0617188
1 0.4528646 0.3953125 0.0328125 0.0609375
3 0.4971354 0.1042969 0.0369792 0.0742188
1 0.1971354 0.4710937 0.0526042 0.0437500
3 0.5083333 0.6062500 0.0291667 0.0390625
5 0.7781250 0.6144531 0.0322917 0.0507812
2 0.2809896 0.5281250 0.0546875 0.0375000
0 0.4776042 0.8105469 0.0302083 0.0585938
5 0.5440104 0.7757812 0.0588542 0.0406250
3 0.6335937 0.7351562 0.0505208 0.0343750
5 0.6471354 0.8406250 0.0296875 0.0484375
2 0.4591146 0.4148438 0.0536458 0.0359375
2 0.7257813 0.4335938 0.0463542 0.0562500
1 0.4927083 0.7949219 0.0385417 0.0601563
0 0.3791667 0.5062500 0.0489583 0.0484375
1 0.6278646 0.1312500 0.0328125 0.0656250
2 0.5752604 0.9375000 0.0380208 0.0843750
5 0.6104167 0.4363281 0.0552083 0.0507812
5 0.6018229 0.6140625 0.0369792 0.0781250
10 0.7377604 0.4593750 0.0338542 0.0578125
10 0.4130208 0.5984375 0.0447917 0.0750000
8 0.7166667 0.2031250 0.0520833 0.0500000
7 0.5096354 0.7148438 0.0473958 0.0640625
10 0.5958333 0.2480469 0.0343750 0.0789062
8 0.6648437 0.6910156 0.0505208 0.0632812
9 0.5981771 0.0843750 0.0588542 0.0578125
10 0.6890625 0.2843750 0.0520833 0.0625000
