1 0.4520833 0.6179687 0.0166667 0.0250000
3 0.4278646 0.2281250 0.0244792 0.0250000
1 0.2598958 0.5136719 0.0156250 0.0226562
2 0.5507812 0.4449219 0.0244792 0.0195312
2 0.6604167 0.2437500 0.0125000 0.0203125
5 0.4794271 0.3425781 0.0151042 0.0242188
0 0.5057292 0.7734375 0.0229167 0.0203125
2 0.3174479 0.2871094 0.0276042 0.0242188
2 0.3651042 0.3500000 0.0187500 0.0296875
4 0.4942708 0.3402344 0.0177083 0.0367188
2 0.5768229 0.3109375 0.0265625 0.0312500
1 0.5783854 0.4011719 0.0255208 0.0273438
0 0.4684896 0.6015625 0.0276042 0.0218750
4 0.7648438 0.3832031 0.0244792 0.0273438
5 0.6794271 0.6261719 0.0276042 0.0195312
4 0.5145833 0.4863281 0.0270833 0.0179687
1 0.5341146 0.4507813 0.0244792 0.0281250
1 0.4541667 0.4425781 0.0187500 0.0382813
2 0.5815104 0.1949219 0.0203125 0.0351562
3 0.4945312 0.3671875 0.0255208 0.0187500
4 0.5802083 0.7308594 0.0135417 0.0398437
4 0.4781250 0.2843750 0.0239583 0.0187500
11 0.4427083 0.4437500 0.0187500 0.0281250
7 0.7080729 0.7066406 0.0161458 0.0289063
6 0.4260417 0.6371094 0.0229167 0.0335937
8 0.4830729 0.5523438 0.0161458 0.0234375
6 0.3700521 0.7144531 0.0171875 0.0289063
11 0.5671875 0.6078125 0.0197917 0.0390625
11 0.3239583 0.6859375 0.0218750 0.0359375
7 0.4302083 0.4843750 0.0218750 0.0343750
7 0.5085937 0.5683594 0.0234375 0.0335937
6 0.7401042 0.5914063 0.0239583 0.0421875
11 0.6070313 0.4718750 0.0244792 0.0250000
9 0.7356771 0.4035156 0.0255208 0.0257812
