1 0.3578125 0.6480469 0.0229167 0.0476562
4 0.5976562 0.5304688 0.0380208 0.0312500
2 0.5562500 0.1910156 0.0260417 0.0742188
1 0.5627604 0.4210937 0.0307292 0.0453125
1 0.6169271 0.2644531 0.0369792 0.0664062
2 0.6872396 0.3699219 0.0328125 0.0429688
3 0.2036458 0.3203125 0.0322917 0.0671875
2 0.2489583 0.5078125 0.0468750 0.0281250
1 0.3562500 0.4269531 0.0479167 0.0476562
4 0.6695313 0.5929688 0.0401042 0.0453125
4 0.7007813 0.4500000 0.0203125 0.0515625
5 0.6125000 0.2003906 0.0447917 0.0304687
3 0.3255208 0.3308594 0.0364583 0.0554687
5 0.5075521 0.3656250 0.0463542 0.0390625
5 0.5281250 0.6746094 0.0218750 0.0382813
3 0.5091146 0.6128906 0.0296875 0.0304687
5 0.5299479 0.7496094 0.0348958 0.0445313
3 0.3617187 0.7460938 0.0401042 0.0562500
4 0.5820312 0.4308594 0.0192708 0.0539063
3 0.3205729 0.7085938 0.0234375 0.0515625
0 0.4833333 0.6703125 0.0239583 0.0562500
3 0.3690104 0.4210937 0.0317708 0.0609375
5 0.4054687 0.6031250 0.0359375 0.0484375
3 0.4994792 0.7132812 0.0468750 0.0343750
3 0.6539063 0.6128906 0.0234375 0.0351562
0 0.4916667 0.4433594 0.0229167 0.0304687
4 0.7044271 0.5777344 0.0473958 0.0414062
2 0.4653646 0.5320312 0.0380208 0.0343750
5 0.5440104 0.6785156 0.0505208 0.0367188
2 0.5880208 0.7621094 0.0343750 0.0554687
3 0.4473958 0.4511719 0.0250000 0.0523438
3 0.6859375 0.5984375 0.0437500 0.0343750
2 0.5419271 0.7312500 0.0442708 0.0406250
4 0.7062500 0.8597656 0.0458333 0.0351562
5 0.4554687 0.3746094 0.0182292 0.0382813
3 0.3476562 0.5972656 0.0432292 0.0335937
1 0.4940104 0.3882813 0.0421875 0.0421875
3 0.3895833 0.5941406 0.0479167 0.0335937
3 0.4835937 0.3640625 0.0442708 0.0437500
2 0.6830729 0.3902344 0.0192708 0.0554687
5 0.4091146 0.6296875 0.0276042 0.0765625
4 0.7132812 0.4289062 0.0421875 0.0343750
2 0.6312500 0.2984375 0.0312500 0.0609375
4 0.7229167 0.4792969 0.0468750 0.0304687
1 0.5708333 0.5996094 0.0302083 0.0382813
4 0.6625000 0.7035156 0.0229167 0.0664062
0 0.5385417 0.2613281 0.0510417 0.0367188
0 0.4958333 0.5519531 0.0208333 0.0367188
2 0.6992188 0.8007812 0.0265625 0.0421875
5 0.5140625 0.6445312 0.0354167 0.0328125
0 0.6302083 0.3605469 0.0437500 0.0398437
3 0.3755208 0.5601563 0.0437500 0.0328125
2 0.4869792 0.1296875 0.0218750 0.0359375
3 0.3463542 0.3402344 0.0260417 0.0445313
4 0.5236979 0.1816406 0.0359375 0.0273438
1 0.3585937 0.3226562 0.0494792 0.0375000
2 0.4895833 0.2378906 0.0270833 0.0757812
3 0.6385417 0.8554688 0.0468750 0.0390625
5 0.5286458 0.1652344 0.0458333 0.0304687
4 0.5078125 0.1085938 0.0354167 0.0328125
2 0.6541667 0.4425781 0.0385417 0.0523438
4 0.6682292 0.2792969 0.0489583 0.0414062
2 0.3867188 0.2687500 0.0286458 0.0484375
3 0.6677083 0.4000000 0.0510417 0.0343750
2 0.7200521 0.6113281 0.0442708 0.0335937
2 0.5145833 0.3343750 0.0375000 0.0484375
3 0.2820313 0.5828125 0.0390625 0.0515625
3 0.6593750 0.6421875 0.0281250 0.0421875
5 0.5330729 0.4304688 0.0515625 0.0437500
4 0.6471354 0.6023437 0.0296875 0.0593750
0 0.5692708 0.5714844 0.0208333 0.0367188
3 0.6166667 0.9066406 0.0375000 0.0382813
4 0.6723958 0.6675781 0.0239583 0.0554687
4 0.5289063 0.3667969 0.0411458 0.0414062
5 0.4390625 0.7351562 0.0239583 0.0687500
1 0.7106771 0.2921875 0.0463542 0.0375000
2 0.4179688 0.6242188 0.0338542 0.0500000
0 0.4690104 0.1996094 0.0255208 0.0367188
7 0.6872396 0.6246094 0.0401042 0.0664062
10 0.4596354 0.8750000 0.0380208 0.0671875
7 0.7328125 0.4601562 0.0416667 0.0453125
7 0.3122396 0.7523437 0.0296875 0.0406250
7 0.6093750 0.8800781 0.0416667 0.0414062
7 0.6479167 0.6679688 0.0437500 0.0421875
8 0.4348958 0.2886719 0.0291667 0.0523438
6 0.6265625 0.7199219 0.0302083 0.0445313
6 0.6580729 0.5875000 0.0401042 0.0406250
8 0.5955729 0.6191406 0.0473958 0.0523438
9 0.6888021 0.3542969 0.0411458 0.0429688
10 0.7052083 0.5195312 0.0447917 0.0437500
11 0.4359375 0.7816406 0.0416667 0.0601563
7 0.5028646 0.2210938 0.0286458 0.0578125
