0 0.6770833 0.2531250 0.0343750 0.0250000
4 0.5184896 0.1644531 0.0213542 0.0445313
3 0.5312500 0.4910156 0.0187500 0.0445313
3 0.3067708 0.4449219 0.0260417 0.0429688
4 0.5276042 0.6734375 0.0302083 0.0187500
1 0.6200521 0.3531250 0.0307292 0.0343750
4 0.5377604 0.4726562 0.0348958 0.0281250
2 0.4083333 0.4902344 0.0312500 0.0382813
0 0.5179687 0.4390625 0.0203125 0.0562500
1 0.4812500 0.2570312 0.0208333 0.0250000
0 0.3200521 0.5812500 0.0380208 0.0328125
3 0.5083333 0.4574219 0.0270833 0.0476562
4 0.4684896 0.1125000 0.0338542 0.0234375
4 0.5263021 0.8667969 0.0182292 0.0523438
3 0.5460938 0.4921875 0.0348958 0.0390625
1 0.5020833 0.7632813 0.0364583 0.0296875
5 0.3736979 0.5273438 0.0286458 0.0406250
2 0.3893229 0.7945313 0.0348958 0.0281250
1 0.3330729 0.6156250 0.0380208 0.0265625
3 0.4101562 0.6917969 0.0307292 0.0273438
2 0.4851563 0.6328125 0.0359375 0.0343750
4 0.6177083 0.4703125 0.0312500 0.0265625
1 0.4169271 0.3785156 0.0151042 0.0304687
0 0.4554687 0.4164062 0.0265625 0.0421875
4 0.6013021 0.2351563 0.0348958 0.0375000
3 0.4794271 0.3867188 0.0359375 0.0296875
2 0.4518229 0.4515625 0.0276042 0.0234375
5 0.3757813 0.5734375 0.0338542 0.0328125
2 0.5588542 0.7324219 0.0166667 0.0523438
1 0.4828125 0.3675781 0.0343750 0.0289063
1 0.4531250 0.4707031 0.0177083 0.0523438
1 0.5341146 0.2140625 0.0244792 0.0593750
2 0.6455729 0.6898437 0.0380208 0.0281250
4 0.5619792 0.5269531 0.0354167 0.0367188
0 0.7861979 0.5226563 0.0328125 0.0406250
4 0.5632812 0.7988281 0.0317708 0.0195312
5 0.3354167 0.5589844 0.0197917 0.0335937
4 0.4070313 0.5304688 0.0151042 0.0375000
1 0.6369792 0.6644531 0.0197917 0.0257812
2 0.6192708 0.6867188 0.0270833 0.0390625
5 0.5213542 0.5343750 0.0187500 0.0343750
0 0.4802083 0.8156250 0.0333333 0.0281250
2 0.4216146 0.7511719 0.0203125 0.0257812
5 0.4875000 0.3093750 0.0364583 0.0359375
0 0.5854167 0.0691406 0.0250000 0.0492187
3 0.7247396 0.5753906 0.0203125 0.0304687
0 0.5593750 0.5343750 0.0354167 0.0375000
3 0.4960938 0.4492188 0.0380208 0.0281250
3 0.6065104 0.5273438 0.0328125 0.0343750
7 0.4322917 0.6371094 0.0229167 0.0523438
9 0.6604167 0.5355469 0.0270833 0.0460938
6 0.5921875 0.7429687 0.0364583 0.0375000
7 0.6205729 0.8378906 0.0328125 0.0320312
11 0.6341146 0.4273438 0.0265625 0.0437500
9 0.5536458 0.2871094 0.0208333 0.0476562
8 0.6992188 0.3316406 0.0348958 0.0351562
6 0.5200521 0.9332031 0.0307292 0.0367188
8 0.7489583 0.3964844 0.0354167 0.0335937
11 0.7239583 0.3593750 0.0218750 0.0515625
8 0.7166667 0.6769531 0.0354167 0.0429688
9 0.4742188 0.1625000 0.0255208 0.0453125
7 0.5664062 0.6386719 0.0213542 0.0429688
11 0.6963542 0.5152344 0.0322917 0.0382813
11 0.7239583 0.3968750 0.0322917 0.0468750
6 0.4325521 0.2765625 0.0286458 0.0437500
6 0.6833333 0.4699219 0.0229167 0.0523438
8 0.5950521 0.2882812 0.0307292 0.0484375
7 0.3869792 0.0996094 0.0291667 0.0507812
