5 0.6351562 0.1335938 0.0578125 0.0640625
4 0.4390625 0.8457031 0.0500000 0.0476562
5 0.4375000 0.6847656 0.0302083 0.0507812
3 0.5544271 0.4722656 0.0390625 0.0554687
5 0.3028646 0.4031250 0.0244792 0.0421875
3 0.5476562 0.5414062 0.0276042 0.0671875
3 0.7692708 0.4605469 0.0395833 0.0648438
0 0.4752604 0.8242188 0.0651042 0.0421875
3 0.5916667 0.6996094 0.0552083 0.0351562
3 0.5117188 0.7656250 0.0401042 0.0796875
1 0.7333333 0.3777344 0.0541667 0.0492187
0 0.4997396 0.7808594 0.0359375 0.0851563
2 0.2705729 0.7304688 0.0598958 0.0406250
2 0.7648438 0.6542969 0.0432292 0.0773438
1 0.5320312 0.5851563 0.0567708 0.0437500
3 0.2976563 0.6863281 0.0546875 0.0398437
4 0.6877604 0.6421875 0.0276042 0.0828125
3 0.5346354 0.3007812 0.0276042 0.0750000
5 0.6325521 0.6070313 0.0401042 0.0562500
3 0.4585938 0.4890625 0.0484375 0.0390625
3 0.6083333 0.6175781 0.0354167 0.0460938
3 0.3424479 0.3125000 0.0536458 0.0390625
2 0.4375000 0.4281250 0.0625000 0.0406250
2 0.7041667 0.6933594 0.0593750 0.0414062
2 0.7424479 0.5609375 0.0609375 0.0437500
0 0.3677083 0.4992187 0.0250000 0.0656250
3 0.4796875 0.4339844 0.0510417 0.0414062
4 0.6799479 0.4628906 0.0432292 0.0867187
4 0.7570313 0.6613281 0.0640625 0.0445313
4 0.5979167 0.6660156 0.0354167 0.0804688
5 0.5914063 0.1097656 0.0536458 0.0445313
5 0.5127604 0.5941406 0.0390625 0.0867187
0 0.5338542 0.4496094 0.0437500 0.0632812
5 0.7197917 0.3148437 0.0562500 0.0437500
4 0.7445312 0.3480469 0.0286458 0.0851563
0 0.3877604 0.6703125 0.0536458 0.0375000
5 0.5252604 0.6410156 0.0453125 0.0414062
3 0.6041667 0.6312500 0.0375000 0.0625000
3 0.4692708 0.6742187 0.0385417 0.0937500
5 0.4656250 0.4554687 0.0479167 0.0375000
3 0.6070313 0.3441406 0.0536458 0.0351562
1 0.4893229 0.9722656 0.0546875 0.0445313
0 0.3544271 0.2281250 0.0557292 0.0390625
5 0.5786458 0.1675781 0.0593750 0.0429688
4 0.5703125 0.3304687 0.0614583 0.0578125
1 0.5328125 0.4175781 0.0343750 0.0632812
7 0.3927083 0.6808594 0.0354167 0.0773438
11 0.6502604 0.5625000 0.0578125 0.0718750
7 0.4658854 0.1453125 0.0536458 0.0828125
6 0.7260417 0.8476562 0.0552083 0.0593750
6 0.7700521 0.6292969 0.0546875 0.0539063
7 0.6276042 0.4320312 0.0552083 0.0531250
9 0.2989583 0.2582031 0.0354167 0.0742188
9 0.2223958 0.5617188 0.0479167 0.0828125
6 0.5096354 0.6960937 0.0536458 0.0515625
7 0.2893229 0.4996094 0.0578125 0.0648438
9 0.5893229 0.2320312 0.0578125 0.0703125
10 0.3622396 0.7398438 0.0453125 0.0781250
8 0.7658854 0.5914063 0.0598958 0.0734375
10 0.2307292 0.2507813 0.0531250 0.0515625
8 0.5526042 0.7324219 0.0552083 0.0882813
8 0.4020833 0.2312500 0.0520833 0.0843750
10 0.5864583 0.3078125 0.0510417 0.0796875
6 0.8033854 0.2921875 0.0567708 0.0546875
