3 0.4424479 0.6636719 0.0244792 0.0492187
0 0.5908854 0.2941406 0.0213542 0.0335937
3 0.4210937 0.1730469 0.0286458 0.0445313
0 0.3328125 0.4355469 0.0281250 0.0242188
1 0.4963542 0.7968750 0.0322917 0.0234375
1 0.3958333 0.4871094 0.0312500 0.0273438
5 0.5333333 0.4183594 0.0177083 0.0226562
0 0.4971354 0.3164062 0.0286458 0.0437500
3 0.6450521 0.5414062 0.0296875 0.0218750
4 0.4440104 0.3113281 0.0244792 0.0257812
0 0.4085937 0.2031250 0.0213542 0.0515625
0 0.4455729 0.4960938 0.0317708 0.0296875
1 0.3945312 0.7863281 0.0307292 0.0242188
2 0.6958333 0.4742188 0.0177083 0.0468750
1 0.2838542 0.6050781 0.0166667 0.0257812
0 0.5471354 0.7871094 0.0223958 0.0492187
2 0.2476562 0.4070313 0.0286458 0.0296875
4 0.5630208 0.2582031 0.0208333 0.0492187
5 0.5156250 0.7871094 0.0322917 0.0273438
1 0.7072917 0.2699219 0.0322917 0.0210938
0 0.6708333 0.4578125 0.0343750 0.0203125
0 0.4539063 0.7429687 0.0296875 0.0406250
3 0.4940104 0.1007813 0.0265625 0.0406250
5 0.4960938 0.5703125 0.0182292 0.0250000
2 0.6583333 0.4878906 0.0343750 0.0289063
4 0.5630208 0.2722656 0.0239583 0.0242188
1 0.6914062 0.6554688 0.0255208 0.0468750
1 0.6335937 0.6125000 0.0234375 0.0390625
4 0.3992188 0.3351562 0.0244792 0.0390625
3 0.4179688 0.7843750 0.0192708 0.0421875
5 0.5513021 0.3609375 0.0328125 0.0250000
1 0.6476563 0.5031250 0.0359375 0.0296875
5 0.6789063 0.8085938 0.0359375 0.0234375
1 0.1953125 0.4917969 0.0312500 0.0382813
2 0.3585937 0.1707031 0.0171875 0.0539063
0 0.7231771 0.1910156 0.0317708 0.0226562
2 0.7093750 0.2773438 0.0322917 0.0234375
0 0.4750000 0.2687500 0.0281250 0.0203125
4 0.3765625 0.2636719 0.0270833 0.0226562
4 0.6065104 0.6847656 0.0171875 0.0257812
2 0.5703125 0.6011719 0.0322917 0.0226562
1 0.6971354 0.6335937 0.0265625 0.0390625
0 0.5864583 0.2503906 0.0333333 0.0226562
1 0.7367187 0.5695313 0.0151042 0.0484375
5 0.6309896 0.6187500 0.0203125 0.0250000
4 0.5250000 0.4246094 0.0197917 0.0398437
3 0.4458333 0.4625000 0.0156250 0.0500000
0 0.7476563 0.6312500 0.0307292 0.0265625
9 0.6044271 0.1921875 0.0255208 0.0406250
11 0.7200521 0.2765625 0.0213542 0.0484375
7 0.4106771 0.6015625 0.0307292 0.0296875
11 0.6000000 0.4734375 0.0291667 0.0359375
7 0.5825521 0.2785156 0.0296875 0.0492187
8 0.3794271 0.7316406 0.0244792 0.0445313
