0 0.3700521 0.5589844 0.0119792 0.0210938
4 0.4393229 0.2972656 0.0244792 0.0179687
2 0.6171875 0.7238281 0.0229167 0.0226562
4 0.7825521 0.5171875 0.0255208 0.0312500
4 0.3906250 0.4195313 0.0250000 0.0171875
11 0.6393229 0.4058594 0.0265625 0.0257812
9 0.4622396 0.5253906 0.0192708 0.0242188
7 0.4815104 0.3152344 0.0244792 0.0257812
11 0.5424479 0.1386719 0.0182292 0.0382813
11 0.4955729 0.2828125 0.0171875 0.0234375
7 0.6833333 0.3894531 0.0250000 0.0242188
7 0.2705729 0.5003906 0.0244792 0.0242188
6 0.3776042 0.7136719 0.0229167 0.0242188
8 0.4210937 0.4167969 0.0255208 0.0273438
11 0.3973958 0.2867188 0.0187500 0.0343750
8 0.5760417 0.7324219 0.0260417 0.0242188
10 0.6526042 0.5335937 0.0208333 0.0250000
6 0.5466146 0.4957031 0.0265625 0.0273438
9 0.5260417 0.8496094 0.0239583 0.0304687
11 0.5182292 0.3937500 0.0260417 0.0250000
8 0.2817708 0.6320313 0.0229167 0.0265625
8 0.5523438 0.1687500 0.0171875 0.0390625
