0 0.5614583 0.5882812 0.0229167 0.0156250
1 0.7078125 0.2558594 0.0250000 0.0164063
1 0.6101562 0.1441406 0.0192708 0.0289063
0 0.5382813 0.6503906 0.0255208 0.0179687
2 0.7200521 0.7648438 0.0255208 0.0203125
2 0.5401042 0.7375000 0.0177083 0.0296875
4 0.3786458 0.3917969 0.0177083 0.0257812
3 0.6500000 0.5593750 0.0208333 0.0218750
0 0.6031250 0.2085937 0.0145833 0.0343750
0 0.6093750 0.4656250 0.0260417 0.0218750
2 0.4507813 0.6585937 0.0171875 0.0281250
3 0.6354167 0.6753906 0.0229167 0.0226562
2 0.6138021 0.3714844 0.0234375 0.0179687
3 0.5729167 0.1335938 0.0229167 0.0187500
4 0.3997396 0.6082031 0.0213542 0.0210938
0 0.8401042 0.4648438 0.0208333 0.0328125
1 0.4755208 0.1582031 0.0229167 0.0257812
1 0.5864583 0.5718750 0.0250000 0.0203125
4 0.2968750 0.3445313 0.0218750 0.0125000
1 0.3330729 0.6132812 0.0119792 0.0218750
4 0.5507812 0.2015625 0.0140625 0.0390625
4 0.5473958 0.4886719 0.0250000 0.0179687
2 0.5421875 0.4882812 0.0229167 0.0250000
5 0.6544271 0.1179687 0.0140625 0.0359375
4 0.5539063 0.8238281 0.0203125 0.0242188
5 0.7541667 0.7457031 0.0125000 0.0304687
5 0.3768229 0.1050781 0.0244792 0.0179687
2 0.5955729 0.4175781 0.0130208 0.0210938
3 0.5351562 0.3675781 0.0151042 0.0320312
1 0.5351562 0.5699219 0.0255208 0.0195312
0 0.5809896 0.6949219 0.0161458 0.0320312
7 0.4247396 0.5996094 0.0203125 0.0320312
10 0.3919271 0.4566406 0.0255208 0.0320312
6 0.5510417 0.6812500 0.0187500 0.0328125
10 0.6244792 0.3503906 0.0156250 0.0320312
11 0.4080729 0.3187500 0.0161458 0.0359375
7 0.5200521 0.7980469 0.0161458 0.0367188
