5 0.6578125 0.6375000 0.0250000 0.0187500
0 0.6096354 0.7054687 0.0265625 0.0187500
4 0.5554687 0.4972656 0.0171875 0.0335937
6 0.5658854 0.4019531 0.0161458 0.0367188
11 0.6372396 0.6031250 0.0223958 0.0343750
9 0.4757812 0.1750000 0.0171875 0.0328125
7 0.6416667 0.3761719 0.0239583 0.0242188
8 0.4518229 0.7664062 0.0223958 0.0296875
6 0.4270833 0.2015625 0.0177083 0.0250000
7 0.6955729 0.7808594 0.0244792 0.0304687
8 0.7651042 0.4222656 0.0177083 0.0320312
9 0.3403646 0.4234375 0.0255208 0.0359375
8 0.5072917 0.3781250 0.0156250 0.0343750
8 0.3281250 0.3402344 0.0239583 0.0242188
10 0.6622396 0.3417969 0.0223958 0.0257812
