3 0.6671875 0.3656250 0.0250000 0.0406250
0 0.3869792 0.4054687 0.0145833 0.0421875
2 0.6703125 0.7414063 0.0302083 0.0296875
0 0.3786458 0.2753906 0.0135417 0.0445313
4 0.3804688 0.2859375 0.0161458 0.0484375
4 0.6666667 0.6832031 0.0208333 0.0414062
3 0.5114583 0.6453125 0.0187500 0.0359375
2 0.6044271 0.4890625 0.0171875 0.0250000
3 0.6367188 0.4292969 0.0307292 0.0210938
0 0.4671875 0.1972656 0.0187500 0.0210938
3 0.6187500 0.3808594 0.0291667 0.0226562
4 0.6924479 0.3273437 0.0182292 0.0437500
0 0.6125000 0.1343750 0.0187500 0.0453125
0 0.6747396 0.7675781 0.0307292 0.0320312
3 0.4468750 0.6570312 0.0333333 0.0234375
0 0.3083333 0.8359375 0.0291667 0.0281250
3 0.4390625 0.5324219 0.0187500 0.0304687
2 0.5177083 0.7687500 0.0156250 0.0359375
0 0.4127604 0.2566406 0.0192708 0.0304687
0 0.3984375 0.3945312 0.0166667 0.0359375
4 0.5401042 0.5707031 0.0229167 0.0304687
4 0.2770833 0.5628906 0.0197917 0.0242188
3 0.5132813 0.4148438 0.0161458 0.0265625
5 0.4088542 0.6328125 0.0197917 0.0390625
0 0.6942708 0.4761719 0.0208333 0.0382813
4 0.4645833 0.7566406 0.0166667 0.0304687
4 0.4401042 0.6773438 0.0156250 0.0421875
3 0.6156250 0.5617188 0.0177083 0.0421875
1 0.5908854 0.6726562 0.0328125 0.0312500
5 0.4598958 0.2886719 0.0302083 0.0179687
1 0.5835938 0.3945312 0.0223958 0.0250000
0 0.6250000 0.5375000 0.0208333 0.0281250
4 0.5611979 0.1750000 0.0171875 0.0437500
2 0.7484375 0.5058594 0.0312500 0.0335937
1 0.6208333 0.3410156 0.0302083 0.0210938
3 0.7263021 0.4015625 0.0213542 0.0296875
11 0.5242187 0.6117187 0.0286458 0.0453125
10 0.4403646 0.3613281 0.0307292 0.0335937
6 0.4169271 0.4121094 0.0255208 0.0320312
6 0.4651042 0.7492188 0.0250000 0.0453125
7 0.6156250 0.4179688 0.0187500 0.0390625
8 0.2799479 0.3996094 0.0286458 0.0273438
8 0.5664062 0.5812500 0.0296875 0.0343750
8 0.5210938 0.0964844 0.0203125 0.0398437
7 0.5789062 0.3765625 0.0307292 0.0296875
8 0.4598958 0.2386719 0.0218750 0.0382813
7 0.5286458 0.2746094 0.0312500 0.0304687
