5 0.6265625 0.8234375 0.0333333 0.0250000
5 0.4330729 0.2910156 0.0203125 0.0398437
4 0.5421875 0.6300781 0.0322917 0.0226562
1 0.6575521 0.3523438 0.0296875 0.0265625
0 0.4802083 0.0984375 0.0177083 0.0515625
5 0.7041667 0.8207031 0.0229167 0.0460938
5 0.5156250 0.2402344 0.0135417 0.0414062
4 0.3247396 0.5500000 0.0161458 0.0203125
1 0.5770833 0.4617188 0.0229167 0.0265625
2 0.5411458 0.4074219 0.0260417 0.0335937
0 0.4703125 0.6632813 0.0291667 0.0234375
4 0.4507813 0.4523437 0.0213542 0.0265625
4 0.7093750 0.6570312 0.0312500 0.0234375
4 0.2463542 0.4292969 0.0208333 0.0289063
0 0.5153646 0.3894531 0.0276042 0.0210938
2 0.6682292 0.3277344 0.0291667 0.0273438
3 0.5619792 0.3261719 0.0145833 0.0320312
1 0.6190104 0.7226562 0.0234375 0.0218750
0 0.3192708 0.5976562 0.0312500 0.0281250
4 0.5979167 0.5179687 0.0156250 0.0343750
3 0.6710938 0.3253906 0.0213542 0.0460938
8 0.5718750 0.7273437 0.0239583 0.0343750
11 0.4221354 0.6730469 0.0213542 0.0429688
9 0.3432292 0.2726562 0.0250000 0.0437500
10 0.7257813 0.4011719 0.0255208 0.0273438
11 0.5828125 0.0472656 0.0239583 0.0460938
11 0.6322917 0.6125000 0.0250000 0.0343750
10 0.7601562 0.6019531 0.0286458 0.0320312
7 0.6276042 0.8933594 0.0239583 0.0460938
7 0.2888021 0.6457031 0.0307292 0.0382813
10 0.2354167 0.4664063 0.0250000 0.0328125
6 0.7541667 0.5378906 0.0291667 0.0367188
10 0.6140625 0.9273438 0.0187500 0.0437500
7 0.4812500 0.7632813 0.0229167 0.0265625
9 0.3736979 0.6722656 0.0296875 0.0289063
8 0.2882812 0.5542969 0.0296875 0.0289063
8 0.2447917 0.5500000 0.0208333 0.0375000
11 0.6343750 0.5152344 0.0270833 0.0398437
6 0.6096354 0.8441406 0.0255208 0.0289063
10 0.4981771 0.3085938 0.0286458 0.0437500
