3 0.6770833 0.6433594 0.0125000 0.0257812
1 0.6606771 0.5414062 0.0255208 0.0203125
3 0.5234375 0.3421875 0.0239583 0.0218750
2 0.5341146 0.4414062 0.0203125 0.0265625
5 0.5364583 0.6265625 0.0177083 0.0359375
4 0.4916667 0.6460938 0.0197917 0.0265625
5 0.4458333 0.2406250 0.0197917 0.0156250
5 0.4955729 0.4628906 0.0130208 0.0242188
4 0.7093750 0.4710937 0.0114583 0.0250000
4 0.5565104 0.0949219 0.0161458 0.0179687
0 0.6351562 0.2437500 0.0151042 0.0328125
0 0.6541667 0.3453125 0.0229167 0.0218750
8 0.3000000 0.6406250 0.0229167 0.0218750
7 0.7307292 0.4824219 0.0218750 0.0210938
10 0.5372396 0.4652344 0.0140625 0.0226562
8 0.4187500 0.1695312 0.0229167 0.0296875
7 0.3664062 0.5652344 0.0234375 0.0226562
10 0.4515625 0.4734375 0.0135417 0.0296875
10 0.5976562 0.6156250 0.0234375 0.0359375
7 0.5494792 0.5406250 0.0218750 0.0218750
8 0.6979167 0.3125000 0.0177083 0.0343750
8 0.5911458 0.2097656 0.0166667 0.0351562
7 0.5500000 0.4031250 0.0229167 0.0296875
11 0.7518229 0.6707031 0.0234375 0.0226562
6 0.5796875 0.8042969 0.0208333 0.0257812
10 0.6786458 0.6269531 0.0208333 0.0210938
7 0.6893229 0.3425781 0.0234375 0.0226562
