0 0.4231771 0.5867187 0.0244792 0.0296875
5 0.5770833 0.1496094 0.0302083 0.0210938
1 0.6341146 0.7496094 0.0307292 0.0242188
4 0.6330729 0.3492188 0.0255208 0.0375000
4 0.4971354 0.3804688 0.0276042 0.0265625
3 0.7539062 0.4476562 0.0182292 0.0500000
2 0.4763021 0.7125000 0.0151042 0.0484375
4 0.7705729 0.4726562 0.0255208 0.0218750
4 0.5739583 0.6128906 0.0156250 0.0429688
3 0.4216146 0.4046875 0.0140625 0.0359375
0 0.6122396 0.6281250 0.0348958 0.0250000
1 0.5117188 0.3550781 0.0296875 0.0226562
5 0.5859375 0.2664063 0.0156250 0.0250000
3 0.5747396 0.1125000 0.0296875 0.0250000
0 0.5622396 0.8394531 0.0203125 0.0476562
1 0.2726562 0.5339844 0.0265625 0.0289063
5 0.5434896 0.2214844 0.0151042 0.0476562
0 0.5664062 0.5316406 0.0276042 0.0164063
4 0.5463542 0.3621094 0.0302083 0.0210938
3 0.3333333 0.7003906 0.0312500 0.0351562
3 0.7109375 0.6324219 0.0260417 0.0273438
5 0.6143229 0.6011719 0.0223958 0.0460938
1 0.5096354 0.2371094 0.0140625 0.0460938
5 0.3341146 0.3851562 0.0151042 0.0453125
1 0.3950521 0.1800781 0.0265625 0.0351562
4 0.5273438 0.5359375 0.0296875 0.0203125
4 0.3533854 0.8093750 0.0307292 0.0187500
3 0.6122396 0.5363281 0.0151042 0.0351562
4 0.6125000 0.3546875 0.0260417 0.0312500
3 0.5807292 0.2039063 0.0229167 0.0296875
1 0.6046875 0.8042969 0.0145833 0.0460938
0 0.6859375 0.6023437 0.0291667 0.0218750
0 0.5497396 0.3492188 0.0286458 0.0203125
0 0.5726562 0.3628906 0.0182292 0.0398437
2 0.6283854 0.3257813 0.0234375 0.0375000
2 0.6080729 0.5246094 0.0234375 0.0445313
3 0.5364583 0.5425781 0.0156250 0.0226562
0 0.6096354 0.8859375 0.0296875 0.0250000
5 0.3020833 0.2554688 0.0239583 0.0453125
0 0.4809896 0.2679687 0.0276042 0.0218750
5 0.3236979 0.4500000 0.0161458 0.0265625
4 0.6125000 0.4890625 0.0229167 0.0203125
0 0.6559896 0.5921875 0.0234375 0.0343750
2 0.5408854 0.4074219 0.0223958 0.0242188
5 0.7307292 0.6058594 0.0166667 0.0460938
5 0.6958333 0.5996094 0.0322917 0.0242188
0 0.6174479 0.5191406 0.0317708 0.0210938
3 0.6390625 0.3761719 0.0156250 0.0460938
5 0.3250000 0.5003906 0.0156250 0.0382813
5 0.7164063 0.4265625 0.0296875 0.0265625
5 0.4552083 0.1308594 0.0187500 0.0382813
1 0.5674479 0.3851562 0.0286458 0.0218750
5 0.6104167 0.6570312 0.0291667 0.0312500
0 0.5674479 0.5183594 0.0307292 0.0210938
1 0.6049479 0.2378906 0.0182292 0.0242188
5 0.5166667 0.5679688 0.0302083 0.0265625
3 0.3992188 0.4589844 0.0161458 0.0398437
0 0.5557292 0.2953125 0.0291667 0.0187500
0 0.5648437 0.0789062 0.0140625 0.0437500
1 0.6604167 0.5515625 0.0281250 0.0312500
4 0.3911458 0.3820312 0.0229167 0.0296875
5 0.4062500 0.1906250 0.0270833 0.0218750
4 0.4864583 0.8273438 0.0156250 0.0453125
1 0.3505208 0.5406250 0.0333333 0.0218750
0 0.3927083 0.4949219 0.0302083 0.0289063
5 0.2463542 0.3335938 0.0270833 0.0312500
1 0.4283854 0.4636719 0.0171875 0.0273438
3 0.5104167 0.6886719 0.0187500 0.0414062
3 0.5507812 0.5917969 0.0171875 0.0195312
2 0.5007812 0.4468750 0.0140625 0.0390625
4 0.7583333 0.4144531 0.0270833 0.0320312
1 0.5593750 0.3257813 0.0239583 0.0359375
4 0.5291667 0.2472656 0.0135417 0.0367188
2 0.4705729 0.5761719 0.0255208 0.0351562
1 0.5411458 0.5859375 0.0291667 0.0171875
8 0.4674479 0.6589844 0.0213542 0.0382813
11 0.6174479 0.1546875 0.0276042 0.0343750
7 0.5968750 0.3195312 0.0270833 0.0328125
11 0.6018229 0.6070313 0.0296875 0.0328125
6 0.6554688 0.5062500 0.0203125 0.0359375
