1 0.4260417 0.3546875 0.0187500 0.0187500
2 0.5104167 0.4640625 0.0145833 0.0250000
4 0.4078125 0.2476562 0.0208333 0.0187500
1 0.4205729 0.7953125 0.0109375 0.0359375
5 0.6700521 0.5386719 0.0182292 0.0226562
8 0.7333333 0.2171875 0.0229167 0.0234375
6 0.5127604 0.6011719 0.0244792 0.0289063
11 0.5593750 0.6265625 0.0239583 0.0250000
7 0.5028646 0.2417969 0.0213542 0.0367188
9 0.5390625 0.2296875 0.0250000 0.0265625
8 0.5531250 0.7824219 0.0218750 0.0226562
8 0.4239583 0.7984375 0.0166667 0.0343750
7 0.4609375 0.1332031 0.0145833 0.0257812
8 0.2885417 0.3507812 0.0166667 0.0281250
10 0.5755208 0.5894531 0.0229167 0.0289063
7 0.2755208 0.4097656 0.0187500 0.0304687
6 0.4390625 0.5683594 0.0145833 0.0226562
10 0.5640625 0.5136719 0.0218750 0.0242188
