5 0.5028646 0.6160156 0.0348958 0.0273438
5 0.6221354 0.2882812 0.0369792 0.0343750
3 0.6312500 0.3937500 0.0270833 0.0296875
4 0.5736979 0.3437500 0.0203125 0.0281250
3 0.4940104 0.5683594 0.0317708 0.0273438
2 0.5218750 0.1351563 0.0343750 0.0265625
5 0.3841146 0.4652344 0.0338542 0.0226562
0 0.6901042 0.4617188 0.0322917 0.0218750
5 0.6763021 0.4632812 0.0276042 0.0312500
1 0.5562500 0.6910156 0.0239583 0.0351562
1 0.3536458 0.3605469 0.0354167 0.0289063
0 0.5848958 0.5652344 0.0239583 0.0414062
3 0.4484375 0.0789062 0.0343750 0.0250000
2 0.6322917 0.2992187 0.0239583 0.0515625
1 0.7184896 0.6316406 0.0328125 0.0242188
5 0.2877604 0.4753906 0.0317708 0.0320312
3 0.5950521 0.6769531 0.0234375 0.0460938
2 0.5072917 0.4054687 0.0197917 0.0578125
4 0.4692708 0.4246094 0.0166667 0.0304687
5 0.4096354 0.6156250 0.0234375 0.0484375
4 0.5158854 0.3804688 0.0307292 0.0234375
3 0.5028646 0.8019531 0.0182292 0.0351562
4 0.4190104 0.2339844 0.0244792 0.0523438
4 0.4335938 0.7582031 0.0338542 0.0242188
1 0.3872396 0.5320312 0.0182292 0.0484375
5 0.4861979 0.3250000 0.0317708 0.0312500
5 0.6247396 0.5589844 0.0192708 0.0289063
4 0.4130208 0.7683594 0.0375000 0.0210938
3 0.4716146 0.7285156 0.0171875 0.0429688
5 0.3466146 0.9148437 0.0213542 0.0562500
1 0.3695312 0.4890625 0.0223958 0.0281250
3 0.3218750 0.7589844 0.0364583 0.0257812
2 0.4817708 0.7433594 0.0197917 0.0242188
4 0.6098958 0.5792969 0.0312500 0.0304687
3 0.6072917 0.3453125 0.0343750 0.0359375
2 0.6023437 0.7742187 0.0348958 0.0281250
5 0.6046875 0.6621094 0.0197917 0.0367188
3 0.2726562 0.5648437 0.0369792 0.0218750
4 0.6177083 0.2894531 0.0291667 0.0382813
4 0.5906250 0.1867187 0.0218750 0.0390625
4 0.5773438 0.4886719 0.0317708 0.0226562
0 0.3968750 0.8359375 0.0187500 0.0234375
9 0.5281250 0.5867187 0.0229167 0.0437500
8 0.6960937 0.3773437 0.0307292 0.0546875
11 0.4940104 0.6656250 0.0203125 0.0375000
10 0.2791667 0.7289062 0.0343750 0.0406250
11 0.6585937 0.6789063 0.0317708 0.0328125
11 0.7273437 0.8191406 0.0328125 0.0367188
11 0.6986979 0.3906250 0.0255208 0.0515625
11 0.5898438 0.4750000 0.0328125 0.0359375
6 0.4359375 0.3964844 0.0302083 0.0429688
7 0.6307292 0.3289063 0.0270833 0.0500000
11 0.6093750 0.2644531 0.0354167 0.0335937
11 0.5864583 0.4773438 0.0281250 0.0359375
7 0.6250000 0.5117188 0.0208333 0.0343750
8 0.4062500 0.0730469 0.0343750 0.0335937
8 0.6447917 0.3472656 0.0322917 0.0382813
7 0.4700521 0.4320312 0.0276042 0.0375000
6 0.3984375 0.2394531 0.0291667 0.0460938
7 0.6125000 0.8175781 0.0291667 0.0460938
11 0.4804688 0.4472656 0.0348958 0.0351562
8 0.6726562 0.3625000 0.0223958 0.0484375
