5 0.4557292 0.7843750 0.0510417 0.1859375
5 0.7221354 0.5675781 0.1140625 0.0820312
3 0.3148437 0.2125000 0.0578125 0.1718750
1 0.5796875 0.1281250 0.0677083 0.1484375
4 0.5744792 0.7714844 0.1093750 0.0929688
0 0.5119792 0.3550781 0.0562500 0.1117188
5 0.4872396 0.8843750 0.0807292 0.1343750
1 0.6093750 0.3308594 0.0770833 0.0710937
1 0.6578125 0.5921875 0.0677083 0.1031250
11 0.1541667 0.3257813 0.1052083 0.1328125
7 0.7755208 0.3484375 0.1135417 0.1578125
8 0.3713542 0.5742188 0.0781250 0.1281250
7 0.6791667 0.5027344 0.0739583 0.1554687
10 0.5979167 0.5691406 0.0635417 0.1351563
11 0.6937500 0.1949219 0.0739583 0.1414063
11 0.4651042 0.4195313 0.1062500 0.1187500
10 0.3213542 0.6371094 0.0708333 0.1523438
9 0.6096354 0.1121094 0.0776042 0.1648438
11 0.6229167 0.3453125 0.0781250 0.1203125
7 0.3106771 0.4765625 0.1067708 0.1218750
