2 0.7481771 0.6726562 0.0536458 0.0484375
2 0.4453125 0.6226563 0.0510417 0.0421875
3 0.6953125 0.4398437 0.0510417 0.0343750
1 0.4846354 0.2332031 0.0484375 0.0632812
3 0.4059896 0.2277344 0.0421875 0.0570312
1 0.6046875 0.2023437 0.0385417 0.0437500
1 0.3619792 0.4031250 0.0427083 0.0875000
4 0.5666667 0.5492187 0.0552083 0.0484375
2 0.4187500 0.5617188 0.0250000 0.0390625
1 0.5380208 0.4726562 0.0479167 0.0484375
5 0.3541667 0.3191406 0.0510417 0.0445313
1 0.5265625 0.7398438 0.0333333 0.0781250
1 0.7109375 0.5804687 0.0281250 0.0671875
2 0.4585938 0.5714844 0.0348958 0.0476562
3 0.6062500 0.6250000 0.0458333 0.0500000
1 0.7161458 0.8835937 0.0572917 0.0406250
0 0.6234375 0.2246094 0.0322917 0.0492187
3 0.4807292 0.4679687 0.0437500 0.0343750
0 0.4486979 0.6812500 0.0421875 0.0406250
0 0.6075521 0.4433594 0.0265625 0.0414062
5 0.6302083 0.4292969 0.0593750 0.0585938
0 0.4695313 0.6703125 0.0369792 0.0531250
2 0.6119792 0.6832031 0.0364583 0.0710937
2 0.2671875 0.4324219 0.0312500 0.0554687
3 0.7117187 0.7667969 0.0328125 0.0742188
0 0.6263021 0.1093750 0.0255208 0.0500000
3 0.4648438 0.0574219 0.0473958 0.0476562
5 0.5242187 0.5394531 0.0453125 0.0414062
4 0.3562500 0.2246094 0.0333333 0.0585938
5 0.7408854 0.6964844 0.0255208 0.0429688
2 0.6294271 0.4222656 0.0484375 0.0570312
0 0.4000000 0.1988281 0.0447917 0.0351562
0 0.3041667 0.3445313 0.0625000 0.0437500
4 0.2726562 0.5000000 0.0390625 0.0578125
2 0.6578125 0.3355469 0.0364583 0.0460938
9 0.5041667 0.4210937 0.0447917 0.0703125
11 0.3080729 0.4187500 0.0348958 0.0671875
10 0.7062500 0.2839844 0.0520833 0.0523438
9 0.7994792 0.6085938 0.0375000 0.0781250
