1 0.5255208 0.6820312 0.0177083 0.0281250
0 0.7054687 0.3398438 0.0286458 0.0218750
1 0.2484375 0.2519531 0.0239583 0.0195312
0 0.2794271 0.3191406 0.0255208 0.0320312
4 0.4195313 0.4808594 0.0171875 0.0335937
2 0.6609375 0.3398438 0.0260417 0.0187500
1 0.3401042 0.2875000 0.0270833 0.0218750
0 0.5539063 0.6281250 0.0171875 0.0203125
3 0.6231771 0.5156250 0.0213542 0.0375000
2 0.4153646 0.5281250 0.0171875 0.0203125
5 0.4565104 0.8468750 0.0192708 0.0343750
1 0.5500000 0.5117188 0.0218750 0.0218750
5 0.3781250 0.2656250 0.0239583 0.0296875
5 0.7033854 0.3027344 0.0255208 0.0226562
1 0.5856771 0.3410156 0.0265625 0.0179687
4 0.5075521 0.2976563 0.0140625 0.0218750
0 0.4507813 0.5078125 0.0244792 0.0218750
2 0.4661458 0.2898438 0.0145833 0.0375000
1 0.3812500 0.6792969 0.0156250 0.0320312
1 0.3265625 0.4738281 0.0145833 0.0164063
5 0.4835937 0.2781250 0.0234375 0.0343750
3 0.4427083 0.3273437 0.0270833 0.0218750
0 0.4976563 0.5152344 0.0234375 0.0210938
2 0.3510417 0.4910156 0.0177083 0.0351562
3 0.4838542 0.7832031 0.0156250 0.0195312
4 0.6338542 0.5109375 0.0250000 0.0203125
5 0.5078125 0.5886719 0.0250000 0.0195312
1 0.2723958 0.5910156 0.0250000 0.0226562
1 0.4601562 0.6699219 0.0234375 0.0195312
0 0.5869792 0.7695312 0.0270833 0.0234375
2 0.5132813 0.7058594 0.0182292 0.0335937
5 0.6614583 0.5207031 0.0239583 0.0273438
0 0.4976563 0.6941406 0.0140625 0.0414062
3 0.4908854 0.8414063 0.0119792 0.0421875
0 0.5125000 0.5824219 0.0208333 0.0273438
1 0.4619792 0.6246094 0.0166667 0.0195312
9 0.4877604 0.3589844 0.0234375 0.0226562
8 0.5973958 0.7242188 0.0281250 0.0312500
7 0.5989583 0.3929687 0.0250000 0.0359375
7 0.5054688 0.1023437 0.0203125 0.0375000
7 0.5661458 0.5527344 0.0177083 0.0273438
9 0.4812500 0.6652344 0.0218750 0.0273438
11 0.4872396 0.4535156 0.0203125 0.0414062
8 0.3015625 0.1261719 0.0270833 0.0273438
9 0.4924479 0.2140625 0.0213542 0.0296875
8 0.5213542 0.2472656 0.0208333 0.0414062
