1 0.7539062 0.4253906 0.1557292 0.1726563
3 0.5442708 0.0476562 0.0958333 0.0953125
1 0.4820313 0.7347656 0.0963542 0.1210938
5 0.5895833 0.8335938 0.0895833 0.1781250
3 0.6554688 0.8308594 0.1307292 0.1257813
1 0.3736979 0.1250000 0.0901042 0.1562500
5 0.7500000 0.4882812 0.1437500 0.0968750
0 0.5036458 0.4867187 0.1166667 0.0890625
4 0.5789062 0.6128906 0.0640625 0.1429688
0 0.3799479 0.4945312 0.1619792 0.1203125
3 0.5750000 0.4820313 0.1697917 0.1140625
1 0.7156250 0.4949219 0.1208333 0.1804688
3 0.4445312 0.3656250 0.0640625 0.1953125
5 0.5364583 0.2554688 0.0906250 0.2281250
4 0.4096354 0.9171875 0.1005208 0.1640625
1 0.6031250 0.2062500 0.0916667 0.1140625
5 0.4190104 0.3949219 0.0953125 0.1132812
5 0.6653646 0.2613281 0.0786458 0.2445313
2 0.4835937 0.0742188 0.0807292 0.1484375
0 0.2684896 0.3406250 0.1338542 0.1546875
1 0.6460938 0.2710938 0.1411458 0.0984375
4 0.2875000 0.5792969 0.1177083 0.1164063
11 0.5171875 0.3625000 0.1468750 0.1484375
8 0.5726562 0.4320312 0.1432292 0.1390625
