5 0.4695313 0.6542969 0.0151042 0.0367188
4 0.4955729 0.5867187 0.0234375 0.0171875
1 0.4851563 0.5339844 0.0234375 0.0210938
0 0.3914063 0.7101563 0.0265625 0.0218750
5 0.5484375 0.5468750 0.0270833 0.0234375
1 0.4653646 0.4382813 0.0161458 0.0203125
5 0.6703125 0.5851563 0.0135417 0.0187500
4 0.2963542 0.5976562 0.0250000 0.0171875
4 0.5156250 0.3382812 0.0104167 0.0296875
0 0.4705729 0.6476563 0.0192708 0.0390625
4 0.5763021 0.6003906 0.0140625 0.0210938
4 0.6432292 0.6820312 0.0270833 0.0171875
5 0.4322917 0.6480469 0.0166667 0.0382813
5 0.3914063 0.6039062 0.0244792 0.0218750
5 0.5070313 0.8714844 0.0255208 0.0335937
5 0.3601563 0.4914062 0.0286458 0.0234375
5 0.3757813 0.4433594 0.0171875 0.0273438
0 0.7398438 0.4148438 0.0255208 0.0296875
5 0.5169271 0.8957031 0.0244792 0.0226562
1 0.6046875 0.6503906 0.0270833 0.0242188
2 0.2921875 0.3675781 0.0250000 0.0179687
5 0.5036458 0.6011719 0.0166667 0.0429688
1 0.4609375 0.6281250 0.0135417 0.0421875
3 0.7049479 0.6214844 0.0151042 0.0367188
0 0.5335937 0.7281250 0.0161458 0.0203125
4 0.6286458 0.7496094 0.0218750 0.0304687
5 0.5257812 0.5187500 0.0234375 0.0218750
3 0.6328125 0.7019531 0.0239583 0.0210938
3 0.6742187 0.6628906 0.0286458 0.0210938
1 0.5471354 0.4968750 0.0244792 0.0234375
5 0.6223958 0.6558594 0.0250000 0.0242188
4 0.3898437 0.7468750 0.0151042 0.0187500
1 0.4671875 0.3929687 0.0125000 0.0265625
1 0.3205729 0.5417969 0.0213542 0.0304687
3 0.5854167 0.4988281 0.0208333 0.0367188
1 0.6343750 0.3777344 0.0250000 0.0164063
0 0.7080729 0.6300781 0.0286458 0.0179687
5 0.5559896 0.7359375 0.0140625 0.0187500
1 0.4744792 0.7386719 0.0166667 0.0210938
2 0.3242188 0.2535156 0.0265625 0.0210938
4 0.2682292 0.3000000 0.0260417 0.0203125
4 0.6010417 0.2886719 0.0260417 0.0164063
3 0.4648438 0.7542969 0.0161458 0.0304687
4 0.2536458 0.4984375 0.0260417 0.0250000
4 0.4755208 0.7132812 0.0250000 0.0250000
1 0.5109375 0.3394531 0.0135417 0.0242188
3 0.4583333 0.6898437 0.0145833 0.0250000
0 0.6033854 0.3695312 0.0276042 0.0281250
5 0.2716146 0.2535156 0.0130208 0.0351562
5 0.7736979 0.3582031 0.0286458 0.0195312
0 0.5684896 0.6105469 0.0130208 0.0304687
5 0.4770833 0.3507812 0.0229167 0.0187500
1 0.4117188 0.4089844 0.0255208 0.0195312
5 0.5661458 0.9136719 0.0166667 0.0351562
2 0.2726562 0.8183594 0.0276042 0.0179687
5 0.7765625 0.5132813 0.0218750 0.0218750
1 0.3572917 0.7171875 0.0239583 0.0234375
2 0.5445313 0.3121094 0.0203125 0.0367188
0 0.7257813 0.3660156 0.0296875 0.0257812
2 0.5421875 0.5281250 0.0229167 0.0328125
3 0.6619792 0.6468750 0.0250000 0.0234375
2 0.6401042 0.3863281 0.0260417 0.0195312
5 0.6898437 0.7304688 0.0213542 0.0171875
1 0.7226562 0.5640625 0.0140625 0.0234375
3 0.6015625 0.5089844 0.0197917 0.0382813
7 0.5455729 0.4816406 0.0192708 0.0289063
8 0.6229167 0.3031250 0.0270833 0.0265625
8 0.5549479 0.4789062 0.0161458 0.0312500
7 0.4109375 0.0781250 0.0260417 0.0296875
6 0.5223958 0.1843750 0.0260417 0.0375000
11 0.3382812 0.5156250 0.0265625 0.0265625
6 0.5083333 0.2398437 0.0250000 0.0250000
10 0.5718750 0.8136719 0.0156250 0.0257812
7 0.5958333 0.3683594 0.0208333 0.0351562
10 0.7354167 0.2199219 0.0156250 0.0242188
8 0.6252604 0.4792969 0.0255208 0.0257812
7 0.5953125 0.6324219 0.0239583 0.0273438
7 0.4848958 0.7132812 0.0250000 0.0296875
10 0.3986979 0.8011719 0.0171875 0.0273438
10 0.6080729 0.7199219 0.0182292 0.0351562
9 0.6815104 0.5007812 0.0255208 0.0250000
8 0.5723958 0.4312500 0.0250000 0.0281250
9 0.5669271 0.5417969 0.0161458 0.0367188
9 0.5783854 0.6917969 0.0182292 0.0242188
