1 0.6664062 0.5351562 0.0890625 0.0703125
4 0.7929688 0.6472656 0.0536458 0.0898438
5 0.5838542 0.2640625 0.0677083 0.0875000
2 0.6841146 0.5554687 0.0880208 0.0531250
3 0.7013021 0.3863281 0.0703125 0.0554687
2 0.4346354 0.2085937 0.0536458 0.0578125
5 0.5078125 0.8441406 0.0708333 0.1210938
3 0.4791667 0.6511719 0.0864583 0.0648438
3 0.5710937 0.6511719 0.0578125 0.1039063
2 0.5789062 0.5875000 0.0869792 0.1015625
3 0.5723958 0.3207031 0.0708333 0.0585938
2 0.6583333 0.4292969 0.0781250 0.0570312
2 0.4096354 0.7703125 0.0588542 0.1281250
4 0.5861979 0.8699219 0.0640625 0.1273438
2 0.6830729 0.6269531 0.0932292 0.0757812
1 0.6244792 0.3546875 0.0427083 0.1218750
0 0.6901042 0.8937500 0.0885417 0.0625000
5 0.6164063 0.1890625 0.0463542 0.1328125
2 0.7265625 0.3398438 0.0937500 0.0765625
0 0.6708333 0.3519531 0.0947917 0.0664062
4 0.4468750 0.7914062 0.0406250 0.0656250
3 0.2908854 0.5410156 0.0421875 0.1351563
2 0.2906250 0.1882813 0.0583333 0.1343750
4 0.6320313 0.6203125 0.0296875 0.0687500
0 0.5541667 0.6843750 0.0812500 0.0562500
3 0.3619792 0.2621094 0.0895833 0.0914062
5 0.5476562 0.5039062 0.0744792 0.0578125
0 0.4062500 0.7921875 0.0531250 0.1437500
2 0.3703125 0.4390625 0.0489583 0.1234375
4 0.5523438 0.4976563 0.0911458 0.0593750
4 0.4820313 0.4039063 0.0598958 0.1156250
5 0.4143229 0.3871094 0.0442708 0.0757812
2 0.4958333 0.3445313 0.0937500 0.0687500
1 0.6536458 0.9542969 0.0927083 0.0773438
4 0.5893229 0.3019531 0.0494792 0.0898438
5 0.3763021 0.2949219 0.0859375 0.0726563
0 0.6697917 0.3425781 0.0583333 0.0601563
0 0.5752604 0.1996094 0.0567708 0.1335938
0 0.5072917 0.7101563 0.0802083 0.0640625
0 0.6731771 0.7601562 0.0953125 0.0703125
4 0.5872396 0.3511719 0.0963542 0.0648438
3 0.3942708 0.4972656 0.0968750 0.0710937
2 0.4007812 0.4949219 0.0421875 0.1195313
3 0.4484375 0.8625000 0.0500000 0.1406250
0 0.4067708 0.3984375 0.0437500 0.1234375
1 0.4893229 0.5472656 0.0765625 0.0929688
3 0.7247396 0.1835938 0.0494792 0.1093750
5 0.6286458 0.6195312 0.0968750 0.0671875
0 0.6539063 0.1902344 0.0734375 0.0789062
0 0.6734375 0.2531250 0.0812500 0.1031250
2 0.2645833 0.6488281 0.0791667 0.0929688
2 0.6015625 0.3691406 0.0885417 0.0554687
0 0.4255208 0.6527344 0.0645833 0.1273438
2 0.6028646 0.5679688 0.0619792 0.0765625
4 0.5906250 0.4761719 0.0666667 0.0804688
1 0.6468750 0.7191406 0.0895833 0.0742188
5 0.6044271 0.3203125 0.0692708 0.0937500
4 0.7078125 0.6539063 0.0989583 0.0640625
1 0.5885417 0.8007812 0.0927083 0.0562500
5 0.2145833 0.1402344 0.0604167 0.0945312
0 0.4572917 0.5085937 0.0572917 0.1031250
0 0.5799479 0.6644531 0.0526042 0.0554687
5 0.4330729 0.3257813 0.0442708 0.0843750
0 0.4658854 0.8054687 0.0869792 0.0734375
5 0.5903646 0.8332031 0.0848958 0.0664062
7 0.3281250 0.4882812 0.0885417 0.1000000
6 0.6059896 0.5800781 0.0786458 0.0867187
11 0.5364583 0.2148438 0.0781250 0.0828125
6 0.2617188 0.6464844 0.0807292 0.0914062
6 0.4229167 0.5402344 0.0895833 0.1257813
9 0.5513021 0.3054688 0.0890625 0.0890625
7 0.5356771 0.1925781 0.0703125 0.1117188
9 0.4958333 0.3687500 0.0562500 0.1093750
8 0.5005208 0.4082031 0.0770833 0.0851563
10 0.6606771 0.9519531 0.0848958 0.0945312
10 0.7557292 0.2402344 0.0885417 0.0898438
11 0.7000000 0.7453125 0.0802083 0.0828125
8 0.3479167 0.7593750 0.0531250 0.1140625
8 0.7062500 0.2656250 0.0843750 0.1359375
7 0.5841146 0.5160156 0.0786458 0.0773438
8 0.5578125 0.5347656 0.0677083 0.1351563
8 0.3932292 0.7156250 0.0750000 0.0906250
