3 0.6671875 0.6847656 0.0125000 0.0195312
2 0.5010417 0.6210938 0.0229167 0.0265625
4 0.5710937 0.7195312 0.0265625 0.0203125
1 0.4953125 0.1367188 0.0114583 0.0375000
5 0.4104167 0.0144531 0.0135417 0.0289063
3 0.5875000 0.2566406 0.0239583 0.0273438
4 0.4083333 0.3582031 0.0177083 0.0179687
0 0.3531250 0.7843750 0.0250000 0.0187500
5 0.5937500 0.6683594 0.0239583 0.0179687
3 0.4260417 0.3074219 0.0270833 0.0195312
3 0.6192708 0.3414063 0.0250000 0.0203125
0 0.7125000 0.5574219 0.0229167 0.0148437
0 0.4533854 0.2378906 0.0244792 0.0273438
5 0.6078125 0.5207031 0.0156250 0.0320312
3 0.3817708 0.7933594 0.0239583 0.0179687
0 0.4294271 0.0753906 0.0255208 0.0179687
0 0.7031250 0.4554687 0.0125000 0.0375000
5 0.3799479 0.6476563 0.0119792 0.0203125
2 0.4085937 0.8394531 0.0213542 0.0304687
2 0.6153646 0.5820312 0.0223958 0.0250000
5 0.3638021 0.3578125 0.0119792 0.0359375
4 0.4093750 0.2207031 0.0218750 0.0320312
11 0.6549479 0.6003906 0.0234375 0.0320312
7 0.6007813 0.6234375 0.0223958 0.0218750
7 0.6080729 0.2812500 0.0255208 0.0234375
8 0.5208333 0.8187500 0.0208333 0.0250000
7 0.3554688 0.5437500 0.0203125 0.0328125
9 0.5648437 0.4179688 0.0223958 0.0328125
8 0.6325521 0.1941406 0.0234375 0.0226562
9 0.5309896 0.6125000 0.0234375 0.0234375
10 0.5361979 0.6652344 0.0223958 0.0320312
10 0.5864583 0.7945313 0.0250000 0.0343750
10 0.4153646 0.7187500 0.0234375 0.0281250
9 0.6223958 0.3480469 0.0229167 0.0351562
