5 0.4979167 0.4816406 0.0322917 0.0273438
5 0.3770833 0.4328125 0.0156250 0.0453125
5 0.6158854 0.4453125 0.0213542 0.0390625
1 0.5411458 0.2511719 0.0250000 0.0257812
1 0.5044271 0.5519531 0.0317708 0.0226562
2 0.3518229 0.6304688 0.0276042 0.0234375
0 0.5442708 0.6550781 0.0239583 0.0257812
2 0.3888021 0.1898438 0.0307292 0.0234375
4 0.5945312 0.7246094 0.0234375 0.0289063
3 0.3885417 0.3554688 0.0166667 0.0421875
3 0.5583333 0.7375000 0.0312500 0.0234375
0 0.7481771 0.3777344 0.0307292 0.0210938
4 0.4299479 0.0378906 0.0276042 0.0335937
1 0.6273437 0.8074219 0.0151042 0.0476562
1 0.3437500 0.4820313 0.0291667 0.0234375
1 0.6372396 0.2050781 0.0276042 0.0273438
5 0.4244792 0.4503906 0.0135417 0.0445313
5 0.6158854 0.4851563 0.0307292 0.0218750
1 0.6455729 0.4488281 0.0244792 0.0289063
2 0.6802083 0.3214844 0.0302083 0.0226562
2 0.4390625 0.6359375 0.0208333 0.0375000
2 0.6216146 0.3113281 0.0161458 0.0335937
3 0.4255208 0.3761719 0.0291667 0.0226562
1 0.6046875 0.2925781 0.0166667 0.0414062
2 0.7651042 0.4042969 0.0156250 0.0351562
4 0.5502604 0.2761719 0.0130208 0.0289063
0 0.6666667 0.3273437 0.0281250 0.0203125
3 0.3580729 0.3183594 0.0276042 0.0304687
3 0.8104167 0.4777344 0.0250000 0.0367188
1 0.3156250 0.6027344 0.0270833 0.0242188
0 0.4653646 0.7484375 0.0223958 0.0375000
5 0.7333333 0.2398437 0.0270833 0.0250000
1 0.5708333 0.4167969 0.0302083 0.0179687
1 0.6544271 0.7113281 0.0286458 0.0195312
4 0.6434896 0.2863281 0.0296875 0.0210938
0 0.4973958 0.4402344 0.0187500 0.0257812
1 0.6276042 0.3636719 0.0333333 0.0226562
0 0.7057292 0.7089844 0.0208333 0.0445313
3 0.4057292 0.5187500 0.0177083 0.0437500
5 0.6567708 0.7906250 0.0291667 0.0234375
3 0.5320312 0.6683594 0.0151042 0.0242188
5 0.4729167 0.1933594 0.0177083 0.0382813
4 0.3914063 0.1117188 0.0244792 0.0359375
1 0.6507812 0.6996094 0.0140625 0.0414062
5 0.6539063 0.3593750 0.0296875 0.0234375
2 0.3638021 0.5558594 0.0171875 0.0304687
1 0.2893229 0.3726563 0.0151042 0.0421875
0 0.4677083 0.7906250 0.0187500 0.0390625
2 0.4291667 0.7109375 0.0208333 0.0500000
5 0.5156250 0.3105469 0.0260417 0.0351562
5 0.6174479 0.2714844 0.0286458 0.0179687
0 0.6401042 0.4957031 0.0281250 0.0320312
0 0.5536458 0.5937500 0.0187500 0.0406250
3 0.6028646 0.6222656 0.0286458 0.0210938
10 0.3197917 0.5011719 0.0312500 0.0382813
10 0.6750000 0.4914062 0.0250000 0.0265625
7 0.3671875 0.3343750 0.0187500 0.0421875
11 0.5197917 0.8937500 0.0281250 0.0281250
10 0.4442708 0.5257812 0.0177083 0.0265625
10 0.6278646 0.0777344 0.0296875 0.0320312
7 0.6565104 0.5929688 0.0276042 0.0453125
8 0.6921875 0.8703125 0.0291667 0.0375000
9 0.6104167 0.5406250 0.0322917 0.0312500
7 0.4226563 0.4707031 0.0255208 0.0289063
11 0.2645833 0.3750000 0.0281250 0.0375000
11 0.5093750 0.7835937 0.0291667 0.0296875
8 0.3773437 0.7175781 0.0286458 0.0382813
10 0.6166667 0.4382813 0.0270833 0.0265625
8 0.6919271 0.2882812 0.0296875 0.0390625
11 0.4726562 0.9148437 0.0255208 0.0390625
10 0.2611979 0.2917969 0.0296875 0.0289063
6 0.6289062 0.2746094 0.0234375 0.0320312
9 0.5411458 0.6156250 0.0250000 0.0328125
