2 0.4611979 0.4335938 0.0119792 0.0250000
0 0.3666667 0.7226562 0.0156250 0.0250000
2 0.6744792 0.4281250 0.0208333 0.0281250
3 0.2270833 0.4078125 0.0229167 0.0296875
5 0.2369792 0.5574219 0.0156250 0.0257812
5 0.6062500 0.2968750 0.0145833 0.0203125
5 0.2354167 0.5023437 0.0270833 0.0265625
1 0.3492188 0.4664063 0.0255208 0.0203125
5 0.4875000 0.3863281 0.0260417 0.0195312
1 0.3445313 0.4503906 0.0234375 0.0164063
1 0.6486979 0.5085937 0.0203125 0.0171875
0 0.3601563 0.4390625 0.0119792 0.0281250
1 0.2773438 0.4742188 0.0161458 0.0281250
1 0.6565104 0.5820312 0.0255208 0.0187500
1 0.6440104 0.7742187 0.0140625 0.0187500
3 0.5562500 0.6437500 0.0218750 0.0171875
1 0.4429688 0.5835938 0.0213542 0.0234375
0 0.5083333 0.2578125 0.0208333 0.0281250
1 0.4778646 0.6226563 0.0119792 0.0359375
4 0.2132813 0.7628906 0.0265625 0.0210938
3 0.5072917 0.8574219 0.0125000 0.0210938
3 0.5718750 0.5097656 0.0166667 0.0335937
3 0.7651042 0.3265625 0.0250000 0.0218750
0 0.5583333 0.3707031 0.0187500 0.0132812
1 0.6317708 0.3695312 0.0125000 0.0312500
1 0.7414063 0.4109375 0.0109375 0.0187500
3 0.7174479 0.2230469 0.0244792 0.0179687
5 0.3533854 0.5058594 0.0255208 0.0210938
3 0.5351562 0.2757812 0.0203125 0.0203125
5 0.6338542 0.3691406 0.0166667 0.0179687
5 0.6325521 0.6250000 0.0223958 0.0171875
0 0.4851563 0.6734375 0.0140625 0.0343750
2 0.5018229 0.5226563 0.0192708 0.0328125
2 0.4794271 0.5453125 0.0151042 0.0218750
6 0.3367188 0.3406250 0.0244792 0.0328125
9 0.4046875 0.5714844 0.0239583 0.0289063
10 0.6361979 0.7566406 0.0234375 0.0257812
10 0.4895833 0.6199219 0.0177083 0.0351562
10 0.5466146 0.6375000 0.0203125 0.0281250
11 0.5109375 0.3347656 0.0218750 0.0335937
6 0.6315104 0.4488281 0.0234375 0.0367188
7 0.6158854 0.2484375 0.0223958 0.0265625
