0 0.4692708 0.3363281 0.0864583 0.1960938
4 0.3471354 0.6535156 0.1348958 0.1007813
1 0.4697917 0.3398438 0.1333333 0.1062500
3 0.4755208 0.5414062 0.1437500 0.1015625
5 0.8164062 0.7000000 0.1713542 0.1515625
1 0.3460937 0.0914062 0.0921875 0.1828125
5 0.4471354 0.0531250 0.1005208 0.1062500
1 0.4182292 0.7832031 0.1645833 0.1148437
10 0.7385417 0.1242188 0.1458333 0.1437500
7 0.3606771 0.5718750 0.1526042 0.1546875
10 0.3460937 0.1519531 0.1463542 0.1742188
11 0.6598958 0.2738281 0.1635417 0.1695312
7 0.7033854 0.5175781 0.1473958 0.1445312
8 0.6164063 0.3921875 0.0901042 0.2062500
11 0.2799479 0.8156250 0.1484375 0.1765625
9 0.7020833 0.5816406 0.1406250 0.1523438
