2 0.4916667 0.8035156 0.0291667 0.0242188
3 0.8018229 0.6433594 0.0203125 0.0304687
4 0.4692708 0.3421875 0.0197917 0.0203125
4 0.5580729 0.6976562 0.0192708 0.0203125
1 0.6950521 0.2585938 0.0255208 0.0359375
2 0.5934896 0.5550781 0.0255208 0.0289063
1 0.5664062 0.2597656 0.0182292 0.0289063
0 0.6968750 0.6300781 0.0166667 0.0351562
0 0.4229167 0.5308594 0.0135417 0.0289063
5 0.7096354 0.4898438 0.0234375 0.0343750
2 0.1812500 0.4726562 0.0260417 0.0312500
0 0.2617188 0.3644531 0.0203125 0.0226562
0 0.4901042 0.8203125 0.0114583 0.0421875
4 0.4653646 0.3515625 0.0119792 0.0234375
3 0.4531250 0.4082031 0.0291667 0.0257812
2 0.4393229 0.7839844 0.0203125 0.0335937
0 0.5794271 0.6121094 0.0182292 0.0429688
4 0.3171875 0.6664062 0.0177083 0.0296875
3 0.5093750 0.5128906 0.0291667 0.0226562
1 0.3320312 0.2859375 0.0286458 0.0218750
2 0.7309896 0.2207031 0.0151042 0.0414062
5 0.5804687 0.9003906 0.0171875 0.0492187
3 0.7145833 0.4609375 0.0197917 0.0343750
3 0.4078125 0.4011719 0.0270833 0.0273438
1 0.4929688 0.1261719 0.0255208 0.0273438
1 0.7080729 0.6910156 0.0296875 0.0242188
1 0.4036458 0.5433594 0.0145833 0.0257812
4 0.5093750 0.5050781 0.0302083 0.0257812
2 0.4447917 0.8113281 0.0270833 0.0210938
4 0.4979167 0.6113281 0.0156250 0.0367188
1 0.7127604 0.5234375 0.0244792 0.0265625
3 0.4955729 0.3777344 0.0213542 0.0320312
2 0.4757812 0.2222656 0.0203125 0.0242188
4 0.5526042 0.3101563 0.0302083 0.0203125
0 0.6309896 0.4367187 0.0161458 0.0250000
3 0.4356771 0.5230469 0.0244792 0.0210938
2 0.3760417 0.6875000 0.0145833 0.0421875
1 0.6960937 0.5175781 0.0286458 0.0195312
4 0.5622396 0.1984375 0.0171875 0.0359375
5 0.3411458 0.7148438 0.0281250 0.0187500
4 0.5880208 0.6316406 0.0229167 0.0335937
2 0.3958333 0.3214844 0.0260417 0.0210938
0 0.3231771 0.3472656 0.0286458 0.0195312
3 0.5088542 0.1757812 0.0145833 0.0281250
4 0.5757813 0.4371094 0.0265625 0.0242188
2 0.6377604 0.6777344 0.0161458 0.0445313
0 0.6002604 0.7988281 0.0203125 0.0382813
1 0.3130208 0.5652344 0.0218750 0.0289063
4 0.5127604 0.7695312 0.0109375 0.0187500
0 0.5776042 0.3761719 0.0145833 0.0414062
3 0.4403646 0.7281250 0.0296875 0.0234375
2 0.5648437 0.4429688 0.0276042 0.0218750
10 0.5088542 0.3640625 0.0260417 0.0375000
8 0.6859375 0.5964844 0.0281250 0.0273438
10 0.3429687 0.6957031 0.0255208 0.0304687
11 0.4942708 0.2437500 0.0281250 0.0328125
7 0.5583333 0.5695313 0.0281250 0.0328125
6 0.6934896 0.7574219 0.0255208 0.0257812
9 0.6028646 0.3890625 0.0234375 0.0375000
10 0.4736979 0.5347656 0.0265625 0.0382813
8 0.7143229 0.3597656 0.0286458 0.0289063
6 0.3283854 0.7335938 0.0192708 0.0437500
6 0.3135417 0.4359375 0.0166667 0.0265625
10 0.7125000 0.6621094 0.0281250 0.0335937
6 0.5554687 0.5324219 0.0182292 0.0414062
