2 0.2726562 0.2472656 0.0338542 0.0398437
5 0.4601562 0.8144531 0.0234375 0.0429688
2 0.6638021 0.6535156 0.0515625 0.0492187
4 0.4263021 0.3640625 0.0494792 0.0343750
4 0.3875000 0.1128906 0.0333333 0.0523438
5 0.7690104 0.5613281 0.0348958 0.0414062
1 0.4528646 0.5308594 0.0317708 0.0523438
3 0.7281250 0.6910156 0.0447917 0.0507812
0 0.3510417 0.3929687 0.0270833 0.0687500
0 0.6440104 0.1878906 0.0328125 0.0757812
1 0.4125000 0.6660156 0.0395833 0.0617188
5 0.7429687 0.3710938 0.0442708 0.0703125
3 0.4848958 0.7851562 0.0333333 0.0781250
3 0.2645833 0.3500000 0.0395833 0.0468750
1 0.4489583 0.3542969 0.0322917 0.0585938
5 0.6825521 0.5484375 0.0505208 0.0578125
1 0.4671875 0.2898438 0.0541667 0.0328125
3 0.4890625 0.6265625 0.0260417 0.0421875
5 0.5348958 0.7882813 0.0218750 0.0765625
2 0.7111979 0.8328125 0.0546875 0.0421875
0 0.5315104 0.4847656 0.0578125 0.0445313
4 0.6820312 0.2082031 0.0307292 0.0789062
0 0.5513021 0.2953125 0.0328125 0.0687500
2 0.6864583 0.4519531 0.0531250 0.0445313
3 0.5864583 0.4917969 0.0416667 0.0476562
4 0.5322917 0.2859375 0.0458333 0.0375000
3 0.6244792 0.2988281 0.0229167 0.0664062
5 0.4752604 0.8828125 0.0234375 0.0765625
3 0.7080729 0.5445313 0.0317708 0.0750000
1 0.4815104 0.0636719 0.0421875 0.0726563
1 0.6421875 0.2847656 0.0416667 0.0367188
4 0.6664062 0.3132813 0.0578125 0.0328125
4 0.5588542 0.2316406 0.0416667 0.0414062
2 0.5898438 0.4734375 0.0453125 0.0562500
5 0.5328125 0.1148437 0.0302083 0.0796875
5 0.4239583 0.8058594 0.0541667 0.0523438
0 0.7289062 0.4554687 0.0515625 0.0437500
1 0.6645833 0.7070312 0.0343750 0.0500000
1 0.5942708 0.7210937 0.0395833 0.0375000
2 0.5304688 0.5265625 0.0494792 0.0546875
4 0.4166667 0.7218750 0.0291667 0.0609375
3 0.3710938 0.4687500 0.0442708 0.0453125
2 0.7796875 0.4183594 0.0322917 0.0773438
4 0.5260417 0.2007812 0.0395833 0.0656250
2 0.7117187 0.6058594 0.0484375 0.0554687
2 0.5791667 0.5378906 0.0250000 0.0382813
2 0.5947917 0.8503906 0.0385417 0.0445313
2 0.2927083 0.2726562 0.0562500 0.0453125
5 0.5096354 0.2792969 0.0473958 0.0507812
5 0.5434896 0.3515625 0.0515625 0.0312500
3 0.5880208 0.4574219 0.0406250 0.0476562
0 0.4864583 0.4230469 0.0395833 0.0585938
0 0.5174479 0.8417969 0.0463542 0.0398437
2 0.5617188 0.5082031 0.0369792 0.0773438
4 0.2914062 0.2156250 0.0557292 0.0375000
0 0.2523437 0.2000000 0.0390625 0.0359375
1 0.7468750 0.6363281 0.0520833 0.0445313
5 0.5442708 0.5574219 0.0270833 0.0726563
2 0.6036458 0.7300781 0.0354167 0.0492187
4 0.4481771 0.4195313 0.0307292 0.0421875
2 0.6393229 0.2562500 0.0213542 0.0375000
0 0.6171875 0.1820313 0.0531250 0.0390625
0 0.4989583 0.4171875 0.0552083 0.0390625
1 0.2911458 0.3519531 0.0500000 0.0367188
0 0.4023438 0.3070312 0.0296875 0.0640625
3 0.4015625 0.2187500 0.0500000 0.0375000
3 0.2835937 0.7175781 0.0265625 0.0867187
3 0.7033854 0.6945313 0.0411458 0.0515625
0 0.6296875 0.9464844 0.0427083 0.0523438
2 0.6322917 0.0203125 0.0406250 0.0406250
0 0.2890625 0.5773438 0.0375000 0.0453125
2 0.4359375 0.7285156 0.0531250 0.0398437
3 0.6567708 0.3398438 0.0291667 0.0578125
4 0.4492188 0.7574219 0.0255208 0.0773438
3 0.5427083 0.5253906 0.0531250 0.0476562
2 0.4088542 0.6011719 0.0364583 0.0320312
6 0.6661458 0.4871094 0.0489583 0.0554687
11 0.7283854 0.5632812 0.0463542 0.0796875
6 0.4265625 0.2914062 0.0489583 0.0609375
8 0.7554688 0.3925781 0.0526042 0.0523438
6 0.2549479 0.2578125 0.0526042 0.0500000
9 0.3885417 0.3617187 0.0541667 0.0593750
10 0.7174479 0.3925781 0.0526042 0.0554687
6 0.6190104 0.1664063 0.0546875 0.0515625
9 0.3757813 0.6476563 0.0411458 0.0640625
6 0.5734375 0.3156250 0.0541667 0.0531250
6 0.2796875 0.7640625 0.0364583 0.0640625
11 0.3906250 0.9324219 0.0500000 0.0726563
6 0.5437500 0.3203125 0.0354167 0.0718750
8 0.2466146 0.6953125 0.0505208 0.0609375
11 0.5255208 0.4339844 0.0343750 0.0679687
7 0.3619792 0.7242188 0.0479167 0.0484375
6 0.3481771 0.4824219 0.0494792 0.0648438
