2 0.5216146 0.2574219 0.1338542 0.0929688
1 0.6825521 0.4640625 0.0921875 0.1109375
2 0.2606771 0.7773438 0.1401042 0.1031250
2 0.6489583 0.8984375 0.0687500 0.2015625
3 0.6830729 0.3875000 0.1348958 0.0953125
4 0.7119792 0.6589844 0.0947917 0.1773437
1 0.5864583 0.9175781 0.0656250 0.1632812
4 0.3945312 0.0417969 0.0630208 0.0835937
1 0.4723958 0.6078125 0.0875000 0.1531250
1 0.5007812 0.2121094 0.1203125 0.1460937
5 0.6867188 0.0722656 0.1046875 0.1445312
5 0.2226562 0.5230469 0.1463542 0.1054688
3 0.5776042 0.6402344 0.0906250 0.1695312
3 0.6906250 0.1683594 0.1343750 0.0804688
4 0.4674479 0.5664062 0.1213542 0.0875000
4 0.3846354 0.4617188 0.0723958 0.1031250
5 0.3471354 0.3078125 0.1192708 0.1015625
0 0.5236979 0.0957031 0.1328125 0.0945312
3 0.6875000 0.4781250 0.1322917 0.0968750
4 0.7083333 0.9171875 0.1375000 0.0984375
2 0.4986979 0.2324219 0.1401042 0.1242188
4 0.7096354 0.8816406 0.0713542 0.1726563
0 0.6846354 0.5601563 0.0973958 0.1218750
4 0.4125000 0.7898437 0.1187500 0.1046875
2 0.4859375 0.4386719 0.0687500 0.1382812
0 0.5854167 0.2140625 0.0968750 0.1890625
1 0.4789062 0.4562500 0.1348958 0.1000000
3 0.6213542 0.1523438 0.1020833 0.1734375
2 0.5510417 0.5625000 0.0593750 0.1734375
0 0.3705729 0.4894531 0.0723958 0.1117188
5 0.7460938 0.4992187 0.0640625 0.1015625
1 0.3716146 0.9015625 0.1265625 0.1187500
0 0.5630208 0.7050781 0.0947917 0.2007812
1 0.5502604 0.6312500 0.0786458 0.1312500
0 0.2328125 0.5675781 0.0635417 0.1882813
5 0.7421875 0.4183594 0.1364583 0.0867187
2 0.4247396 0.7546875 0.0776042 0.2000000
3 0.4361979 0.2285156 0.0796875 0.1945312
5 0.6166667 0.1167969 0.1145833 0.1007813
0 0.5872396 0.3023438 0.1463542 0.0921875
3 0.4705729 0.3214844 0.0848958 0.1867187
8 0.5018229 0.3617187 0.0817708 0.1687500
7 0.5648437 0.4343750 0.0807292 0.1359375
7 0.6497396 0.2242187 0.1140625 0.1359375
7 0.5302083 0.5062500 0.0833333 0.1203125
10 0.4080729 0.7125000 0.1078125 0.1156250
7 0.5492187 0.3523438 0.0942708 0.1312500
11 0.6744792 0.5343750 0.1270833 0.1390625
7 0.3898437 0.6488281 0.0817708 0.1367188
10 0.5179687 0.8875000 0.1328125 0.1812500
