5 0.3890625 0.4234375 0.0500000 0.0437500
1 0.5541667 0.5468750 0.0479167 0.0453125
4 0.6635417 0.6375000 0.0541667 0.0375000
5 0.6432292 0.5113281 0.0343750 0.0429688
0 0.2320312 0.7546875 0.0296875 0.0406250
4 0.5492187 0.7085938 0.0515625 0.0343750
0 0.5361979 0.3550781 0.0317708 0.0742188
1 0.4593750 0.3367188 0.0302083 0.0546875
7 0.3432292 0.6359375 0.0437500 0.0687500
9 0.4656250 0.7230469 0.0416667 0.0804688
9 0.5406250 0.3578125 0.0489583 0.0671875
11 0.7216146 0.2402344 0.0484375 0.0476562
11 0.6151042 0.5902344 0.0343750 0.0726563
7 0.2960937 0.4246094 0.0578125 0.0554687
8 0.6320313 0.4746094 0.0328125 0.0664062
9 0.7377604 0.3410156 0.0546875 0.0523438
9 0.6927083 0.8996094 0.0520833 0.0507812
7 0.5096354 0.6332031 0.0296875 0.0460938
9 0.4283854 0.7070312 0.0390625 0.0656250
10 0.4382813 0.7742187 0.0536458 0.0515625
6 0.5104167 0.3109375 0.0468750 0.0812500
7 0.7434896 0.5128906 0.0494792 0.0601563
