4 0.5244792 0.5667969 0.0552083 0.1148437
5 0.4289062 0.2890625 0.0453125 0.1234375
4 0.5747396 0.7226562 0.0453125 0.0515625
5 0.3351562 0.6554688 0.0765625 0.0531250
5 0.3992188 0.2425781 0.0307292 0.0710937
1 0.5338542 0.6089844 0.0750000 0.0539063
5 0.4484375 0.2476562 0.0593750 0.0562500
4 0.4229167 0.5773438 0.0437500 0.0546875
2 0.4416667 0.4964844 0.0385417 0.0945312
3 0.4781250 0.2242187 0.0395833 0.1015625
1 0.5588542 0.0593750 0.0322917 0.0500000
4 0.2669271 0.5375000 0.0390625 0.0984375
4 0.3244792 0.4613281 0.0531250 0.0601563
2 0.3796875 0.3835938 0.0666667 0.0500000
4 0.7174479 0.2164062 0.0515625 0.0968750
9 0.7330729 0.7703125 0.0588542 0.0859375
8 0.7393229 0.3746094 0.0651042 0.0851563
7 0.3609375 0.6863281 0.0718750 0.0679687
11 0.8143229 0.6917969 0.0609375 0.0648438
11 0.5296875 0.3164062 0.0604167 0.0843750
10 0.5937500 0.3015625 0.0552083 0.1109375
6 0.3210938 0.7472656 0.0411458 0.0617188
11 0.4015625 0.1535156 0.0500000 0.0773438
