4 0.5039062 0.6218750 0.1463542 0.0859375
5 0.7229167 0.4359375 0.0739583 0.1218750
5 0.5645833 0.1261719 0.1291667 0.1039063
1 0.3549479 0.2761719 0.0567708 0.0976562
0 0.5583333 0.7093750 0.0791667 0.1921875
0 0.5187500 0.6281250 0.1218750 0.1015625
3 0.5549479 0.8144531 0.1223958 0.1351563
3 0.5776042 0.3957031 0.1031250 0.1710937
5 0.5684896 0.5132813 0.1317708 0.0937500
5 0.3289063 0.3625000 0.1192708 0.1250000
3 0.5223958 0.1019531 0.0666667 0.1960938
5 0.5468750 0.2902344 0.1291667 0.1257813
5 0.4481771 0.5031250 0.0859375 0.1609375
0 0.6182292 0.1429688 0.0802083 0.1968750
2 0.4335938 0.3605469 0.1223958 0.1132812
1 0.3239583 0.8113281 0.1260417 0.0789062
3 0.3348958 0.5003906 0.0697917 0.1039063
4 0.5570312 0.6421875 0.0661458 0.1093750
2 0.4966146 0.5316406 0.1203125 0.1039063
1 0.6429687 0.3132813 0.1390625 0.0968750
5 0.6382813 0.5714844 0.1067708 0.1523438
3 0.5492187 0.7781250 0.1328125 0.0906250
0 0.6169271 0.2136719 0.1390625 0.1070312
3 0.6473958 0.5292969 0.0583333 0.1414063
1 0.6963542 0.4277344 0.1208333 0.1195313
1 0.5208333 0.6378906 0.1125000 0.1929687
3 0.2596354 0.3394531 0.1026042 0.1867187
3 0.7093750 0.5917969 0.1395833 0.1257813
3 0.7117187 0.6082031 0.1265625 0.0882813
4 0.6257812 0.2425781 0.1484375 0.0992187
0 0.3244792 0.6386719 0.0697917 0.1539062
1 0.5192708 0.7890625 0.0791667 0.2140625
3 0.4148438 0.7683594 0.1244792 0.0804688
1 0.6315104 0.3390625 0.1338542 0.0984375
3 0.3429687 0.7917969 0.1213542 0.1460937
4 0.3781250 0.2230469 0.0625000 0.1945312
2 0.5270833 0.8105469 0.1135417 0.1664063
5 0.4221354 0.6457031 0.1098958 0.1367188
3 0.6934896 0.2968750 0.0692708 0.1187500
0 0.6385417 0.5476562 0.0937500 0.1500000
0 0.6052083 0.8476562 0.0687500 0.1343750
2 0.5007812 0.2007812 0.1015625 0.2015625
3 0.3705729 0.1859375 0.0963542 0.1421875
0 0.4807292 0.4128906 0.1177083 0.1179687
0 0.5140625 0.5667969 0.1229167 0.1539062
2 0.1861979 0.4339844 0.1390625 0.0820312
4 0.7070312 0.4910156 0.1088542 0.1585938
2 0.3356771 0.2156250 0.1369792 0.1062500
0 0.7216146 0.4109375 0.0723958 0.1250000
6 0.6635417 0.2453125 0.1375000 0.1343750
6 0.5690104 0.9203125 0.0859375 0.1578125
8 0.4570312 0.5781250 0.0869792 0.2015625
6 0.3632812 0.5089844 0.1098958 0.1226562
7 0.5570312 0.4019531 0.0973958 0.1664063
10 0.5002604 0.9117188 0.1026042 0.1750000
6 0.4570312 0.6820312 0.1151042 0.1171875
10 0.6817708 0.1609375 0.1052083 0.1703125
11 0.5692708 0.6171875 0.0864583 0.1781250
6 0.4039063 0.1871094 0.1171875 0.2023437
9 0.4903646 0.7375000 0.1098958 0.1421875
10 0.5091146 0.3925781 0.1213542 0.1445312
10 0.4630208 0.8472656 0.1166667 0.1554687
6 0.6468750 0.4949219 0.1510417 0.1726563
6 0.4747396 0.4042969 0.0963542 0.1445312
8 0.5020833 0.7375000 0.0781250 0.1734375
