2 0.5039062 0.7109375 0.0359375 0.0281250
3 0.2773438 0.1910156 0.0171875 0.0585938
3 0.4151042 0.1535156 0.0291667 0.0492187
1 0.6484375 0.4531250 0.0312500 0.0359375
0 0.3934896 0.2230469 0.0244792 0.0257812
2 0.5598958 0.6078125 0.0291667 0.0312500
1 0.3291667 0.3781250 0.0197917 0.0265625
2 0.5893229 0.6343750 0.0401042 0.0296875
2 0.7744792 0.5449219 0.0364583 0.0210938
2 0.3382812 0.2675781 0.0380208 0.0289063
1 0.4794271 0.1507813 0.0234375 0.0359375
0 0.4138021 0.6492187 0.0203125 0.0281250
2 0.6619792 0.6441406 0.0343750 0.0289063
10 0.4507813 0.9425781 0.0234375 0.0523438
9 0.6005208 0.8796875 0.0312500 0.0421875
7 0.6390625 0.7015625 0.0364583 0.0359375
7 0.6841146 0.5628906 0.0244792 0.0539063
