5 0.4265625 0.3277344 0.0208333 0.0242188
2 0.4734375 0.2542969 0.0291667 0.0242188
0 0.6143229 0.7875000 0.0161458 0.0437500
1 0.6114583 0.2980469 0.0156250 0.0398437
3 0.3072917 0.3886719 0.0281250 0.0195312
3 0.4609375 0.3316406 0.0302083 0.0242188
5 0.5023437 0.4265625 0.0276042 0.0203125
3 0.5580729 0.5007812 0.0140625 0.0468750
0 0.3242188 0.2511719 0.0296875 0.0257812
3 0.4794271 0.1089844 0.0182292 0.0414062
5 0.7726563 0.4765625 0.0276042 0.0265625
0 0.5601563 0.6386719 0.0192708 0.0257812
3 0.4354167 0.7304688 0.0208333 0.0453125
4 0.6580729 0.2535156 0.0140625 0.0414062
5 0.5752604 0.3609375 0.0151042 0.0453125
0 0.3783854 0.3835938 0.0151042 0.0296875
0 0.4122396 0.6519531 0.0317708 0.0226562
0 0.3760417 0.3019531 0.0125000 0.0320312
5 0.3895833 0.6992188 0.0187500 0.0328125
5 0.6265625 0.3707031 0.0291667 0.0226562
5 0.6408854 0.5101562 0.0255208 0.0265625
3 0.4963542 0.2875000 0.0281250 0.0250000
3 0.5552083 0.1003906 0.0218750 0.0242188
0 0.4283854 0.6039062 0.0151042 0.0234375
1 0.3320312 0.1878906 0.0161458 0.0226562
0 0.5721354 0.6800781 0.0276042 0.0195312
0 0.6429687 0.8191406 0.0276042 0.0226562
5 0.6283854 0.6976562 0.0276042 0.0312500
2 0.4276042 0.1746094 0.0114583 0.0195312
0 0.6166667 0.5222656 0.0177083 0.0304687
1 0.7687500 0.7816406 0.0291667 0.0179687
2 0.6950521 0.5671875 0.0286458 0.0281250
4 0.6643229 0.1960938 0.0307292 0.0234375
5 0.3786458 0.4648438 0.0187500 0.0203125
1 0.2981771 0.0953125 0.0286458 0.0218750
2 0.3007812 0.4433594 0.0234375 0.0320312
0 0.5252604 0.4503906 0.0276042 0.0210938
5 0.3197917 0.2902344 0.0281250 0.0242188
0 0.6302083 0.8449219 0.0156250 0.0429688
4 0.2046875 0.4312500 0.0291667 0.0281250
0 0.6296875 0.5578125 0.0260417 0.0296875
2 0.5458333 0.6750000 0.0281250 0.0296875
1 0.4955729 0.8351563 0.0265625 0.0296875
0 0.6924479 0.4644531 0.0265625 0.0179687
2 0.4937500 0.4589844 0.0166667 0.0242188
5 0.3052083 0.4328125 0.0281250 0.0203125
3 0.6841146 0.5199219 0.0276042 0.0273438
0 0.2929688 0.1945312 0.0286458 0.0171875
5 0.6947917 0.3945312 0.0125000 0.0421875
0 0.3138021 0.4351563 0.0223958 0.0328125
3 0.5770833 0.5304688 0.0270833 0.0265625
3 0.3986979 0.5847656 0.0151042 0.0289063
5 0.3166667 0.3625000 0.0156250 0.0281250
4 0.4039063 0.6730469 0.0255208 0.0257812
11 0.4658854 0.4367187 0.0265625 0.0265625
8 0.3640625 0.5480469 0.0270833 0.0320312
9 0.6080729 0.7867188 0.0182292 0.0406250
6 0.3132813 0.4074219 0.0192708 0.0351562
7 0.6585937 0.6234375 0.0307292 0.0390625
11 0.5411458 0.5136719 0.0270833 0.0304687
6 0.5739583 0.2628906 0.0177083 0.0398437
