5 0.2723958 0.4746094 0.0500000 0.0445313
2 0.6135417 0.7250000 0.0354167 0.0640625
0 0.6812500 0.8250000 0.0489583 0.0421875
5 0.5075521 0.6957031 0.0463542 0.0367188
1 0.6804687 0.6523438 0.0328125 0.0546875
0 0.6174479 0.2640625 0.0484375 0.0312500
1 0.7252604 0.3937500 0.0494792 0.0328125
5 0.4575521 0.2898438 0.0213542 0.0625000
5 0.5138021 0.6144531 0.0453125 0.0367188
4 0.6218750 0.5312500 0.0479167 0.0312500
2 0.4408854 0.3589844 0.0401042 0.0429688
3 0.5143229 0.4917969 0.0453125 0.0601563
5 0.6268229 0.2664063 0.0515625 0.0484375
1 0.3216146 0.2851562 0.0234375 0.0718750
4 0.4880208 0.4816406 0.0322917 0.0695313
5 0.4471354 0.5761719 0.0390625 0.0382813
5 0.3648438 0.2812500 0.0286458 0.0656250
4 0.6747396 0.3109375 0.0505208 0.0406250
0 0.2307292 0.3980469 0.0510417 0.0445313
0 0.6817708 0.5640625 0.0239583 0.0406250
0 0.6002604 0.2210938 0.0369792 0.0421875
0 0.6059896 0.5226563 0.0296875 0.0656250
5 0.4877604 0.5304688 0.0421875 0.0406250
4 0.7257813 0.4183594 0.0473958 0.0304687
3 0.7299479 0.7972656 0.0421875 0.0476562
4 0.5585938 0.2328125 0.0203125 0.0296875
1 0.5526042 0.8113281 0.0437500 0.0476562
3 0.6229167 0.3476562 0.0395833 0.0515625
5 0.6645833 0.2039063 0.0489583 0.0437500
1 0.7546875 0.3140625 0.0447917 0.0406250
1 0.5705729 0.4570312 0.0453125 0.0468750
5 0.3062500 0.4734375 0.0437500 0.0390625
4 0.6625000 0.3449219 0.0447917 0.0304687
5 0.5057292 0.2726562 0.0468750 0.0328125
3 0.6523438 0.3437500 0.0473958 0.0343750
2 0.4244792 0.4093750 0.0218750 0.0296875
1 0.4382813 0.2101562 0.0307292 0.0578125
3 0.6919271 0.3007812 0.0348958 0.0625000
3 0.3893229 0.3488281 0.0401042 0.0601563
5 0.3463542 0.2835937 0.0447917 0.0296875
3 0.5304688 0.8699219 0.0453125 0.0460938
2 0.3710938 0.6468750 0.0453125 0.0343750
1 0.6125000 0.2636719 0.0458333 0.0414062
4 0.6046875 0.7316406 0.0447917 0.0304687
4 0.3869792 0.8871094 0.0281250 0.0757812
5 0.4838542 0.4312500 0.0291667 0.0343750
4 0.5783854 0.2445313 0.0307292 0.0687500
0 0.3281250 0.2777344 0.0239583 0.0492187
0 0.4906250 0.7332031 0.0291667 0.0554687
0 0.6888021 0.7128906 0.0223958 0.0414062
10 0.5072917 0.6734375 0.0270833 0.0625000
7 0.3403646 0.1117188 0.0411458 0.0515625
11 0.3888021 0.6773438 0.0338542 0.0562500
10 0.3851562 0.7816406 0.0453125 0.0554687
11 0.6888021 0.8003906 0.0286458 0.0648438
10 0.2656250 0.7515625 0.0427083 0.0421875
7 0.6205729 0.7179688 0.0317708 0.0718750
11 0.6617188 0.3128906 0.0463542 0.0757812
9 0.6070313 0.6289062 0.0296875 0.0687500
10 0.5369792 0.6308594 0.0437500 0.0585938
6 0.6552083 0.3058594 0.0406250 0.0429688
