0 0.2210938 0.5062500 0.0369792 0.0390625
4 0.6174479 0.6914062 0.0421875 0.0281250
3 0.5393229 0.3910156 0.0276042 0.0554687
1 0.5835938 0.1085938 0.0234375 0.0578125
4 0.3914063 0.7957031 0.0223958 0.0570312
0 0.6367188 0.7753906 0.0223958 0.0507812
1 0.5359375 0.6679688 0.0260417 0.0453125
4 0.5968750 0.6410156 0.0208333 0.0398437
5 0.7416667 0.5710937 0.0375000 0.0421875
2 0.6794271 0.7031250 0.0369792 0.0281250
4 0.4742188 0.5757813 0.0265625 0.0406250
2 0.3518229 0.5296875 0.0359375 0.0421875
0 0.4039063 0.7191406 0.0328125 0.0320312
4 0.6255208 0.1582031 0.0354167 0.0289063
1 0.5440104 0.7167969 0.0192708 0.0320312
1 0.5419271 0.3144531 0.0380208 0.0273438
5 0.3562500 0.8546875 0.0197917 0.0515625
1 0.4611979 0.7980469 0.0328125 0.0335937
3 0.2994792 0.6679688 0.0250000 0.0265625
4 0.7833333 0.4570312 0.0385417 0.0312500
0 0.4375000 0.3605469 0.0239583 0.0445313
4 0.4390625 0.7976562 0.0156250 0.0531250
5 0.4033854 0.8257813 0.0244792 0.0609375
3 0.6997396 0.5824219 0.0359375 0.0320312
2 0.6463542 0.7628906 0.0291667 0.0476562
0 0.4343750 0.5382813 0.0375000 0.0265625
0 0.5750000 0.0773438 0.0239583 0.0421875
5 0.5580729 0.3519531 0.0401042 0.0273438
3 0.4817708 0.6121094 0.0406250 0.0257812
5 0.6028646 0.3628906 0.0203125 0.0601563
4 0.3000000 0.4964844 0.0281250 0.0460938
5 0.7994792 0.3746094 0.0270833 0.0257812
2 0.3346354 0.2832031 0.0286458 0.0273438
5 0.4770833 0.9375000 0.0260417 0.0562500
2 0.3119792 0.5730469 0.0364583 0.0257812
2 0.3609375 0.4722656 0.0343750 0.0320312
0 0.6065104 0.4359375 0.0223958 0.0312500
3 0.7132812 0.6515625 0.0328125 0.0390625
3 0.7299479 0.6511719 0.0348958 0.0289063
0 0.7820312 0.7968750 0.0411458 0.0296875
0 0.3460937 0.4480469 0.0307292 0.0382813
2 0.5471354 0.5523438 0.0234375 0.0468750
3 0.4729167 0.4761719 0.0364583 0.0476562
2 0.5335937 0.2710938 0.0359375 0.0296875
5 0.4864583 0.1023437 0.0197917 0.0343750
4 0.5726562 0.2652344 0.0182292 0.0460938
3 0.7481771 0.6113281 0.0348958 0.0257812
5 0.4908854 0.1199219 0.0359375 0.0242188
5 0.6708333 0.4097656 0.0375000 0.0289063
3 0.3130208 0.5062500 0.0406250 0.0265625
4 0.6322917 0.4675781 0.0322917 0.0242188
4 0.5325521 0.9683594 0.0244792 0.0570312
5 0.2622396 0.3246094 0.0223958 0.0585938
0 0.4471354 0.3628906 0.0359375 0.0210938
1 0.4723958 0.3914063 0.0270833 0.0375000
3 0.3114583 0.8250000 0.0416667 0.0281250
2 0.4109375 0.5906250 0.0208333 0.0375000
3 0.3570313 0.8343750 0.0390625 0.0265625
1 0.5351562 0.6339844 0.0307292 0.0492187
5 0.5260417 0.1796875 0.0281250 0.0515625
4 0.6515625 0.8140625 0.0375000 0.0328125
1 0.4369792 0.7457031 0.0239583 0.0367188
5 0.6135417 0.2535156 0.0385417 0.0289063
3 0.5083333 0.7332031 0.0333333 0.0289063
2 0.7101563 0.6902344 0.0151042 0.0554687
5 0.6067708 0.4125000 0.0250000 0.0468750
0 0.5257812 0.6535156 0.0182292 0.0335937
4 0.1992188 0.4363281 0.0276042 0.0382813
5 0.5580729 0.4882812 0.0244792 0.0250000
4 0.5091146 0.3980469 0.0338542 0.0382813
1 0.5148438 0.3820312 0.0255208 0.0406250
0 0.4622396 0.4503906 0.0348958 0.0429688
5 0.4632812 0.3636719 0.0265625 0.0429688
2 0.5494792 0.1949219 0.0218750 0.0601563
5 0.5348958 0.3664062 0.0343750 0.0281250
4 0.5528646 0.5871094 0.0255208 0.0523438
0 0.3002604 0.6996094 0.0296875 0.0460938
4 0.5708333 0.5773438 0.0395833 0.0296875
1 0.4981771 0.5632812 0.0307292 0.0281250
6 0.5489583 0.5898438 0.0354167 0.0546875
9 0.4265625 0.3535156 0.0354167 0.0335937
7 0.3830729 0.8886719 0.0265625 0.0523438
6 0.3664062 0.9167969 0.0338542 0.0460938
10 0.3804688 0.8937500 0.0255208 0.0546875
10 0.3510417 0.3316406 0.0364583 0.0398437
10 0.4369792 0.1300781 0.0302083 0.0523438
8 0.7286458 0.5628906 0.0354167 0.0351562
7 0.4020833 0.0250000 0.0322917 0.0484375
8 0.5369792 0.3101563 0.0333333 0.0359375
10 0.4203125 0.3250000 0.0229167 0.0328125
6 0.5223958 0.6300781 0.0333333 0.0335937
10 0.6828125 0.1628906 0.0312500 0.0429688
6 0.4742188 0.1523438 0.0255208 0.0562500
11 0.4979167 0.7593750 0.0375000 0.0437500
