1 0.6807292 0.5558594 0.0302083 0.0257812
4 0.3882813 0.6007813 0.0244792 0.0250000
5 0.6197917 0.4996094 0.0260417 0.0289063
2 0.5494792 0.4753906 0.0281250 0.0414062
2 0.4190104 0.1136719 0.0276042 0.0382813
2 0.7338542 0.4238281 0.0343750 0.0304687
5 0.3760417 0.3148437 0.0208333 0.0453125
6 0.6317708 0.2398437 0.0312500 0.0421875
10 0.5437500 0.7523437 0.0260417 0.0375000
6 0.3643229 0.6402344 0.0296875 0.0289063
8 0.3088542 0.4058594 0.0281250 0.0367188
7 0.5630208 0.2378906 0.0218750 0.0398437
7 0.6723958 0.3722656 0.0291667 0.0335937
11 0.4591146 0.7675781 0.0317708 0.0382813
10 0.6588542 0.4097656 0.0281250 0.0320312
