1 0.4859375 0.6496094 0.0229167 0.0320312
4 0.3236979 0.5601563 0.0317708 0.0500000
1 0.6828125 0.5171875 0.0385417 0.0421875
2 0.5765625 0.4449219 0.0270833 0.0429688
2 0.5398437 0.6718750 0.0265625 0.0609375
1 0.6414062 0.6179687 0.0473958 0.0406250
4 0.4708333 0.4144531 0.0270833 0.0304687
1 0.7776042 0.5492187 0.0375000 0.0390625
5 0.4820313 0.4304688 0.0276042 0.0343750
5 0.4658854 0.7417969 0.0276042 0.0382813
0 0.6208333 0.4617188 0.0395833 0.0359375
4 0.7135417 0.4910156 0.0416667 0.0273438
0 0.3393229 0.2769531 0.0276042 0.0351562
3 0.3070312 0.4929688 0.0255208 0.0640625
2 0.3752604 0.8023438 0.0432292 0.0296875
4 0.5033854 0.2769531 0.0182292 0.0398437
5 0.6203125 0.5691406 0.0354167 0.0460938
1 0.2841146 0.5050781 0.0432292 0.0460938
2 0.4484375 0.5312500 0.0197917 0.0468750
4 0.4523437 0.5921875 0.0421875 0.0296875
1 0.3643229 0.4761719 0.0203125 0.0554687
2 0.6515625 0.8593750 0.0458333 0.0375000
2 0.4257812 0.2531250 0.0421875 0.0265625
5 0.3320312 0.8664063 0.0265625 0.0718750
2 0.6119792 0.7332031 0.0291667 0.0367188
1 0.6750000 0.5496094 0.0427083 0.0320312
5 0.4822917 0.4406250 0.0260417 0.0515625
1 0.7528646 0.5191406 0.0369792 0.0554687
4 0.6075521 0.4578125 0.0213542 0.0656250
1 0.3692708 0.7171875 0.0395833 0.0343750
3 0.3153646 0.6187500 0.0328125 0.0546875
5 0.5291667 0.7417969 0.0364583 0.0304687
1 0.2856771 0.5281250 0.0453125 0.0296875
5 0.3549479 0.5000000 0.0265625 0.0500000
3 0.6515625 0.2539062 0.0416667 0.0296875
1 0.6484375 0.2593750 0.0218750 0.0296875
4 0.4895833 0.4171875 0.0343750 0.0406250
2 0.6127604 0.8710938 0.0255208 0.0484375
5 0.7416667 0.4082031 0.0270833 0.0476562
4 0.4531250 0.8570313 0.0333333 0.0437500
3 0.6591146 0.5457031 0.0442708 0.0351562
0 0.4169271 0.4390625 0.0296875 0.0312500
3 0.4783854 0.4492188 0.0453125 0.0421875
0 0.5833333 0.4492188 0.0395833 0.0500000
3 0.4450521 0.7195312 0.0442708 0.0359375
1 0.4596354 0.3066406 0.0223958 0.0648438
1 0.5971354 0.7886719 0.0380208 0.0429688
2 0.5734375 0.8628906 0.0333333 0.0445313
5 0.4135417 0.6949219 0.0260417 0.0554687
4 0.4117188 0.7687500 0.0286458 0.0546875
1 0.4953125 0.3609375 0.0458333 0.0484375
3 0.7111979 0.6042969 0.0296875 0.0570312
2 0.5820312 0.5644531 0.0244792 0.0585938
1 0.4669271 0.1277344 0.0390625 0.0382813
0 0.1924479 0.5343750 0.0411458 0.0375000
0 0.7184896 0.3312500 0.0390625 0.0453125
1 0.5135417 0.3667969 0.0260417 0.0601563
5 0.5953125 0.6476563 0.0197917 0.0359375
3 0.7442708 0.6847656 0.0447917 0.0414062
0 0.5341146 0.8023438 0.0296875 0.0656250
1 0.4971354 0.4609375 0.0328125 0.0500000
3 0.4736979 0.4535156 0.0234375 0.0382813
0 0.5924479 0.7195312 0.0411458 0.0328125
5 0.4125000 0.3421875 0.0239583 0.0625000
2 0.6333333 0.2425781 0.0218750 0.0632812
1 0.5966146 0.6457031 0.0411458 0.0398437
2 0.6562500 0.3652344 0.0177083 0.0429688
1 0.4833333 0.6679688 0.0395833 0.0312500
2 0.7190104 0.4265625 0.0421875 0.0484375
0 0.3598958 0.7875000 0.0333333 0.0265625
1 0.4088542 0.5496094 0.0270833 0.0304687
4 0.6875000 0.3652344 0.0427083 0.0367188
3 0.5421875 0.5039062 0.0416667 0.0296875
0 0.4463542 0.6882812 0.0177083 0.0375000
3 0.4677083 0.6082031 0.0187500 0.0367188
3 0.7388021 0.7621094 0.0432292 0.0320312
3 0.6447917 0.7046875 0.0406250 0.0250000
3 0.4395833 0.6921875 0.0468750 0.0406250
6 0.4281250 0.4355469 0.0250000 0.0492187
8 0.5007812 0.1792969 0.0359375 0.0570312
