3 0.6773438 0.2570312 0.0171875 0.0203125
1 0.4765625 0.5902344 0.0125000 0.0304687
3 0.5645833 0.7414063 0.0239583 0.0156250
2 0.3843750 0.1746094 0.0218750 0.0148437
4 0.2867188 0.6308594 0.0119792 0.0273438
2 0.3604167 0.7644531 0.0250000 0.0195312
0 0.7625000 0.1785156 0.0208333 0.0179687
1 0.7236979 0.4382813 0.0213542 0.0203125
1 0.7072917 0.5320312 0.0260417 0.0218750
0 0.5059896 0.7218750 0.0213542 0.0234375
3 0.4622396 0.5050781 0.0203125 0.0179687
0 0.6437500 0.3433594 0.0156250 0.0226562
2 0.7184896 0.5312500 0.0234375 0.0187500
5 0.6778646 0.4789062 0.0130208 0.0312500
2 0.4583333 0.2351563 0.0125000 0.0187500
4 0.5473958 0.1808594 0.0104167 0.0164063
3 0.3835938 0.5218750 0.0151042 0.0218750
2 0.4867187 0.5042969 0.0182292 0.0195312
4 0.5617188 0.3566406 0.0171875 0.0289063
2 0.3895833 0.5324219 0.0104167 0.0351562
0 0.4091146 0.8093750 0.0223958 0.0187500
0 0.3794271 0.3378906 0.0234375 0.0179687
2 0.4471354 0.2203125 0.0182292 0.0234375
3 0.7182292 0.4855469 0.0229167 0.0242188
2 0.7083333 0.5562500 0.0114583 0.0203125
4 0.4869792 0.2429688 0.0104167 0.0156250
2 0.6523438 0.3753906 0.0192708 0.0335937
1 0.5940104 0.8273438 0.0234375 0.0187500
3 0.7075521 0.6531250 0.0140625 0.0281250
4 0.4463542 0.7531250 0.0166667 0.0296875
3 0.5726562 0.5031250 0.0109375 0.0281250
3 0.4674479 0.4609375 0.0109375 0.0171875
1 0.4942708 0.6488281 0.0135417 0.0320312
2 0.6606771 0.2152344 0.0223958 0.0164063
0 0.7013021 0.5585938 0.0171875 0.0265625
5 0.4096354 0.7230469 0.0171875 0.0273438
5 0.4174479 0.2734375 0.0213542 0.0218750
5 0.7302083 0.6628906 0.0250000 0.0226562
2 0.5687500 0.2476562 0.0156250 0.0375000
1 0.3794271 0.6511719 0.0223958 0.0179687
0 0.8070312 0.4062500 0.0161458 0.0187500
1 0.3190104 0.1070312 0.0098958 0.0265625
4 0.5630208 0.5199219 0.0229167 0.0148437
0 0.5700521 0.6812500 0.0098958 0.0171875
4 0.4908854 0.1859375 0.0234375 0.0156250
3 0.5335937 0.7589844 0.0161458 0.0304687
1 0.3625000 0.4351563 0.0104167 0.0187500
3 0.6281250 0.2195313 0.0239583 0.0140625
3 0.7130208 0.4796875 0.0239583 0.0187500
9 0.3135417 0.6367188 0.0239583 0.0234375
10 0.4151042 0.3539062 0.0166667 0.0296875
9 0.6481771 0.6664062 0.0151042 0.0250000
7 0.6919271 0.5222656 0.0213542 0.0210938
8 0.6260417 0.3562500 0.0239583 0.0234375
6 0.4369792 0.4152344 0.0218750 0.0210938
8 0.5502604 0.7757812 0.0213542 0.0234375
10 0.7187500 0.5480469 0.0218750 0.0226562
7 0.4080729 0.8347656 0.0223958 0.0304687
10 0.5937500 0.3835938 0.0197917 0.0250000
9 0.4109375 0.4085937 0.0229167 0.0265625
8 0.7596354 0.4304688 0.0171875 0.0343750
7 0.7039062 0.4777344 0.0234375 0.0226562
6 0.6541667 0.8441406 0.0208333 0.0210938
