0 0.4002604 0.6457031 0.0182292 0.0148437
5 0.7916667 0.4242187 0.0208333 0.0140625
2 0.5531250 0.7519531 0.0229167 0.0164063
5 0.6013021 0.3121094 0.0223958 0.0164063
1 0.6041667 0.6707031 0.0145833 0.0351562
2 0.6710938 0.5683594 0.0213542 0.0164063
1 0.3554688 0.6152344 0.0203125 0.0164063
3 0.5880208 0.4460938 0.0156250 0.0187500
1 0.5481771 0.4519531 0.0234375 0.0195312
2 0.3242188 0.2648437 0.0244792 0.0203125
4 0.7143229 0.5203125 0.0140625 0.0281250
3 0.5622396 0.9007812 0.0192708 0.0296875
2 0.6338542 0.3085938 0.0104167 0.0343750
2 0.6354167 0.6402344 0.0114583 0.0320312
1 0.3591146 0.2800781 0.0213542 0.0164063
3 0.6705729 0.6468750 0.0192708 0.0171875
1 0.5611979 0.6960937 0.0213542 0.0156250
2 0.6174479 0.7128906 0.0203125 0.0242188
5 0.4145833 0.4007812 0.0239583 0.0203125
4 0.4140625 0.6777344 0.0177083 0.0195312
4 0.4263021 0.5019531 0.0213542 0.0304687
3 0.5895833 0.5890625 0.0156250 0.0265625
1 0.4947917 0.3667969 0.0229167 0.0226562
4 0.5106771 0.4863281 0.0182292 0.0179687
3 0.6497396 0.2996094 0.0119792 0.0289063
1 0.5898438 0.7527344 0.0244792 0.0179687
5 0.3268229 0.7179688 0.0192708 0.0218750
5 0.5440104 0.2500000 0.0130208 0.0234375
5 0.2997396 0.6761719 0.0244792 0.0164063
5 0.5598958 0.5105469 0.0218750 0.0195312
2 0.5385417 0.2292969 0.0177083 0.0289063
0 0.4101562 0.5042969 0.0171875 0.0179687
3 0.6755208 0.4769531 0.0229167 0.0164063
3 0.3273437 0.4082031 0.0223958 0.0179687
2 0.7606771 0.5371094 0.0151042 0.0210938
0 0.7695312 0.2812500 0.0151042 0.0296875
2 0.5385417 0.7578125 0.0208333 0.0187500
4 0.5041667 0.0183594 0.0177083 0.0210938
3 0.3809896 0.5894531 0.0192708 0.0226562
4 0.4411458 0.0484375 0.0166667 0.0359375
1 0.3783854 0.6656250 0.0234375 0.0171875
0 0.3502604 0.8164062 0.0119792 0.0234375
2 0.5976562 0.7054687 0.0234375 0.0250000
5 0.5557292 0.5843750 0.0208333 0.0171875
5 0.3708333 0.4648438 0.0218750 0.0187500
2 0.4098958 0.4222656 0.0239583 0.0179687
0 0.4927083 0.5890625 0.0104167 0.0359375
2 0.4731771 0.1664063 0.0161458 0.0203125
2 0.6804687 0.5445313 0.0223958 0.0187500
0 0.3453125 0.6855469 0.0114583 0.0335937
6 0.3708333 0.6140625 0.0135417 0.0296875
8 0.5338542 0.6812500 0.0197917 0.0281250
8 0.5513021 0.7410156 0.0244792 0.0273438
10 0.5520833 0.5750000 0.0145833 0.0343750
7 0.4815104 0.3050781 0.0192708 0.0289063
11 0.7768229 0.4753906 0.0161458 0.0335937
6 0.7192708 0.4832031 0.0208333 0.0226562
10 0.5166667 0.3949219 0.0166667 0.0304687
9 0.6927083 0.7484375 0.0229167 0.0218750
10 0.6213542 0.6656250 0.0156250 0.0218750
6 0.6260417 0.5097656 0.0197917 0.0242188
9 0.2770833 0.4214844 0.0229167 0.0273438
10 0.6388021 0.8476562 0.0223958 0.0218750
6 0.7567708 0.4746094 0.0208333 0.0242188
7 0.3307292 0.3675781 0.0239583 0.0304687
10 0.2838542 0.7410156 0.0145833 0.0335937
8 0.4367187 0.5660156 0.0223958 0.0210938
11 0.7674479 0.4128906 0.0203125 0.0226562
