3 0.2622396 0.8195313 0.0213542 0.0718750
5 0.6117187 0.4902344 0.0223958 0.0679687
5 0.7736979 0.5449219 0.0442708 0.0429688
2 0.5330729 0.2281250 0.0317708 0.0390625
2 0.5835938 0.8101563 0.0338542 0.0531250
4 0.5885417 0.5957031 0.0427083 0.0304687
0 0.2091146 0.3820312 0.0380208 0.0375000
5 0.4148438 0.4898438 0.0494792 0.0421875
2 0.5338542 0.6265625 0.0364583 0.0296875
4 0.5510417 0.3062500 0.0270833 0.0625000
3 0.5893229 0.6378906 0.0317708 0.0382813
3 0.7114583 0.7007813 0.0458333 0.0328125
5 0.7768229 0.6304688 0.0223958 0.0390625
0 0.7177083 0.3082031 0.0208333 0.0523438
4 0.2971354 0.3519531 0.0421875 0.0257812
3 0.5572917 0.4406250 0.0302083 0.0515625
1 0.4481771 0.4437500 0.0276042 0.0500000
1 0.5960937 0.1492188 0.0286458 0.0359375
3 0.6408854 0.5546875 0.0213542 0.0515625
0 0.6171875 0.8820313 0.0291667 0.0593750
1 0.5333333 0.6816406 0.0239583 0.0445313
0 0.5380208 0.6433594 0.0333333 0.0648438
1 0.6375000 0.2605469 0.0406250 0.0304687
0 0.4742188 0.8992187 0.0380208 0.0375000
2 0.4015625 0.3640625 0.0468750 0.0343750
4 0.6713542 0.5664062 0.0458333 0.0296875
4 0.5630208 0.2156250 0.0385417 0.0375000
4 0.6273437 0.5898438 0.0161458 0.0359375
4 0.6567708 0.1769531 0.0208333 0.0523438
1 0.4083333 0.0687500 0.0250000 0.0531250
1 0.4570312 0.4960938 0.0213542 0.0421875
1 0.3796875 0.4914062 0.0281250 0.0312500
3 0.5755208 0.3199219 0.0437500 0.0320312
5 0.5401042 0.6265625 0.0343750 0.0375000
2 0.4416667 0.3445313 0.0250000 0.0390625
5 0.3093750 0.4039063 0.0354167 0.0312500
3 0.4924479 0.2277344 0.0265625 0.0695313
4 0.5742188 0.8285156 0.0442708 0.0335937
1 0.5901042 0.2671875 0.0385417 0.0390625
1 0.6343750 0.2468750 0.0333333 0.0375000
3 0.5752604 0.1566406 0.0276042 0.0335937
1 0.5940104 0.2714844 0.0338542 0.0351562
4 0.2859375 0.3570313 0.0437500 0.0343750
1 0.4942708 0.6183594 0.0416667 0.0320312
5 0.2601562 0.4507813 0.0453125 0.0390625
0 0.3268229 0.5046875 0.0411458 0.0343750
7 0.6033854 0.2316406 0.0286458 0.0648438
9 0.3645833 0.4441406 0.0447917 0.0429688
7 0.3773437 0.4546875 0.0296875 0.0687500
6 0.3507812 0.5394531 0.0390625 0.0445313
6 0.5005208 0.4375000 0.0437500 0.0546875
9 0.6973958 0.6796875 0.0302083 0.0562500
6 0.2828125 0.8234375 0.0395833 0.0437500
10 0.4234375 0.8437500 0.0437500 0.0625000
8 0.7817708 0.3105469 0.0333333 0.0632812
6 0.3734375 0.2468750 0.0312500 0.0656250
6 0.2992187 0.6937500 0.0359375 0.0593750
11 0.5671875 0.6046875 0.0395833 0.0390625
6 0.6096354 0.4117188 0.0380208 0.0359375
