0 0.5223958 0.4867187 0.0500000 0.0421875
1 0.6481771 0.0929688 0.0317708 0.0656250
3 0.2809896 0.1730469 0.0494792 0.0414062
3 0.3044271 0.6863281 0.0463542 0.0695313
0 0.4661458 0.8332031 0.0291667 0.0679687
1 0.6216146 0.4695313 0.0411458 0.0625000
4 0.5117188 0.3183594 0.0317708 0.0742188
0 0.7434896 0.6828125 0.0515625 0.0406250
2 0.7096354 0.4906250 0.0494792 0.0312500
4 0.5158854 0.7542969 0.0484375 0.0398437
5 0.5984375 0.2531250 0.0468750 0.0562500
2 0.4671875 0.5765625 0.0354167 0.0671875
1 0.4507813 0.6906250 0.0255208 0.0484375
4 0.5669271 0.8308594 0.0265625 0.0726563
1 0.5656250 0.4468750 0.0302083 0.0796875
2 0.4223958 0.8417969 0.0322917 0.0757812
2 0.4468750 0.6507812 0.0281250 0.0750000
4 0.5252604 0.6585937 0.0421875 0.0578125
0 0.4796875 0.2011719 0.0260417 0.0726563
5 0.4687500 0.2535156 0.0531250 0.0367188
1 0.4510417 0.5960937 0.0395833 0.0390625
3 0.6078125 0.4253906 0.0291667 0.0335937
0 0.6083333 0.6613281 0.0437500 0.0445313
0 0.3000000 0.6691406 0.0239583 0.0492187
1 0.4898438 0.7632813 0.0244792 0.0781250
0 0.6190104 0.3894531 0.0317708 0.0679687
0 0.5359375 0.8734375 0.0260417 0.0593750
1 0.6953125 0.5242187 0.0333333 0.0718750
0 0.6187500 0.1917969 0.0239583 0.0804688
1 0.5804687 0.3390625 0.0505208 0.0359375
1 0.6684896 0.5304688 0.0307292 0.0515625
4 0.3085938 0.3441406 0.0317708 0.0460938
2 0.2940104 0.5117188 0.0453125 0.0484375
5 0.4885417 0.1371094 0.0375000 0.0539063
0 0.3908854 0.4445312 0.0244792 0.0437500
1 0.6385417 0.4371094 0.0406250 0.0460938
4 0.5885417 0.6441406 0.0239583 0.0601563
2 0.4281250 0.2480469 0.0291667 0.0679687
3 0.4950521 0.2175781 0.0265625 0.0335937
1 0.5656250 0.6183594 0.0458333 0.0273438
0 0.3533854 0.3089844 0.0255208 0.0726563
0 0.6812500 0.5937500 0.0500000 0.0390625
4 0.4976563 0.2980469 0.0182292 0.0367188
3 0.4070313 0.2406250 0.0536458 0.0390625
4 0.3111979 0.6421875 0.0473958 0.0343750
4 0.4083333 0.3304687 0.0250000 0.0703125
5 0.5950521 0.2285156 0.0463542 0.0445313
4 0.5427083 0.5175781 0.0531250 0.0335937
0 0.4411458 0.4132812 0.0281250 0.0656250
5 0.4312500 0.2269531 0.0229167 0.0695313
2 0.2716146 0.8062500 0.0546875 0.0375000
2 0.4070313 0.3566406 0.0244792 0.0585938
0 0.5763021 0.3546875 0.0515625 0.0390625
1 0.6690104 0.4136719 0.0203125 0.0367188
5 0.4036458 0.5914063 0.0312500 0.0375000
1 0.6164063 0.4929688 0.0557292 0.0375000
4 0.8007812 0.5078125 0.0473958 0.0562500
1 0.6398438 0.3312500 0.0223958 0.0734375
1 0.6263021 0.7863281 0.0369792 0.0601563
5 0.6958333 0.5375000 0.0364583 0.0578125
3 0.5622396 0.3964844 0.0494792 0.0367188
7 0.2591146 0.5953125 0.0317708 0.0437500
11 0.4489583 0.4363281 0.0385417 0.0664062
10 0.6492187 0.2437500 0.0307292 0.0468750
10 0.5914063 0.6992188 0.0401042 0.0531250
6 0.3960938 0.2089844 0.0463542 0.0445313
8 0.5414062 0.2824219 0.0442708 0.0476562
10 0.2927083 0.4449219 0.0458333 0.0445313
9 0.3343750 0.2535156 0.0447917 0.0460938
8 0.6348958 0.2085937 0.0375000 0.0484375
8 0.4020833 0.2726562 0.0479167 0.0546875
11 0.3604167 0.7968750 0.0333333 0.0515625
