3 0.6005208 0.0699219 0.0416667 0.0304687
1 0.4778646 0.2781250 0.0213542 0.0343750
3 0.7143229 0.6562500 0.0411458 0.0296875
5 0.3489583 0.7917969 0.0229167 0.0476562
0 0.2744792 0.4257812 0.0229167 0.0421875
2 0.4510417 0.8394531 0.0281250 0.0632812
0 0.3742187 0.3425781 0.0401042 0.0289063
5 0.6015625 0.2507813 0.0250000 0.0671875
4 0.1760417 0.5445313 0.0343750 0.0390625
9 0.4466146 0.2933594 0.0296875 0.0570312
9 0.5044271 0.7199219 0.0369792 0.0382813
10 0.7026042 0.6996094 0.0406250 0.0476562
7 0.3611979 0.3988281 0.0234375 0.0476562
10 0.4950521 0.3437500 0.0276042 0.0468750
8 0.6736979 0.3921875 0.0255208 0.0375000
8 0.2677083 0.3347656 0.0281250 0.0585938
