3 0.4434896 0.4519531 0.0140625 0.0335937
3 0.5083333 0.6195312 0.0187500 0.0390625
5 0.5559896 0.4976563 0.0234375 0.0265625
2 0.6372396 0.4101562 0.0265625 0.0218750
4 0.3164062 0.4023438 0.0265625 0.0312500
5 0.6442708 0.7089844 0.0166667 0.0414062
1 0.4041667 0.7578125 0.0281250 0.0203125
4 0.5544271 0.6058594 0.0307292 0.0195312
2 0.4945312 0.5117188 0.0255208 0.0265625
0 0.5744792 0.5292969 0.0208333 0.0210938
3 0.7080729 0.6976562 0.0265625 0.0265625
1 0.5463542 0.4621094 0.0250000 0.0179687
2 0.5057292 0.7058594 0.0250000 0.0335937
2 0.5513021 0.9210938 0.0276042 0.0265625
4 0.4877604 0.5167969 0.0192708 0.0445313
5 0.5562500 0.5335937 0.0260417 0.0296875
2 0.6361979 0.4796875 0.0182292 0.0343750
0 0.3164062 0.3691406 0.0140625 0.0179687
0 0.4447917 0.6496094 0.0281250 0.0195312
2 0.2833333 0.1871094 0.0145833 0.0414062
1 0.4572917 0.2929688 0.0135417 0.0359375
1 0.7023438 0.3960938 0.0244792 0.0343750
1 0.3361979 0.6742187 0.0255208 0.0218750
0 0.5242187 0.7140625 0.0296875 0.0203125
3 0.5520833 0.2578125 0.0281250 0.0203125
1 0.6250000 0.2476562 0.0208333 0.0281250
1 0.2528646 0.4769531 0.0244792 0.0320312
1 0.6382813 0.5097656 0.0296875 0.0226562
0 0.4403646 0.3636719 0.0151042 0.0304687
0 0.2773438 0.5675781 0.0265625 0.0210938
3 0.4015625 0.6542969 0.0250000 0.0273438
4 0.4562500 0.2949219 0.0156250 0.0429688
0 0.5028646 0.1941406 0.0234375 0.0210938
3 0.5252604 0.8093750 0.0130208 0.0203125
5 0.4864583 0.8250000 0.0125000 0.0437500
0 0.2924479 0.5335937 0.0140625 0.0218750
1 0.5854167 0.4046875 0.0281250 0.0203125
4 0.7062500 0.6242188 0.0302083 0.0234375
1 0.6299479 0.3003906 0.0161458 0.0351562
5 0.5270833 0.6382813 0.0291667 0.0328125
1 0.4963542 0.1644531 0.0270833 0.0195312
0 0.5729167 0.4570312 0.0270833 0.0203125
5 0.4604167 0.6207031 0.0281250 0.0257812
2 0.3763021 0.4300781 0.0276042 0.0335937
5 0.3619792 0.2441406 0.0250000 0.0289063
1 0.4640625 0.0976562 0.0229167 0.0296875
2 0.2731771 0.6937500 0.0307292 0.0203125
3 0.6859375 0.6250000 0.0270833 0.0359375
3 0.6085938 0.3675781 0.0161458 0.0195312
1 0.5335937 0.6777344 0.0182292 0.0195312
3 0.4453125 0.2011719 0.0177083 0.0414062
2 0.3843750 0.5152344 0.0281250 0.0320312
4 0.4812500 0.6031250 0.0270833 0.0203125
4 0.6835938 0.6812500 0.0276042 0.0187500
1 0.5205729 0.1605469 0.0140625 0.0429688
2 0.3231771 0.5882812 0.0296875 0.0203125
5 0.6111979 0.4902344 0.0296875 0.0242188
0 0.4643229 0.9441406 0.0203125 0.0367188
3 0.5671875 0.8828125 0.0302083 0.0218750
5 0.6950521 0.3980469 0.0265625 0.0304687
3 0.7205729 0.5753906 0.0213542 0.0242188
5 0.5481771 0.4191406 0.0286458 0.0257812
0 0.4916667 0.2625000 0.0145833 0.0250000
0 0.6520833 0.1550781 0.0156250 0.0445313
3 0.4536458 0.5886719 0.0218750 0.0289063
5 0.5656250 0.4843750 0.0260417 0.0187500
0 0.4835937 0.5128906 0.0234375 0.0304687
4 0.6315104 0.3140625 0.0213542 0.0312500
3 0.4989583 0.5195312 0.0197917 0.0312500
2 0.4632812 0.7964844 0.0255208 0.0289063
4 0.4231771 0.6226563 0.0171875 0.0390625
3 0.2307292 0.4312500 0.0156250 0.0406250
6 0.5289063 0.8304687 0.0182292 0.0437500
8 0.8140625 0.5648437 0.0239583 0.0421875
