2 0.6145833 0.5058594 0.0333333 0.0242188
0 0.4375000 0.4464844 0.0322917 0.0226562
2 0.4773438 0.0949219 0.0244792 0.0382813
4 0.6638021 0.3691406 0.0265625 0.0382813
2 0.6190104 0.7945313 0.0317708 0.0218750
2 0.5950521 0.3203125 0.0223958 0.0359375
4 0.4934896 0.5425781 0.0244792 0.0179687
4 0.5687500 0.1593750 0.0312500 0.0203125
0 0.5463542 0.5839844 0.0229167 0.0289063
2 0.4494792 0.5214844 0.0145833 0.0414062
2 0.5250000 0.2625000 0.0156250 0.0421875
3 0.6372396 0.4613281 0.0265625 0.0414062
3 0.6098958 0.3355469 0.0218750 0.0273438
2 0.5429688 0.3761719 0.0171875 0.0445313
0 0.6098958 0.5785156 0.0166667 0.0445313
5 0.6450521 0.5320312 0.0203125 0.0421875
1 0.5611979 0.6632813 0.0276042 0.0375000
5 0.6932292 0.5304688 0.0302083 0.0281250
2 0.3825521 0.6257812 0.0244792 0.0265625
2 0.3502604 0.6207031 0.0140625 0.0242188
4 0.3929687 0.4203125 0.0307292 0.0265625
3 0.5820312 0.3414063 0.0265625 0.0234375
1 0.5739583 0.6734375 0.0208333 0.0359375
3 0.4916667 0.7171875 0.0208333 0.0312500
2 0.5968750 0.3535156 0.0166667 0.0382813
2 0.4804688 0.2554688 0.0338542 0.0250000
1 0.3434896 0.4699219 0.0286458 0.0210938
5 0.6755208 0.1621094 0.0312500 0.0210938
4 0.5669271 0.3140625 0.0255208 0.0296875
2 0.6997396 0.4890625 0.0286458 0.0343750
0 0.6768229 0.4902344 0.0338542 0.0257812
1 0.3520833 0.1148437 0.0177083 0.0359375
1 0.5135417 0.3187500 0.0312500 0.0203125
1 0.3997396 0.9250000 0.0286458 0.0234375
4 0.6132812 0.4367187 0.0307292 0.0218750
2 0.5859375 0.3675781 0.0260417 0.0257812
5 0.7028646 0.1988281 0.0286458 0.0335937
0 0.3479167 0.3832031 0.0291667 0.0257812
1 0.3161458 0.5433594 0.0302083 0.0195312
0 0.6614583 0.2906250 0.0187500 0.0312500
0 0.3940104 0.4171875 0.0255208 0.0281250
4 0.5898438 0.3921875 0.0234375 0.0218750
3 0.6132812 0.5359375 0.0151042 0.0437500
0 0.7132812 0.6656250 0.0255208 0.0406250
5 0.7434896 0.3398438 0.0296875 0.0234375
3 0.4984375 0.3796875 0.0208333 0.0218750
4 0.5046875 0.2996094 0.0333333 0.0195312
2 0.6708333 0.6515625 0.0281250 0.0234375
3 0.3958333 0.3558594 0.0208333 0.0351562
5 0.3838542 0.4058594 0.0239583 0.0242188
1 0.6773438 0.2777344 0.0244792 0.0382813
4 0.6361979 0.8316406 0.0307292 0.0179687
5 0.7036458 0.3351562 0.0322917 0.0203125
2 0.5343750 0.3863281 0.0197917 0.0367188
5 0.6312500 0.5734375 0.0312500 0.0281250
5 0.5622396 0.8156250 0.0161458 0.0484375
1 0.5765625 0.6035156 0.0260417 0.0210938
0 0.5903646 0.8167969 0.0171875 0.0273438
4 0.4536458 0.6253906 0.0260417 0.0304687
3 0.5299479 0.3128906 0.0307292 0.0210938
6 0.6843750 0.3476562 0.0281250 0.0359375
8 0.4463542 0.3910156 0.0312500 0.0320312
6 0.5502604 0.4441406 0.0192708 0.0304687
11 0.5122396 0.8417969 0.0265625 0.0445313
11 0.6768229 0.7972656 0.0286458 0.0289063
7 0.3052083 0.3789062 0.0281250 0.0453125
7 0.5210938 0.7324219 0.0307292 0.0429688
10 0.5213542 0.3289063 0.0208333 0.0343750
9 0.6700521 0.4062500 0.0307292 0.0343750
