4 0.5372396 0.3097656 0.1526042 0.1101562
4 0.4833333 0.7156250 0.0593750 0.1906250
4 0.4054687 0.3937500 0.1088542 0.1234375
3 0.6085938 0.4726562 0.1369792 0.1296875
3 0.6635417 0.8726563 0.1031250 0.1578125
3 0.4348958 0.2105469 0.0937500 0.1507813
0 0.7302083 0.7000000 0.1187500 0.1093750
5 0.5549479 0.6019531 0.1296875 0.1023437
2 0.6140625 0.6484375 0.1364583 0.0921875
1 0.5380208 0.7128906 0.0729167 0.1679688
5 0.3994792 0.5105469 0.0937500 0.1867187
0 0.5187500 0.6796875 0.0979167 0.1687500
0 0.5601563 0.6027344 0.0692708 0.1492188
4 0.7520833 0.1937500 0.0666667 0.1812500
1 0.6828125 0.6609375 0.1114583 0.1484375
3 0.3789062 0.4410156 0.1348958 0.0976562
0 0.8075521 0.4503906 0.1671875 0.1148437
3 0.3299479 0.8585938 0.1369792 0.1156250
0 0.4783854 0.8230469 0.1109375 0.1007813
5 0.3705729 0.5476562 0.1442708 0.1015625
1 0.2861979 0.6144531 0.1234375 0.1257813
2 0.4973958 0.1207031 0.0916667 0.0914062
0 0.8276042 0.3632812 0.1031250 0.1468750
0 0.4747396 0.3542969 0.1244792 0.1523438
0 0.4054687 0.3886719 0.1255208 0.1242188
0 0.4390625 0.6949219 0.1250000 0.1164063
1 0.6893229 0.6703125 0.1567708 0.1093750
5 0.2953125 0.3089844 0.0895833 0.1757812
3 0.5234375 0.2929688 0.0520833 0.1953125
2 0.5450521 0.3578125 0.1026042 0.1562500
5 0.6473958 0.2578125 0.1000000 0.1578125
4 0.2526042 0.4988281 0.1604167 0.1210938
0 0.5958333 0.8289062 0.1270833 0.1453125
3 0.4846354 0.4160156 0.0869792 0.2101562
3 0.5513021 0.7960938 0.1338542 0.1500000
2 0.3442708 0.5992188 0.1083333 0.1640625
0 0.4677083 0.5054688 0.0572917 0.1031250
5 0.6187500 0.7144531 0.1104167 0.1617187
5 0.4838542 0.3750000 0.0812500 0.1875000
0 0.5619792 0.4000000 0.1343750 0.0781250
1 0.4640625 0.4296875 0.0687500 0.1312500
0 0.4320312 0.2640625 0.0734375 0.1687500
1 0.5648437 0.2652344 0.1317708 0.1664063
4 0.4898438 0.5953125 0.0890625 0.1921875
2 0.4588542 0.1523438 0.1020833 0.1187500
1 0.4197917 0.1976563 0.0958333 0.0937500
0 0.3773437 0.7636719 0.0609375 0.1164063
1 0.3177083 0.3253906 0.1385417 0.1179687
2 0.6869792 0.6648437 0.1364583 0.1031250
1 0.3744792 0.1027344 0.0770833 0.2054688
2 0.2632813 0.2179687 0.1348958 0.1234375
0 0.5658854 0.2882812 0.1348958 0.1031250
1 0.6169271 0.2941406 0.1317708 0.1164063
4 0.5713542 0.4046875 0.1520833 0.1281250
4 0.6218750 0.5117188 0.1197917 0.1656250
5 0.4770833 0.3792969 0.0937500 0.1070312
3 0.2421875 0.7238281 0.0812500 0.2179687
1 0.5210938 0.4242187 0.1036458 0.1500000
0 0.6083333 0.7484375 0.1114583 0.1468750
2 0.7500000 0.2257812 0.1406250 0.0843750
5 0.3580729 0.1222656 0.1140625 0.1445312
0 0.2372396 0.3871094 0.1307292 0.1289062
3 0.5846354 0.6078125 0.1130208 0.1578125
0 0.6471354 0.7613281 0.1526042 0.1210938
3 0.5041667 0.4851563 0.1041667 0.1234375
3 0.4723958 0.3304687 0.1395833 0.1453125
1 0.4640625 0.1289062 0.1406250 0.1484375
2 0.2471354 0.3503906 0.1484375 0.1351563
5 0.4054687 0.3015625 0.1401042 0.0890625
3 0.6270833 0.6925781 0.0864583 0.1867187
0 0.4523437 0.8296875 0.1380208 0.1468750
5 0.2494792 0.5152344 0.0718750 0.0882813
5 0.3466146 0.4511719 0.1088542 0.1804688
2 0.5276042 0.8707031 0.1510417 0.1148437
1 0.5940104 0.1503906 0.1390625 0.0976562
1 0.6835938 0.3937500 0.1286458 0.1234375
1 0.5299479 0.1406250 0.1276042 0.1796875
2 0.4867187 0.4500000 0.1265625 0.1140625
9 0.3476562 0.9207031 0.0890625 0.1570313
7 0.7096354 0.7226562 0.1296875 0.1296875
6 0.5776042 0.8164062 0.1364583 0.2203125
6 0.7768229 0.5742188 0.1390625 0.1578125
6 0.4596354 0.6652344 0.1130208 0.1664063
6 0.6539063 0.1386719 0.1203125 0.1585938
9 0.6023437 0.6492187 0.1234375 0.1218750
8 0.6335937 0.6652344 0.0817708 0.1570313
9 0.5786458 0.5203125 0.1270833 0.1250000
11 0.4268229 0.6929688 0.0859375 0.1281250
9 0.7114583 0.5511719 0.1020833 0.1273438
