0 0.3947917 0.3406250 0.0875000 0.0687500
2 0.8307292 0.4671875 0.0802083 0.0906250
3 0.2958333 0.5906250 0.0343750 0.0515625
2 0.5994792 0.2000000 0.0364583 0.1078125
1 0.5497396 0.6468750 0.0453125 0.1062500
0 0.2716146 0.4515625 0.0651042 0.0906250
0 0.3684896 0.1921875 0.0692708 0.0562500
3 0.5174479 0.4269531 0.0786458 0.0648438
3 0.7471354 0.7281250 0.0713542 0.0609375
2 0.7242188 0.5554687 0.0765625 0.0421875
0 0.5039062 0.4734375 0.0557292 0.0671875
5 0.6497396 0.7480469 0.0828125 0.0632812
4 0.5773438 0.6976562 0.0734375 0.0500000
2 0.6445312 0.2835937 0.0796875 0.0640625
1 0.4911458 0.6468750 0.0500000 0.1171875
1 0.4619792 0.4917969 0.0645833 0.0539063
5 0.7192708 0.3511719 0.0843750 0.0523438
0 0.4179688 0.3949219 0.0723958 0.0742188
4 0.5429688 0.4535156 0.0661458 0.0835937
5 0.3671875 0.7156250 0.0364583 0.1078125
5 0.3822917 0.6949219 0.0541667 0.0648438
4 0.5221354 0.7246094 0.0765625 0.0804688
4 0.6223958 0.5898438 0.0812500 0.0703125
1 0.3031250 0.6132812 0.0833333 0.0578125
0 0.3653646 0.6933594 0.0786458 0.0507812
5 0.7226562 0.5703125 0.0869792 0.0734375
3 0.5664062 0.7238281 0.0380208 0.0648438
5 0.2203125 0.5769531 0.0875000 0.0492187
2 0.6007813 0.6714844 0.0494792 0.1023437
0 0.5208333 0.3121094 0.0489583 0.1164063
5 0.2518229 0.4132812 0.0796875 0.0609375
1 0.4494792 0.4746094 0.0583333 0.1023437
4 0.4856771 0.6671875 0.0755208 0.0531250
1 0.5942708 0.5449219 0.0666667 0.0726563
2 0.3341146 0.8058594 0.0505208 0.1179687
1 0.5864583 0.5652344 0.0437500 0.0757812
2 0.6526042 0.4785156 0.0750000 0.0460938
5 0.7033854 0.4636719 0.0651042 0.0664062
3 0.7143229 0.2562500 0.0390625 0.0843750
4 0.5757813 0.7718750 0.0838542 0.0546875
0 0.4914062 0.8179688 0.0567708 0.0921875
3 0.3544271 0.4160156 0.0546875 0.1039063
5 0.5458333 0.6898437 0.0375000 0.1156250
1 0.3455729 0.2863281 0.0463542 0.0773438
4 0.5643229 0.0332031 0.0776042 0.0554687
1 0.4986979 0.7671875 0.0453125 0.0625000
4 0.6729167 0.3890625 0.0687500 0.0765625
5 0.5911458 0.2328125 0.0322917 0.0953125
4 0.5101562 0.7761719 0.0838542 0.0648438
3 0.6593750 0.7292969 0.0510417 0.0507812
2 0.4906250 0.8875000 0.0385417 0.0734375
4 0.6671875 0.3894531 0.0687500 0.0976562
4 0.4557292 0.7058594 0.0604167 0.1148437
1 0.4710937 0.4761719 0.0567708 0.0929688
1 0.5877604 0.6609375 0.0848958 0.0593750
0 0.2908854 0.4082031 0.0786458 0.0648438
1 0.4419271 0.0851563 0.0744792 0.0875000
1 0.6221354 0.5070313 0.0557292 0.0687500
5 0.5669271 0.8250000 0.0557292 0.0515625
2 0.7135417 0.7996094 0.0718750 0.1070312
4 0.6294271 0.4941406 0.0494792 0.0601563
2 0.7375000 0.2250000 0.0791667 0.0484375
5 0.2778646 0.5304688 0.0578125 0.0953125
3 0.4890625 0.5355469 0.0687500 0.0632812
1 0.6151042 0.9683594 0.0427083 0.0617188
4 0.5289063 0.8566406 0.0765625 0.0476562
4 0.6880208 0.4511719 0.0635417 0.0882813
1 0.2294271 0.5402344 0.0776042 0.0539063
5 0.6390625 0.2667969 0.0406250 0.0648438
1 0.6455729 0.4652344 0.0432292 0.1132812
2 0.6601562 0.3921875 0.0765625 0.0546875
2 0.4854167 0.6402344 0.0510417 0.0882813
3 0.5520833 0.7351562 0.0781250 0.0546875
1 0.5328125 0.3925781 0.0770833 0.0570312
0 0.3669271 0.6339844 0.0369792 0.0773438
1 0.3661458 0.4890625 0.0645833 0.0781250
2 0.5776042 0.4757812 0.0822917 0.0812500
1 0.6908854 0.4878906 0.0723958 0.0460938
1 0.5989583 0.2085937 0.0583333 0.0843750
9 0.7888021 0.3589844 0.0744792 0.1132812
10 0.2890625 0.2546875 0.0583333 0.1203125
11 0.5888021 0.2183594 0.0817708 0.0789062
7 0.5005208 0.8722656 0.0604167 0.1148437
