2 0.3208333 0.4250000 0.0145833 0.0281250
0 0.5531250 0.7117187 0.0125000 0.0187500
5 0.3890625 0.2457031 0.0135417 0.0210938
1 0.5942708 0.6929688 0.0208333 0.0187500
3 0.5976562 0.5058594 0.0223958 0.0226562
0 0.4729167 0.7757812 0.0187500 0.0250000
5 0.4802083 0.2562500 0.0239583 0.0171875
1 0.7023438 0.5722656 0.0182292 0.0242188
0 0.4395833 0.6878906 0.0156250 0.0195312
1 0.5739583 0.1789062 0.0239583 0.0187500
0 0.6395833 0.1562500 0.0135417 0.0312500
5 0.2734375 0.5875000 0.0093750 0.0250000
5 0.2921875 0.3878906 0.0135417 0.0351562
5 0.6601562 0.7632813 0.0171875 0.0375000
1 0.4804688 0.4871094 0.0140625 0.0210938
3 0.7096354 0.5582031 0.0109375 0.0367188
2 0.5968750 0.6562500 0.0125000 0.0171875
3 0.4388021 0.5859375 0.0234375 0.0203125
4 0.5000000 0.2890625 0.0208333 0.0140625
4 0.5065104 0.9234375 0.0151042 0.0281250
1 0.7640625 0.5363281 0.0135417 0.0226562
4 0.6153646 0.7429687 0.0119792 0.0359375
3 0.5312500 0.4070313 0.0250000 0.0171875
3 0.5502604 0.7183594 0.0151042 0.0195312
4 0.6338542 0.8308594 0.0208333 0.0164063
1 0.6494792 0.3421875 0.0239583 0.0187500
4 0.4369792 0.6328125 0.0197917 0.0281250
4 0.7002604 0.7992187 0.0109375 0.0265625
3 0.3468750 0.3320312 0.0218750 0.0250000
5 0.6041667 0.5843750 0.0239583 0.0218750
5 0.4549479 0.2140625 0.0151042 0.0312500
4 0.5937500 0.7707031 0.0104167 0.0335937
3 0.4179688 0.2859375 0.0223958 0.0171875
3 0.3901042 0.5574219 0.0197917 0.0195312
5 0.4403646 0.5867187 0.0151042 0.0328125
5 0.4770833 0.4542969 0.0166667 0.0335937
2 0.6447917 0.2023437 0.0239583 0.0218750
4 0.5807292 0.5390625 0.0229167 0.0250000
0 0.4317708 0.2015625 0.0135417 0.0312500
3 0.2789063 0.4695313 0.0130208 0.0187500
0 0.2992187 0.4386719 0.0234375 0.0210938
0 0.4809896 0.4042969 0.0140625 0.0382813
3 0.3770833 0.2960937 0.0239583 0.0218750
4 0.6851563 0.1644531 0.0223958 0.0132812
2 0.6507812 0.2136719 0.0203125 0.0257812
2 0.3026042 0.6214844 0.0250000 0.0210938
4 0.5190104 0.3125000 0.0182292 0.0203125
1 0.5361979 0.2863281 0.0182292 0.0226562
5 0.4932292 0.4972656 0.0250000 0.0195312
1 0.3572917 0.3035156 0.0229167 0.0195312
2 0.6151042 0.2480469 0.0229167 0.0148437
4 0.7187500 0.6824219 0.0260417 0.0210938
4 0.4880208 0.4023438 0.0250000 0.0156250
0 0.4937500 0.3082031 0.0125000 0.0351562
4 0.5218750 0.3894531 0.0187500 0.0148437
5 0.5302083 0.7941406 0.0239583 0.0195312
2 0.6536458 0.1937500 0.0229167 0.0156250
5 0.2539062 0.6507812 0.0234375 0.0234375
0 0.6375000 0.5199219 0.0260417 0.0210938
2 0.5661458 0.3183594 0.0145833 0.0367188
1 0.5218750 0.9660156 0.0156250 0.0320312
0 0.5674479 0.3925781 0.0119792 0.0273438
4 0.3341146 0.6015625 0.0234375 0.0171875
5 0.6507812 0.6250000 0.0255208 0.0187500
0 0.6031250 0.2796875 0.0218750 0.0203125
5 0.6796875 0.5859375 0.0177083 0.0281250
1 0.4950521 0.6175781 0.0223958 0.0148437
5 0.5580729 0.6722656 0.0119792 0.0195312
2 0.6617188 0.4625000 0.0265625 0.0203125
3 0.5255208 0.4140625 0.0135417 0.0171875
4 0.7132812 0.6640625 0.0213542 0.0203125
5 0.4414062 0.6070313 0.0151042 0.0281250
3 0.5611979 0.5710937 0.0234375 0.0187500
5 0.4760417 0.5324219 0.0187500 0.0164063
5 0.5934896 0.6316406 0.0151042 0.0210938
5 0.5656250 0.5652344 0.0166667 0.0195312
0 0.3627604 0.6457031 0.0182292 0.0304687
2 0.5320312 0.6390625 0.0151042 0.0187500
4 0.3835938 0.2167969 0.0244792 0.0164063
9 0.3721354 0.8363281 0.0213542 0.0273438
9 0.4604167 0.1804688 0.0229167 0.0328125
10 0.6940104 0.3226562 0.0151042 0.0312500
