3 0.2989583 0.4617188 0.0250000 0.0187500
4 0.5080729 0.6597656 0.0140625 0.0367188
2 0.7065104 0.5707031 0.0234375 0.0289063
5 0.5575521 0.6257812 0.0255208 0.0296875
3 0.5135417 0.8062500 0.0218750 0.0265625
2 0.7906250 0.5832031 0.0229167 0.0226562
3 0.6427083 0.4785156 0.0270833 0.0179687
2 0.5695313 0.7406250 0.0130208 0.0359375
0 0.5539063 0.2746094 0.0234375 0.0273438
4 0.4130208 0.4566406 0.0177083 0.0210938
5 0.5718750 0.7484375 0.0187500 0.0171875
1 0.3820312 0.2402344 0.0223958 0.0242188
1 0.3328125 0.5285156 0.0229167 0.0164063
4 0.2979167 0.4515625 0.0229167 0.0281250
2 0.6619792 0.3406250 0.0229167 0.0265625
7 0.5713542 0.7988281 0.0229167 0.0367188
10 0.5497396 0.4222656 0.0255208 0.0335937
11 0.5789062 0.2523437 0.0203125 0.0359375
8 0.3218750 0.7679687 0.0156250 0.0343750
9 0.3869792 0.8640625 0.0156250 0.0328125
7 0.5109375 0.2257812 0.0218750 0.0218750
7 0.5804687 0.1531250 0.0161458 0.0375000
10 0.4356771 0.5464844 0.0203125 0.0367188
7 0.6359375 0.3828125 0.0229167 0.0218750
6 0.5283854 0.2902344 0.0234375 0.0335937
10 0.4520833 0.8453125 0.0239583 0.0234375
7 0.6018229 0.4039063 0.0171875 0.0328125
