1 0.7653646 0.5347656 0.0171875 0.0304687
0 0.4130208 0.1734375 0.0125000 0.0359375
4 0.3130208 0.1941406 0.0093750 0.0273438
3 0.6671875 0.3660156 0.0218750 0.0164063
1 0.6421875 0.5097656 0.0177083 0.0179687
3 0.5419271 0.1339844 0.0244792 0.0179687
0 0.7447917 0.5832031 0.0239583 0.0179687
3 0.7908854 0.6960937 0.0140625 0.0343750
4 0.4070313 0.2175781 0.0140625 0.0242188
2 0.4369792 0.2796875 0.0135417 0.0375000
5 0.5518229 0.4312500 0.0151042 0.0296875
2 0.5861979 0.2832031 0.0130208 0.0382813
3 0.3111979 0.5164062 0.0244792 0.0140625
1 0.5385417 0.7214844 0.0239583 0.0179687
1 0.6981771 0.5402344 0.0140625 0.0289063
1 0.5867187 0.6757812 0.0203125 0.0250000
1 0.5338542 0.8476562 0.0250000 0.0171875
5 0.4046875 0.3300781 0.0156250 0.0257812
4 0.5190104 0.3621094 0.0109375 0.0351562
1 0.7010417 0.6128906 0.0135417 0.0273438
3 0.5507812 0.4046875 0.0161458 0.0234375
0 0.6085938 0.7292969 0.0234375 0.0195312
0 0.5710937 0.4167969 0.0244792 0.0179687
1 0.4747396 0.5789062 0.0223958 0.0171875
2 0.5598958 0.4574219 0.0125000 0.0195312
2 0.3234375 0.5296875 0.0166667 0.0203125
0 0.4697917 0.7269531 0.0218750 0.0273438
4 0.4718750 0.4066406 0.0156250 0.0273438
5 0.5953125 0.5222656 0.0218750 0.0195312
2 0.5958333 0.3898437 0.0229167 0.0187500
5 0.5872396 0.3140625 0.0151042 0.0203125
1 0.4135417 0.1359375 0.0239583 0.0171875
1 0.3989583 0.4695313 0.0135417 0.0296875
4 0.3885417 0.7761719 0.0239583 0.0179687
4 0.7072917 0.4042969 0.0125000 0.0320312
5 0.5718750 0.3832031 0.0229167 0.0210938
4 0.5054688 0.8394531 0.0171875 0.0320312
1 0.6322917 0.4292969 0.0260417 0.0179687
2 0.5250000 0.6347656 0.0166667 0.0289063
3 0.3822917 0.7867188 0.0125000 0.0281250
0 0.4593750 0.4601562 0.0156250 0.0171875
1 0.4052083 0.9050781 0.0135417 0.0148437
5 0.5765625 0.6089844 0.0250000 0.0210938
2 0.4619792 0.2929688 0.0145833 0.0343750
0 0.3611979 0.5378906 0.0171875 0.0179687
0 0.4109375 0.6050781 0.0218750 0.0195312
5 0.4932292 0.2867188 0.0135417 0.0390625
3 0.6523438 0.2617188 0.0151042 0.0343750
2 0.4398437 0.4113281 0.0130208 0.0210938
1 0.4809896 0.5945312 0.0234375 0.0156250
1 0.6169271 0.7304688 0.0140625 0.0281250
5 0.4898438 0.7730469 0.0234375 0.0179687
1 0.6773438 0.4492188 0.0255208 0.0156250
0 0.4822917 0.7218750 0.0156250 0.0171875
1 0.6083333 0.4269531 0.0177083 0.0210938
1 0.5369792 0.3308594 0.0218750 0.0242188
0 0.5606771 0.4992187 0.0140625 0.0265625
0 0.7361979 0.3031250 0.0255208 0.0187500
3 0.3320312 0.6402344 0.0119792 0.0367188
4 0.3359375 0.7246094 0.0208333 0.0242188
2 0.4531250 0.8878906 0.0135417 0.0367188
2 0.4221354 0.6179687 0.0255208 0.0187500
1 0.7403646 0.3824219 0.0119792 0.0195312
6 0.2768229 0.5515625 0.0182292 0.0296875
