5 0.5570312 0.8062500 0.0265625 0.0359375
5 0.3583333 0.3289063 0.0156250 0.0390625
1 0.7330729 0.5644531 0.0140625 0.0445313
4 0.3906250 0.4226563 0.0208333 0.0359375
2 0.2937500 0.4214844 0.0208333 0.0507812
2 0.5692708 0.7769531 0.0260417 0.0195312
3 0.1854167 0.3074219 0.0197917 0.0429688
3 0.6356771 0.7550781 0.0317708 0.0226562
5 0.5111979 0.3820312 0.0338542 0.0250000
5 0.4947917 0.6550781 0.0208333 0.0523438
6 0.5427083 0.3722656 0.0322917 0.0320312
11 0.6791667 0.8527344 0.0333333 0.0429688
7 0.7570313 0.4804688 0.0307292 0.0421875
6 0.5205729 0.6023437 0.0286458 0.0375000
7 0.4156250 0.8824219 0.0197917 0.0476562
10 0.5671875 0.7039062 0.0187500 0.0312500
10 0.5744792 0.6906250 0.0208333 0.0453125
7 0.4986979 0.5640625 0.0255208 0.0328125
10 0.4182292 0.1714844 0.0250000 0.0445313
8 0.5932292 0.6894531 0.0343750 0.0335937
8 0.6778646 0.2851562 0.0328125 0.0390625
9 0.3778646 0.2765625 0.0296875 0.0328125
