3 0.6906250 0.6488281 0.1197917 0.1164063
5 0.5734375 0.7824219 0.1343750 0.1085938
3 0.6502604 0.7132812 0.1286458 0.0875000
4 0.6812500 0.1632812 0.0979167 0.0843750
6 0.2690104 0.3167969 0.0880208 0.1945312
9 0.2822917 0.4609375 0.1291667 0.1562500
8 0.6343750 0.3019531 0.1333333 0.1867187
8 0.4843750 0.6304688 0.1447917 0.1812500
7 0.3049479 0.5902344 0.1317708 0.1320312
9 0.5846354 0.5953125 0.1244792 0.1265625
7 0.6179687 0.7968750 0.1380208 0.1390625
11 0.3583333 0.4406250 0.1208333 0.1531250
9 0.6348958 0.3554688 0.1281250 0.1812500
7 0.6039062 0.6316406 0.1286458 0.1367188
11 0.5864583 0.7398438 0.1479167 0.1875000
9 0.7346354 0.5761719 0.1026042 0.1445312
10 0.6033854 0.3375000 0.1098958 0.1656250
9 0.4015625 0.5191406 0.1302083 0.2132813
10 0.5976562 0.5242187 0.1338542 0.1656250
