5 0.6187500 0.7968750 0.0177083 0.0437500
0 0.4739583 0.6464844 0.0270833 0.0289063
5 0.6518229 0.2429688 0.0265625 0.0234375
3 0.3434896 0.5242187 0.0328125 0.0250000
0 0.5356771 0.4335938 0.0286458 0.0234375
5 0.5846354 0.4601562 0.0140625 0.0296875
5 0.5945312 0.4085937 0.0203125 0.0281250
4 0.5890625 0.5800781 0.0156250 0.0460938
0 0.5747396 0.6207031 0.0203125 0.0398437
5 0.5518229 0.4710937 0.0286458 0.0203125
1 0.6132812 0.6117187 0.0276042 0.0187500
3 0.5997396 0.4218750 0.0223958 0.0359375
2 0.5401042 0.2160156 0.0135417 0.0351562
5 0.6700521 0.7949219 0.0255208 0.0304687
4 0.4895833 0.8171875 0.0281250 0.0265625
3 0.6476563 0.2660156 0.0192708 0.0320312
5 0.6187500 0.3363281 0.0270833 0.0195312
5 0.4083333 0.9246094 0.0208333 0.0398437
4 0.5195312 0.5019531 0.0296875 0.0210938
2 0.5020833 0.2550781 0.0229167 0.0289063
5 0.3567708 0.8871094 0.0208333 0.0273438
10 0.6153646 0.6429687 0.0265625 0.0296875
11 0.5367188 0.8660156 0.0244792 0.0320312
6 0.4356771 0.6507812 0.0234375 0.0390625
11 0.6039062 0.4667969 0.0192708 0.0367188
9 0.5059896 0.3535156 0.0244792 0.0320312
10 0.6919271 0.6902344 0.0276042 0.0257812
11 0.4184896 0.2554688 0.0171875 0.0390625
