1 0.5096354 0.3148437 0.1119792 0.0875000
5 0.5197917 0.5644531 0.0770833 0.1210938
4 0.4984375 0.6382813 0.0458333 0.1562500
1 0.6479167 0.4070313 0.0750000 0.0843750
5 0.5263021 0.2105469 0.0546875 0.1289062
5 0.4507813 0.7421875 0.0765625 0.0890625
5 0.5125000 0.3609375 0.1208333 0.0796875
0 0.4815104 0.5562500 0.1015625 0.0875000
1 0.7190104 0.7453125 0.1109375 0.0671875
4 0.6283854 0.3980469 0.0619792 0.0820312
1 0.3658854 0.7175781 0.0682292 0.1570313
4 0.3713542 0.2683594 0.0687500 0.1679688
3 0.3992188 0.5148438 0.0598958 0.0796875
2 0.5143229 0.5515625 0.0682292 0.1234375
2 0.7559896 0.6769531 0.1171875 0.1039063
5 0.5500000 0.2175781 0.1125000 0.1101562
0 0.6799479 0.3464844 0.0921875 0.0804688
5 0.3002604 0.7750000 0.0598958 0.0750000
2 0.5914063 0.2816406 0.0796875 0.1195313
2 0.3057292 0.3039062 0.0854167 0.1578125
1 0.4731771 0.6796875 0.1161458 0.0796875
5 0.4242187 0.6781250 0.0880208 0.0843750
5 0.3062500 0.6445312 0.0625000 0.1296875
4 0.6619792 0.1339844 0.1197917 0.0789062
0 0.3901042 0.3312500 0.1291667 0.0859375
1 0.7408854 0.3097656 0.0869792 0.1273438
0 0.2401042 0.7031250 0.0666667 0.1515625
1 0.3632812 0.9218750 0.0776042 0.1546875
3 0.4557292 0.7867188 0.0677083 0.1531250
3 0.7023438 0.3617187 0.1057292 0.0750000
4 0.4802083 0.6917969 0.0687500 0.1335938
4 0.6632813 0.6718750 0.0703125 0.0843750
2 0.5531250 0.6925781 0.0854167 0.1445312
4 0.6804687 0.4941406 0.1109375 0.0820312
0 0.6929688 0.3160156 0.0494792 0.1351563
3 0.6078125 0.6585937 0.1041667 0.0828125
5 0.7695312 0.5773438 0.0640625 0.0859375
3 0.7601562 0.7640625 0.1005208 0.0828125
0 0.6296875 0.3582031 0.1031250 0.0679687
4 0.2979167 0.2734375 0.1114583 0.0968750
4 0.2638021 0.6105469 0.0776042 0.1460937
3 0.3773437 0.7820312 0.1203125 0.0859375
1 0.4229167 0.3269531 0.0791667 0.1507813
0 0.5518229 0.7472656 0.1015625 0.0914062
0 0.6708333 0.5046875 0.1229167 0.0906250
0 0.4893229 0.6167969 0.1015625 0.0835937
0 0.3421875 0.5648437 0.1114583 0.1296875
2 0.4161458 0.5066406 0.1177083 0.1101562
2 0.5367188 0.2484375 0.1119792 0.0812500
2 0.6289062 0.3390625 0.0661458 0.0781250
2 0.3578125 0.4449219 0.1218750 0.0835937
3 0.6109375 0.3386719 0.1125000 0.1242188
4 0.6671875 0.3175781 0.0822917 0.0835937
0 0.7234375 0.6324219 0.1083333 0.1023437
2 0.4835937 0.8101563 0.0723958 0.1328125
1 0.6281250 0.5656250 0.0989583 0.0765625
0 0.5429688 0.8503906 0.0880208 0.1476562
4 0.4791667 0.1394531 0.0781250 0.1242188
3 0.6960937 0.2515625 0.1171875 0.0859375
5 0.4270833 0.8078125 0.0989583 0.0984375
5 0.5557292 0.5253906 0.0656250 0.0976562
0 0.6700521 0.5597656 0.0880208 0.1601562
4 0.4013021 0.7652344 0.0619792 0.0929688
3 0.7549479 0.3578125 0.0973958 0.1375000
3 0.5455729 0.1875000 0.0953125 0.1359375
3 0.3158854 0.1839844 0.0682292 0.1476562
0 0.2927083 0.5531250 0.0572917 0.1312500
3 0.5619792 0.6054688 0.0885417 0.1578125
3 0.6950521 0.5171875 0.0619792 0.1046875
5 0.5044271 0.3765625 0.1026042 0.1093750
3 0.3742187 0.7554688 0.0557292 0.1171875
5 0.7486979 0.5273438 0.0421875 0.1000000
3 0.3257813 0.2273438 0.1130208 0.0859375
4 0.3369792 0.8367187 0.0645833 0.0781250
8 0.6062500 0.1292969 0.1031250 0.1289062
9 0.7638021 0.5675781 0.1036458 0.1007813
9 0.3950521 0.8832031 0.1078125 0.1070312
7 0.3611979 0.8847656 0.0973958 0.1179687
8 0.6872396 0.2121094 0.0817708 0.1460937
8 0.6515625 0.8640625 0.1093750 0.1093750
10 0.5265625 0.8070312 0.0656250 0.1515625
8 0.5505208 0.5453125 0.1041667 0.1015625
6 0.7070312 0.1425781 0.1098958 0.1070312
6 0.2552083 0.4519531 0.1166667 0.1101562
7 0.5880208 0.2703125 0.1114583 0.1125000
10 0.5940104 0.2425781 0.1119792 0.1132812
7 0.2632813 0.5796875 0.0963542 0.1031250
9 0.6906250 0.4230469 0.1166667 0.1195313
