2 0.4260417 0.9484375 0.0770833 0.1015625
1 0.4127604 0.5167969 0.0713542 0.1148437
3 0.4447917 0.2003906 0.1229167 0.1085938
0 0.7268229 0.4097656 0.1296875 0.1101562
3 0.6455729 0.6136719 0.0921875 0.0976562
4 0.2885417 0.6792969 0.0885417 0.0976562
4 0.6958333 0.5871094 0.1260417 0.1257813
1 0.6143229 0.2949219 0.0744792 0.0882813
2 0.6354167 0.7988281 0.0781250 0.1289062
2 0.5942708 0.7515625 0.0770833 0.1796875
0 0.7486979 0.5250000 0.0786458 0.1546875
1 0.4440104 0.6511719 0.1171875 0.0851563
3 0.6593750 0.7359375 0.1229167 0.0890625
5 0.3786458 0.4289062 0.1020833 0.1109375
5 0.7236979 0.3910156 0.0557292 0.1054688
4 0.4520833 0.6429687 0.0770833 0.1125000
1 0.3356771 0.7257813 0.0692708 0.1265625
5 0.4088542 0.8402344 0.1229167 0.0851563
1 0.6080729 0.5179687 0.0796875 0.1593750
3 0.3768229 0.8757812 0.1109375 0.1015625
0 0.2458333 0.4750000 0.1072917 0.1328125
3 0.7481771 0.4921875 0.0630208 0.1031250
0 0.6263021 0.2480469 0.0880208 0.1460937
0 0.7317708 0.2687500 0.1208333 0.0984375
0 0.1523438 0.4898438 0.0932292 0.1187500
2 0.7072917 0.2289063 0.1177083 0.1156250
1 0.7546875 0.3464844 0.0666667 0.1101562
1 0.7760417 0.4796875 0.1145833 0.1046875
1 0.6778646 0.5628906 0.0817708 0.1382812
4 0.5708333 0.5296875 0.1291667 0.0984375
3 0.7559896 0.4488281 0.0994792 0.1054688
2 0.3450521 0.5867187 0.1390625 0.1453125
0 0.5476562 0.0726563 0.1255208 0.1343750
3 0.4380208 0.6777344 0.0791667 0.0976562
2 0.7721354 0.5796875 0.1067708 0.1343750
4 0.7296875 0.7000000 0.1343750 0.0953125
6 0.5604167 0.5019531 0.0989583 0.1242188
9 0.2739583 0.4250000 0.1177083 0.1765625
10 0.6429687 0.7656250 0.1161458 0.1203125
6 0.6125000 0.7121094 0.0833333 0.1414063
6 0.2481771 0.3007812 0.1255208 0.1218750
11 0.6791667 0.1410156 0.1312500 0.1304687
9 0.5755208 0.2839844 0.1302083 0.1414063
10 0.6869792 0.5953125 0.0770833 0.1390625
