3 0.5992188 0.5246094 0.0473958 0.0273438
4 0.5328125 0.6492187 0.0552083 0.0390625
1 0.4893229 0.3988281 0.0328125 0.0648438
1 0.6033854 0.7417969 0.0505208 0.0320312
3 0.5861979 0.3101563 0.0359375 0.0562500
3 0.6330729 0.2710938 0.0463542 0.0390625
1 0.3804688 0.6421875 0.0244792 0.0593750
3 0.3794271 0.4875000 0.0255208 0.0406250
5 0.5187500 0.2031250 0.0562500 0.0375000
2 0.3244792 0.4488281 0.0562500 0.0414062
1 0.7028646 0.4312500 0.0255208 0.0609375
5 0.5924479 0.5046875 0.0286458 0.0562500
0 0.5174479 0.4503906 0.0348958 0.0460938
3 0.3786458 0.6402344 0.0395833 0.0632812
5 0.7848958 0.2714844 0.0520833 0.0382813
3 0.5841146 0.5660156 0.0526042 0.0398437
1 0.7104167 0.7785156 0.0375000 0.0398437
1 0.6382813 0.5605469 0.0494792 0.0304687
0 0.7570313 0.2582031 0.0473958 0.0382813
1 0.3005208 0.5027344 0.0572917 0.0382813
0 0.6458333 0.3453125 0.0322917 0.0406250
3 0.6481771 0.5074219 0.0505208 0.0367188
3 0.5796875 0.1738281 0.0312500 0.0523438
3 0.7005208 0.3203125 0.0541667 0.0390625
0 0.6028646 0.5406250 0.0484375 0.0328125
2 0.7661458 0.4121094 0.0541667 0.0570312
1 0.3598958 0.5925781 0.0552083 0.0445313
5 0.6533854 0.5546875 0.0578125 0.0468750
3 0.5515625 0.8441406 0.0447917 0.0382813
2 0.6140625 0.6144531 0.0552083 0.0476562
2 0.4804688 0.7976562 0.0411458 0.0453125
0 0.5257812 0.3355469 0.0359375 0.0585938
4 0.3044271 0.5710937 0.0328125 0.0656250
5 0.6408854 0.4484375 0.0453125 0.0437500
0 0.5091146 0.6078125 0.0223958 0.0671875
5 0.4692708 0.4312500 0.0291667 0.0484375
2 0.5002604 0.5703125 0.0411458 0.0625000
1 0.6893229 0.3042969 0.0380208 0.0429688
5 0.6455729 0.2125000 0.0505208 0.0421875
3 0.4781250 0.4089844 0.0333333 0.0367188
4 0.4330729 0.2703125 0.0401042 0.0750000
4 0.3481771 0.4976563 0.0505208 0.0359375
5 0.6684896 0.5125000 0.0411458 0.0765625
2 0.2312500 0.6359375 0.0510417 0.0484375
9 0.6830729 0.4652344 0.0484375 0.0476562
11 0.5739583 0.7703125 0.0500000 0.0515625
6 0.4817708 0.7640625 0.0354167 0.0515625
10 0.7851562 0.6148438 0.0494792 0.0656250
7 0.5557292 0.4972656 0.0468750 0.0460938
11 0.5192708 0.4359375 0.0354167 0.0500000
11 0.1833333 0.5171875 0.0479167 0.0562500
