3 0.5377604 0.4429688 0.0234375 0.0437500
2 0.4085937 0.2386719 0.0223958 0.0320312
5 0.4190104 0.3285156 0.0265625 0.0273438
5 0.6979167 0.4828125 0.0343750 0.0375000
5 0.6533854 0.3019531 0.0411458 0.0289063
2 0.5661458 0.2882812 0.0250000 0.0578125
3 0.5036458 0.4785156 0.0197917 0.0539063
0 0.3369792 0.4136719 0.0406250 0.0304687
4 0.4809896 0.4242187 0.0234375 0.0578125
3 0.6257812 0.2488281 0.0348958 0.0382813
2 0.3864583 0.6339844 0.0354167 0.0335937
0 0.7013021 0.4089844 0.0390625 0.0398437
4 0.7033854 0.6679688 0.0348958 0.0234375
2 0.3789062 0.5480469 0.0411458 0.0335937
5 0.3562500 0.3925781 0.0250000 0.0632812
2 0.4671875 0.2773438 0.0239583 0.0546875
4 0.4393229 0.7585937 0.0432292 0.0218750
0 0.5708333 0.2085937 0.0229167 0.0390625
5 0.3359375 0.7921875 0.0385417 0.0281250
4 0.7533854 0.3609375 0.0442708 0.0343750
0 0.5359375 0.5152344 0.0270833 0.0398437
0 0.4677083 0.8765625 0.0260417 0.0359375
2 0.6223958 0.4796875 0.0395833 0.0312500
2 0.3609375 0.4128906 0.0385417 0.0335937
2 0.6783854 0.4164062 0.0203125 0.0343750
4 0.5679688 0.3453125 0.0234375 0.0562500
2 0.4895833 0.4148438 0.0281250 0.0375000
0 0.5101562 0.7785156 0.0171875 0.0539063
5 0.4255208 0.1769531 0.0281250 0.0492187
4 0.4005208 0.5812500 0.0239583 0.0281250
2 0.5992188 0.3050781 0.0411458 0.0335937
1 0.4127604 0.1636719 0.0203125 0.0648438
0 0.4234375 0.2390625 0.0281250 0.0468750
2 0.7106771 0.0886719 0.0369792 0.0351562
0 0.6687500 0.2777344 0.0354167 0.0460938
4 0.5153646 0.6003906 0.0182292 0.0601563
0 0.6200521 0.6203125 0.0359375 0.0250000
4 0.5864583 0.3375000 0.0354167 0.0406250
3 0.5885417 0.0957031 0.0208333 0.0523438
1 0.6888021 0.3054688 0.0161458 0.0578125
3 0.6091146 0.3046875 0.0421875 0.0312500
3 0.6263021 0.5875000 0.0421875 0.0328125
3 0.5177083 0.3953125 0.0427083 0.0296875
6 0.2757812 0.5960937 0.0390625 0.0390625
