1 0.5578125 0.5496094 0.0229167 0.0226562
1 0.5921875 0.5726562 0.0250000 0.0171875
4 0.3708333 0.2171875 0.0229167 0.0171875
4 0.5940104 0.3816406 0.0244792 0.0195312
1 0.6601562 0.6304688 0.0119792 0.0328125
1 0.4153646 0.5835938 0.0203125 0.0265625
5 0.5833333 0.2167969 0.0156250 0.0335937
3 0.4914062 0.5109375 0.0244792 0.0171875
1 0.4445312 0.8156250 0.0109375 0.0312500
3 0.5778646 0.2414062 0.0244792 0.0156250
4 0.6455729 0.3421875 0.0130208 0.0156250
4 0.5468750 0.7449219 0.0135417 0.0179687
1 0.2882812 0.7632813 0.0109375 0.0218750
3 0.5179687 0.8234375 0.0203125 0.0296875
4 0.5619792 0.7589844 0.0197917 0.0226562
0 0.5820312 0.1972656 0.0192708 0.0226562
1 0.6421875 0.2039063 0.0229167 0.0171875
3 0.4393229 0.2562500 0.0151042 0.0359375
0 0.6088542 0.4089844 0.0104167 0.0226562
2 0.5111979 0.3976562 0.0161458 0.0359375
4 0.4356771 0.7148438 0.0151042 0.0203125
0 0.6604167 0.6625000 0.0166667 0.0218750
1 0.4718750 0.2156250 0.0177083 0.0343750
0 0.6557292 0.5035156 0.0197917 0.0226562
1 0.4187500 0.7191406 0.0135417 0.0335937
4 0.7106771 0.5578125 0.0234375 0.0203125
4 0.6697917 0.6109375 0.0218750 0.0250000
4 0.3625000 0.8066406 0.0229167 0.0289063
2 0.5221354 0.9617187 0.0234375 0.0281250
1 0.6593750 0.2773438 0.0250000 0.0171875
0 0.5424479 0.5113281 0.0244792 0.0164063
3 0.6385417 0.7691406 0.0218750 0.0148437
3 0.6338542 0.7781250 0.0197917 0.0140625
0 0.5140625 0.6726562 0.0239583 0.0187500
3 0.7203125 0.7058594 0.0250000 0.0195312
2 0.4382813 0.6726562 0.0109375 0.0343750
5 0.5075521 0.4980469 0.0140625 0.0242188
3 0.3401042 0.5105469 0.0208333 0.0195312
0 0.6523438 0.8011719 0.0192708 0.0242188
4 0.5658854 0.2308594 0.0140625 0.0335937
5 0.3338542 0.4027344 0.0125000 0.0195312
4 0.7539062 0.1792969 0.0244792 0.0148437
2 0.4606771 0.9484375 0.0244792 0.0171875
2 0.4424479 0.8113281 0.0182292 0.0289063
3 0.5630208 0.1820313 0.0218750 0.0250000
4 0.5276042 0.4046875 0.0218750 0.0281250
3 0.4640625 0.5859375 0.0177083 0.0156250
5 0.5632812 0.2554688 0.0161458 0.0171875
1 0.5062500 0.5964844 0.0145833 0.0226562
4 0.4822917 0.5101562 0.0229167 0.0171875
5 0.5260417 0.5792969 0.0177083 0.0179687
5 0.6903646 0.5679688 0.0109375 0.0281250
5 0.4528646 0.1375000 0.0234375 0.0171875
4 0.4492188 0.3566406 0.0119792 0.0257812
4 0.5802083 0.5511719 0.0229167 0.0164063
0 0.5992188 0.3031250 0.0203125 0.0265625
5 0.5419271 0.2968750 0.0244792 0.0171875
4 0.7091146 0.4437500 0.0265625 0.0203125
4 0.4471354 0.2914062 0.0140625 0.0281250
5 0.4005208 0.5039062 0.0197917 0.0156250
5 0.6085938 0.4914062 0.0151042 0.0203125
2 0.3888021 0.4625000 0.0140625 0.0265625
3 0.5236979 0.1738281 0.0161458 0.0164063
3 0.2726562 0.4394531 0.0151042 0.0257812
0 0.4684896 0.3441406 0.0171875 0.0195312
5 0.5611979 0.3386719 0.0182292 0.0320312
0 0.3395833 0.3363281 0.0239583 0.0179687
1 0.5619792 0.2718750 0.0177083 0.0156250
3 0.6138021 0.2882812 0.0130208 0.0187500
0 0.4911458 0.5089844 0.0208333 0.0164063
2 0.4888021 0.1457031 0.0130208 0.0226562
0 0.4208333 0.5601563 0.0229167 0.0250000
0 0.4359375 0.5136719 0.0135417 0.0179687
11 0.6622396 0.3574219 0.0171875 0.0320312
11 0.3411458 0.3906250 0.0156250 0.0296875
6 0.7513021 0.6570312 0.0192708 0.0234375
11 0.5328125 0.6117187 0.0145833 0.0218750
9 0.5950521 0.6472656 0.0192708 0.0289063
7 0.4921875 0.4597656 0.0187500 0.0351562
10 0.3500000 0.1656250 0.0145833 0.0312500
11 0.5351562 0.6664062 0.0213542 0.0218750
9 0.4213542 0.6425781 0.0145833 0.0335937
9 0.7052083 0.5222656 0.0156250 0.0257812
7 0.5343750 0.7027344 0.0177083 0.0304687
9 0.5395833 0.7023438 0.0239583 0.0312500
10 0.6494792 0.6742187 0.0229167 0.0265625
6 0.4513021 0.3980469 0.0213542 0.0242188
6 0.4132812 0.1480469 0.0161458 0.0351562
8 0.4713542 0.2375000 0.0166667 0.0359375
