0 0.5830729 0.6359375 0.0119792 0.0375000
3 0.7195312 0.5468750 0.0161458 0.0359375
5 0.7500000 0.4945312 0.0250000 0.0250000
0 0.6888021 0.2437500 0.0255208 0.0171875
4 0.5333333 0.3535156 0.0104167 0.0164063
6 0.4322917 0.6503906 0.0229167 0.0226562
11 0.4645833 0.6785156 0.0208333 0.0289063
6 0.4554687 0.3644531 0.0161458 0.0351562
9 0.6716146 0.5937500 0.0244792 0.0250000
10 0.5794271 0.4863281 0.0265625 0.0351562
10 0.5463542 0.6460938 0.0218750 0.0359375
7 0.3958333 0.8332031 0.0156250 0.0351562
11 0.3820312 0.4152344 0.0182292 0.0351562
6 0.3283854 0.6769531 0.0151042 0.0351562
11 0.6369792 0.5652344 0.0166667 0.0335937
9 0.6515625 0.1605469 0.0250000 0.0242188
6 0.6380208 0.2843750 0.0166667 0.0296875
