4 0.5367188 0.7632813 0.1057292 0.0875000
3 0.1424479 0.6667969 0.1317708 0.1242188
1 0.5195312 0.3839844 0.0848958 0.1257813
0 0.7596354 0.3406250 0.1411458 0.1078125
0 0.5726562 0.8183594 0.0505208 0.1585938
2 0.4695313 0.3031250 0.1171875 0.1203125
5 0.5609375 0.3875000 0.1364583 0.0937500
1 0.5609375 0.6531250 0.0583333 0.1796875
4 0.3226562 0.2367188 0.1463542 0.1296875
4 0.5679688 0.4906250 0.1307292 0.1359375
10 0.6174479 0.6769531 0.1119792 0.2195313
6 0.3382812 0.8261719 0.1380208 0.1398437
8 0.2963542 0.5277344 0.1291667 0.1523438
9 0.2234375 0.3652344 0.0895833 0.2023437
7 0.4395833 0.2386719 0.1250000 0.1210938
7 0.6200521 0.0910156 0.1234375 0.1554687
7 0.7539062 0.2179687 0.0901042 0.1984375
10 0.5156250 0.0894531 0.0875000 0.1789062
7 0.7492188 0.5742188 0.0901042 0.2046875
11 0.2651042 0.7011719 0.1520833 0.1523438
11 0.3882813 0.0757812 0.0911458 0.1515625
8 0.4565104 0.0855469 0.1119792 0.1710937
8 0.3898437 0.2062500 0.1317708 0.1828125
10 0.3427083 0.3828125 0.1041667 0.1937500
9 0.7375000 0.2414062 0.1062500 0.1968750
