5 0.5794271 0.4902344 0.0401042 0.0304687
4 0.5466146 0.3703125 0.0348958 0.0531250
5 0.4302083 0.4429688 0.0229167 0.0343750
4 0.3187500 0.5203125 0.0218750 0.0609375
1 0.2231771 0.4152344 0.0244792 0.0570312
0 0.6552083 0.6761719 0.0385417 0.0257812
0 0.3263021 0.6765625 0.0380208 0.0296875
4 0.4382813 0.2859375 0.0171875 0.0578125
2 0.6596354 0.7023438 0.0380208 0.0312500
5 0.3455729 0.7046875 0.0192708 0.0546875
4 0.6859375 0.4648438 0.0447917 0.0312500
3 0.6057292 0.3878906 0.0406250 0.0414062
1 0.5895833 0.8152344 0.0197917 0.0570312
0 0.4614583 0.8304687 0.0322917 0.0296875
0 0.6791667 0.6617188 0.0312500 0.0343750
9 0.7002604 0.7476563 0.0421875 0.0406250
6 0.5218750 0.6410156 0.0416667 0.0429688
10 0.3489583 0.2011719 0.0395833 0.0476562
