2 0.5315104 0.5226563 0.0546875 0.0421875
3 0.6156250 0.6199219 0.0500000 0.0820312
2 0.5838542 0.4519531 0.0416667 0.0398437
0 0.5140625 0.1648438 0.0562500 0.0359375
3 0.3114583 0.6683594 0.0312500 0.0773438
0 0.5148438 0.3867188 0.0640625 0.0500000
1 0.4453125 0.7199219 0.0312500 0.0710937
1 0.4119792 0.1371094 0.0447917 0.0726563
1 0.4971354 0.2964844 0.0276042 0.0835937
1 0.6536458 0.6324219 0.0520833 0.0476562
5 0.3635417 0.3097656 0.0541667 0.0335937
5 0.3231771 0.2410156 0.0442708 0.0460938
0 0.6833333 0.8367187 0.0572917 0.0359375
0 0.7765625 0.2871094 0.0364583 0.0789062
5 0.5778646 0.4382813 0.0515625 0.0546875
1 0.7341146 0.1652344 0.0536458 0.0335937
2 0.6809896 0.5730469 0.0630208 0.0476562
1 0.3502604 0.3582031 0.0369792 0.0882813
0 0.4601562 0.7492188 0.0359375 0.0859375
0 0.6125000 0.4851563 0.0260417 0.0437500
0 0.2796875 0.4660156 0.0552083 0.0351562
0 0.4341146 0.7964844 0.0317708 0.0835937
3 0.3666667 0.5546875 0.0239583 0.0859375
2 0.7388021 0.6089844 0.0578125 0.0429688
2 0.5700521 0.9718750 0.0526042 0.0453125
2 0.8247396 0.5457031 0.0473958 0.0773438
3 0.7005208 0.7148438 0.0572917 0.0359375
5 0.6117187 0.3621094 0.0567708 0.0398437
5 0.6010417 0.1820313 0.0583333 0.0437500
0 0.4416667 0.5269531 0.0427083 0.0664062
1 0.7018229 0.5421875 0.0567708 0.0406250
5 0.5789062 0.5742188 0.0473958 0.0468750
4 0.3533854 0.2316406 0.0494792 0.0351562
1 0.6317708 0.4945312 0.0552083 0.0390625
3 0.5015625 0.1136719 0.0479167 0.0554687
3 0.5114583 0.1917969 0.0541667 0.0460938
2 0.5617188 0.3925781 0.0317708 0.0476562
2 0.5932292 0.6718750 0.0354167 0.0343750
4 0.5653646 0.8195313 0.0546875 0.0375000
2 0.5263021 0.7593750 0.0494792 0.0562500
1 0.3236979 0.3984375 0.0619792 0.0437500
3 0.4020833 0.2777344 0.0479167 0.0414062
1 0.5583333 0.6496094 0.0364583 0.0695313
4 0.2210938 0.5847656 0.0463542 0.0617188
2 0.4776042 0.4582031 0.0302083 0.0664062
1 0.5960937 0.4988281 0.0307292 0.0367188
8 0.5700521 0.4656250 0.0515625 0.0500000
11 0.3747396 0.4011719 0.0546875 0.0632812
11 0.4687500 0.4683594 0.0489583 0.0523438
6 0.4369792 0.1925781 0.0552083 0.0726563
