4 0.3054688 0.5554687 0.0265625 0.0187500
2 0.5250000 0.2699219 0.0239583 0.0210938
0 0.3625000 0.8210937 0.0260417 0.0203125
5 0.7153646 0.5566406 0.0234375 0.0195312
1 0.4804688 0.4953125 0.0140625 0.0281250
0 0.6205729 0.7531250 0.0255208 0.0218750
3 0.6804687 0.3699219 0.0265625 0.0195312
4 0.6513021 0.7148438 0.0234375 0.0156250
3 0.5244792 0.2613281 0.0125000 0.0210938
2 0.6596354 0.6460938 0.0265625 0.0203125
0 0.4601562 0.3296875 0.0171875 0.0390625
3 0.5656250 0.4753906 0.0208333 0.0273438
1 0.5091146 0.7261719 0.0223958 0.0257812
0 0.4867187 0.6320313 0.0234375 0.0171875
0 0.5437500 0.4589844 0.0145833 0.0289063
3 0.4682292 0.6453125 0.0145833 0.0328125
0 0.6674479 0.5871094 0.0244792 0.0179687
0 0.4489583 0.5464844 0.0187500 0.0289063
2 0.5937500 0.4984375 0.0114583 0.0218750
1 0.3026042 0.3320312 0.0250000 0.0171875
0 0.5536458 0.6984375 0.0177083 0.0406250
3 0.2919271 0.4644531 0.0276042 0.0210938
1 0.2408854 0.7382812 0.0140625 0.0375000
2 0.6213542 0.7816406 0.0239583 0.0242188
2 0.3031250 0.7421875 0.0270833 0.0171875
0 0.5041667 0.3968750 0.0135417 0.0234375
0 0.2934896 0.3367188 0.0119792 0.0250000
1 0.6463542 0.5625000 0.0291667 0.0203125
0 0.4593750 0.3437500 0.0208333 0.0187500
1 0.5083333 0.5375000 0.0239583 0.0203125
2 0.5864583 0.5656250 0.0187500 0.0187500
0 0.6544271 0.3375000 0.0130208 0.0359375
1 0.2458333 0.7250000 0.0145833 0.0265625
2 0.5406250 0.5511719 0.0177083 0.0429688
1 0.5554687 0.7507812 0.0130208 0.0375000
4 0.6348958 0.5507812 0.0218750 0.0218750
4 0.6875000 0.1996094 0.0260417 0.0179687
4 0.6497396 0.3414063 0.0234375 0.0140625
1 0.5096354 0.2964844 0.0244792 0.0289063
0 0.3356771 0.5593750 0.0244792 0.0234375
3 0.4934896 0.5199219 0.0182292 0.0164063
1 0.6286458 0.6414062 0.0239583 0.0203125
0 0.4437500 0.4421875 0.0177083 0.0312500
0 0.3755208 0.2269531 0.0166667 0.0351562
4 0.3848958 0.6449219 0.0145833 0.0242188
5 0.5536458 0.4582031 0.0270833 0.0179687
0 0.6703125 0.9003906 0.0270833 0.0226562
2 0.5661458 0.7753906 0.0260417 0.0226562
4 0.7481771 0.3679688 0.0182292 0.0265625
1 0.4554687 0.5566406 0.0255208 0.0210938
2 0.7375000 0.6214844 0.0229167 0.0210938
1 0.4104167 0.5828125 0.0229167 0.0281250
3 0.6190104 0.3359375 0.0255208 0.0187500
3 0.5338542 0.7605469 0.0145833 0.0289063
5 0.6835938 0.6019531 0.0151042 0.0351562
5 0.7578125 0.2593750 0.0250000 0.0203125
1 0.3169271 0.6269531 0.0161458 0.0257812
2 0.6304688 0.1429688 0.0244792 0.0187500
1 0.5984375 0.7171875 0.0260417 0.0218750
3 0.6072917 0.6246094 0.0260417 0.0179687
1 0.5528646 0.5320312 0.0119792 0.0359375
4 0.6992188 0.3128906 0.0213542 0.0273438
0 0.4677083 0.0585938 0.0218750 0.0328125
3 0.3291667 0.6492187 0.0239583 0.0218750
0 0.3401042 0.7414063 0.0218750 0.0218750
3 0.4518229 0.3367188 0.0286458 0.0218750
3 0.3822917 0.7265625 0.0250000 0.0187500
1 0.6299479 0.2101562 0.0255208 0.0171875
2 0.3106771 0.8488281 0.0171875 0.0351562
4 0.4940104 0.0894531 0.0244792 0.0195312
5 0.7062500 0.5925781 0.0260417 0.0195312
6 0.5664062 0.3457031 0.0223958 0.0242188
7 0.6414062 0.2914062 0.0203125 0.0234375
11 0.3354167 0.3769531 0.0218750 0.0242188
6 0.6320313 0.1542969 0.0244792 0.0242188
8 0.5747396 0.3617187 0.0223958 0.0250000
7 0.5216146 0.7035156 0.0244792 0.0304687
7 0.4854167 0.5710937 0.0218750 0.0218750
9 0.3039062 0.3496094 0.0244792 0.0382813
8 0.4817708 0.2476562 0.0166667 0.0390625
10 0.3096354 0.3781250 0.0192708 0.0375000
