4 0.2841146 0.5566406 0.0526042 0.0585938
3 0.3848958 0.8750000 0.0687500 0.0484375
1 0.6877604 0.7140625 0.0671875 0.0703125
0 0.4945312 0.1921875 0.0453125 0.0843750
1 0.5072917 0.2953125 0.0677083 0.0687500
0 0.6565104 0.7558594 0.0734375 0.0507812
5 0.6763021 0.7472656 0.0661458 0.0476562
3 0.6388021 0.5105469 0.0505208 0.0960938
3 0.3830729 0.3617187 0.0505208 0.0750000
1 0.6434896 0.0605469 0.0442708 0.0867187
2 0.3562500 0.2941406 0.0468750 0.1085938
3 0.3098958 0.2738281 0.0729167 0.0476562
2 0.6502604 0.5953125 0.0651042 0.0578125
1 0.3401042 0.5324219 0.0677083 0.0539063
0 0.6140625 0.3941406 0.0687500 0.0492187
3 0.6721354 0.5882812 0.0682292 0.0546875
5 0.4098958 0.7066406 0.0333333 0.0539063
4 0.6666667 0.3902344 0.0520833 0.0929688
5 0.3236979 0.2746094 0.0390625 0.0742188
3 0.6395833 0.3074219 0.0687500 0.0523438
3 0.4276042 0.5093750 0.0562500 0.0718750
0 0.5388021 0.4726562 0.0578125 0.0500000
5 0.3598958 0.4164062 0.0385417 0.0703125
1 0.4815104 0.2734375 0.0328125 0.0937500
3 0.6416667 0.5574219 0.0302083 0.0664062
2 0.3533854 0.7789063 0.0369792 0.0968750
1 0.4859375 0.3554688 0.0364583 0.0828125
0 0.3765625 0.4863281 0.0437500 0.0554687
3 0.3093750 0.5613281 0.0604167 0.0679687
4 0.5479167 0.6878906 0.0729167 0.0507812
4 0.7239583 0.2976563 0.0656250 0.0500000
3 0.3710938 0.6417969 0.0359375 0.0914062
2 0.6539063 0.3710938 0.0526042 0.0484375
2 0.6080729 0.2988281 0.0703125 0.0492187
5 0.5247396 0.7871094 0.0348958 0.0929688
1 0.6669271 0.5019531 0.0598958 0.0398437
3 0.6809896 0.7324219 0.0505208 0.0742188
2 0.4427083 0.1988281 0.0375000 0.0679687
4 0.6419271 0.5195312 0.0484375 0.0515625
5 0.5481771 0.7574219 0.0390625 0.1054688
3 0.6736979 0.6054688 0.0703125 0.0500000
1 0.6846354 0.6597656 0.0619792 0.0429688
2 0.2973958 0.6441406 0.0375000 0.1132812
4 0.5854167 0.6230469 0.0645833 0.0382813
4 0.4393229 0.1808594 0.0421875 0.0976562
5 0.4257812 0.6195312 0.0619792 0.0453125
5 0.5890625 0.1906250 0.0375000 0.0984375
5 0.6838542 0.8515625 0.0635417 0.0562500
3 0.6216146 0.4984375 0.0588542 0.0687500
0 0.5218750 0.5261719 0.0312500 0.0835937
3 0.6833333 0.7136719 0.0697917 0.0382813
3 0.3023438 0.3042969 0.0359375 0.0929688
0 0.6072917 0.3589844 0.0666667 0.0585938
0 0.4052083 0.4683594 0.0479167 0.0789062
5 0.4166667 0.2472656 0.0468750 0.0835937
4 0.4596354 0.2472656 0.0692708 0.0539063
2 0.4994792 0.3828125 0.0333333 0.0859375
2 0.7598958 0.4226563 0.0677083 0.0421875
1 0.3929687 0.4617188 0.0484375 0.0609375
1 0.6153646 0.5695313 0.0484375 0.0531250
4 0.3640625 0.1171875 0.0364583 0.1015625
5 0.4752604 0.3507812 0.0348958 0.1078125
4 0.5083333 0.5878906 0.0364583 0.0492187
8 0.4825521 0.5027344 0.0536458 0.0757812
7 0.6723958 0.3148437 0.0479167 0.0562500
9 0.6070313 0.5359375 0.0578125 0.0578125
7 0.3794271 0.7460938 0.0494792 0.1000000
6 0.6236979 0.1578125 0.0484375 0.0796875
9 0.2799479 0.4718750 0.0588542 0.0937500
7 0.5239583 0.6273437 0.0687500 0.0687500
9 0.4921875 0.5769531 0.0635417 0.0679687
11 0.6783854 0.6335937 0.0630208 0.0609375
9 0.6085938 0.7761719 0.0578125 0.0742188
10 0.4578125 0.6390625 0.0479167 0.0656250
