3 0.6528646 0.6000000 0.0296875 0.0218750
2 0.6708333 0.6898437 0.0250000 0.0234375
4 0.5703125 0.4960938 0.0312500 0.0234375
4 0.4861979 0.5375000 0.0151042 0.0453125
4 0.3992188 0.2500000 0.0213542 0.0453125
2 0.4205729 0.2945313 0.0171875 0.0265625
1 0.4265625 0.8433594 0.0291667 0.0195312
4 0.2851562 0.5753906 0.0119792 0.0226562
5 0.2747396 0.3437500 0.0213542 0.0453125
2 0.5341146 0.4496094 0.0234375 0.0257812
4 0.5627604 0.6480469 0.0286458 0.0242188
3 0.6377604 0.5839844 0.0317708 0.0210938
0 0.5307292 0.3140625 0.0177083 0.0281250
5 0.5596354 0.3960938 0.0265625 0.0312500
5 0.6057292 0.5988281 0.0322917 0.0242188
5 0.2296875 0.5542969 0.0145833 0.0210938
5 0.4671875 0.6234375 0.0250000 0.0375000
3 0.6174479 0.4093750 0.0192708 0.0265625
2 0.4117188 0.2144531 0.0296875 0.0242188
5 0.6151042 0.5316406 0.0166667 0.0429688
0 0.4315104 0.2312500 0.0182292 0.0406250
5 0.4919271 0.2265625 0.0192708 0.0406250
5 0.6729167 0.4324219 0.0250000 0.0367188
5 0.6171875 0.2468750 0.0302083 0.0250000
5 0.3869792 0.7316406 0.0197917 0.0226562
1 0.3544271 0.4656250 0.0307292 0.0250000
2 0.4130208 0.3125000 0.0197917 0.0515625
1 0.5393229 0.3828125 0.0182292 0.0453125
5 0.6778646 0.2085937 0.0265625 0.0218750
1 0.6807292 0.2335937 0.0197917 0.0437500
1 0.4210937 0.8769531 0.0223958 0.0429688
4 0.5929688 0.4910156 0.0296875 0.0210938
5 0.5515625 0.7621094 0.0156250 0.0445313
3 0.2908854 0.7535156 0.0286458 0.0242188
2 0.4614583 0.8527344 0.0270833 0.0304687
0 0.6658854 0.6015625 0.0286458 0.0296875
1 0.3742187 0.5468750 0.0140625 0.0406250
0 0.3369792 0.5457031 0.0260417 0.0289063
2 0.2539062 0.5214844 0.0161458 0.0460938
2 0.6453125 0.6871094 0.0229167 0.0320312
2 0.6705729 0.5238281 0.0328125 0.0273438
0 0.5570312 0.5437500 0.0171875 0.0390625
0 0.5148438 0.6976562 0.0171875 0.0468750
5 0.6731771 0.3109375 0.0317708 0.0312500
5 0.4875000 0.5074219 0.0291667 0.0273438
0 0.6786458 0.5414062 0.0125000 0.0453125
1 0.5705729 0.4835937 0.0234375 0.0359375
0 0.7283854 0.3117187 0.0171875 0.0421875
1 0.6205729 0.6843750 0.0244792 0.0296875
2 0.5466146 0.7082031 0.0348958 0.0257812
1 0.5434896 0.9617187 0.0213542 0.0421875
1 0.6218750 0.7156250 0.0177083 0.0250000
4 0.3684896 0.1082031 0.0171875 0.0460938
5 0.4833333 0.4410156 0.0145833 0.0273438
0 0.4820313 0.4367187 0.0317708 0.0234375
0 0.3945312 0.1859375 0.0223958 0.0343750
1 0.4348958 0.1949219 0.0125000 0.0398437
5 0.5937500 0.8281250 0.0125000 0.0453125
3 0.3158854 0.7562500 0.0317708 0.0250000
4 0.4606771 0.6445312 0.0130208 0.0218750
1 0.6505208 0.3117187 0.0229167 0.0312500
2 0.3882813 0.7691406 0.0296875 0.0195312
1 0.5734375 0.7179688 0.0260417 0.0250000
3 0.4286458 0.4394531 0.0281250 0.0273438
4 0.4940104 0.2242187 0.0171875 0.0500000
4 0.7281250 0.4937500 0.0302083 0.0250000
5 0.4203125 0.6554688 0.0208333 0.0375000
1 0.5078125 0.4066406 0.0302083 0.0195312
1 0.4763021 0.2531250 0.0171875 0.0218750
1 0.6075521 0.2523437 0.0151042 0.0390625
0 0.5440104 0.7390625 0.0244792 0.0375000
10 0.5338542 0.8328125 0.0312500 0.0296875
10 0.5187500 0.3816406 0.0250000 0.0257812
6 0.6625000 0.4765625 0.0281250 0.0328125
9 0.6533854 0.6332031 0.0276042 0.0273438
