1 0.4807292 0.6105469 0.0177083 0.0304687
1 0.7609375 0.3484375 0.0229167 0.0546875
1 0.4028646 0.8863281 0.0223958 0.0617188
5 0.5447917 0.5234375 0.0187500 0.0359375
0 0.7200521 0.4507813 0.0328125 0.0390625
0 0.6414062 0.9214844 0.0286458 0.0507812
5 0.6049479 0.2054688 0.0244792 0.0484375
1 0.2080729 0.3527344 0.0348958 0.0429688
5 0.5544271 0.1613281 0.0213542 0.0257812
1 0.6619792 0.3796875 0.0197917 0.0562500
0 0.4622396 0.2175781 0.0338542 0.0242188
5 0.6731771 0.8011719 0.0369792 0.0289063
3 0.5789062 0.5546875 0.0328125 0.0343750
5 0.7572917 0.7812500 0.0375000 0.0328125
5 0.6942708 0.2937500 0.0197917 0.0531250
2 0.4007812 0.8234375 0.0390625 0.0296875
2 0.5679688 0.7042969 0.0380208 0.0273438
0 0.4195313 0.3484375 0.0192708 0.0390625
5 0.3776042 0.1203125 0.0197917 0.0609375
2 0.4981771 0.6777344 0.0317708 0.0289063
0 0.2843750 0.2144531 0.0354167 0.0304687
0 0.3416667 0.2667969 0.0364583 0.0242188
4 0.5729167 0.3468750 0.0218750 0.0421875
0 0.6294271 0.3148437 0.0182292 0.0390625
0 0.4406250 0.2140625 0.0322917 0.0265625
4 0.5822917 0.2449219 0.0270833 0.0242188
5 0.6140625 0.6718750 0.0354167 0.0312500
3 0.4755208 0.4492188 0.0270833 0.0281250
3 0.4059896 0.4582031 0.0328125 0.0304687
4 0.4846354 0.7640625 0.0338542 0.0250000
3 0.4533854 0.6394531 0.0182292 0.0585938
9 0.3914063 0.8027344 0.0369792 0.0351562
11 0.7205729 0.5835938 0.0338542 0.0406250
11 0.4109375 0.7289062 0.0229167 0.0531250
11 0.4562500 0.5117188 0.0281250 0.0562500
9 0.4794271 0.0824219 0.0234375 0.0570312
6 0.7135417 0.4542969 0.0354167 0.0351562
8 0.6351562 0.5816406 0.0348958 0.0382813
8 0.5442708 0.3128906 0.0281250 0.0382813
8 0.4773438 0.8613281 0.0348958 0.0367188
8 0.6643229 0.5203125 0.0380208 0.0437500
10 0.5354167 0.6683594 0.0312500 0.0320312
6 0.6184896 0.5726562 0.0380208 0.0421875
8 0.7093750 0.2675781 0.0322917 0.0351562
7 0.3937500 0.4093750 0.0250000 0.0562500
7 0.6630208 0.6351562 0.0260417 0.0562500
6 0.5945312 0.3925781 0.0223958 0.0507812
