4 0.5588542 0.3601563 0.0395833 0.0609375
4 0.5140625 0.6304688 0.0302083 0.0500000
1 0.4966146 0.2796875 0.0234375 0.0546875
1 0.5083333 0.6746094 0.0218750 0.0460938
4 0.3421875 0.5222656 0.0260417 0.0351562
3 0.4815104 0.0339844 0.0484375 0.0335937
0 0.6562500 0.2910156 0.0229167 0.0367188
0 0.3919271 0.7101563 0.0328125 0.0609375
3 0.5585938 0.5621094 0.0442708 0.0304687
1 0.5002604 0.1488281 0.0494792 0.0367188
2 0.4731771 0.3402344 0.0265625 0.0632812
0 0.5609375 0.5820312 0.0416667 0.0375000
1 0.6598958 0.5636719 0.0458333 0.0351562
3 0.6466146 0.4949219 0.0421875 0.0304687
3 0.3393229 0.7015625 0.0234375 0.0640625
2 0.6812500 0.7511719 0.0239583 0.0335937
5 0.3322917 0.2527344 0.0427083 0.0507812
3 0.7395833 0.5992188 0.0468750 0.0359375
3 0.6380208 0.5785156 0.0510417 0.0335937
5 0.2502604 0.4539063 0.0515625 0.0484375
5 0.2776042 0.4679687 0.0229167 0.0343750
4 0.6833333 0.4343750 0.0218750 0.0390625
1 0.5015625 0.2480469 0.0239583 0.0804688
2 0.6736979 0.4648438 0.0526042 0.0375000
3 0.6221354 0.7699219 0.0276042 0.0429688
4 0.5437500 0.4687500 0.0291667 0.0515625
0 0.3502604 0.5277344 0.0203125 0.0679687
0 0.5109375 0.5281250 0.0364583 0.0578125
1 0.6453125 0.0667969 0.0520833 0.0351562
2 0.6786458 0.7371094 0.0458333 0.0289063
3 0.5677083 0.4300781 0.0343750 0.0414062
0 0.7414063 0.6429687 0.0484375 0.0328125
4 0.5049479 0.2628906 0.0432292 0.0460938
3 0.5835938 0.3355469 0.0484375 0.0414062
1 0.3234375 0.5167969 0.0531250 0.0445313
1 0.6937500 0.6886719 0.0500000 0.0414062
1 0.3497396 0.4683594 0.0296875 0.0789062
5 0.5820312 0.5375000 0.0401042 0.0453125
1 0.6859375 0.3562500 0.0500000 0.0453125
2 0.7190104 0.6988281 0.0526042 0.0382813
0 0.3174479 0.4488281 0.0463542 0.0414062
4 0.4760417 0.4308594 0.0468750 0.0320312
4 0.3458333 0.4410156 0.0406250 0.0351562
2 0.5127604 0.2808594 0.0317708 0.0335937
5 0.3619792 0.6886719 0.0510417 0.0507812
3 0.3697917 0.3898437 0.0489583 0.0312500
5 0.5494792 0.3804688 0.0458333 0.0328125
4 0.5606771 0.7335938 0.0203125 0.0390625
4 0.4151042 0.3195312 0.0406250 0.0515625
1 0.6757812 0.7082031 0.0223958 0.0289063
0 0.5799479 0.5390625 0.0432292 0.0343750
3 0.5109375 0.5679688 0.0270833 0.0343750
3 0.5216146 0.6644531 0.0276042 0.0789062
3 0.6679688 0.7339844 0.0213542 0.0679687
5 0.5130208 0.6066406 0.0239583 0.0382813
4 0.6583333 0.4394531 0.0270833 0.0632812
1 0.5684896 0.2125000 0.0223958 0.0375000
2 0.4177083 0.5324219 0.0479167 0.0289063
2 0.4367187 0.3656250 0.0213542 0.0421875
5 0.6429687 0.3402344 0.0213542 0.0710937
0 0.3572917 0.5707031 0.0500000 0.0335937
4 0.5213542 0.1414063 0.0197917 0.0500000
1 0.6747396 0.3562500 0.0328125 0.0375000
0 0.5057292 0.5675781 0.0468750 0.0367188
2 0.6260417 0.5781250 0.0479167 0.0390625
3 0.3622396 0.3671875 0.0453125 0.0265625
1 0.5765625 0.1390625 0.0270833 0.0765625
1 0.4414062 0.1550781 0.0338542 0.0570312
0 0.3484375 0.4503906 0.0354167 0.0367188
3 0.7380208 0.7667969 0.0427083 0.0398437
4 0.4945312 0.2546875 0.0286458 0.0687500
3 0.5304688 0.8437500 0.0234375 0.0359375
0 0.2932292 0.3234375 0.0552083 0.0406250
4 0.3895833 0.5980469 0.0458333 0.0304687
2 0.5815104 0.5183594 0.0494792 0.0429688
9 0.6442708 0.2851562 0.0437500 0.0484375
7 0.4804688 0.2750000 0.0276042 0.0593750
7 0.4809896 0.5113281 0.0442708 0.0460938
9 0.6294271 0.2687500 0.0453125 0.0765625
7 0.5416667 0.4707031 0.0437500 0.0601563
7 0.6476563 0.6035156 0.0442708 0.0523438
9 0.5354167 0.5863281 0.0437500 0.0445313
7 0.5710937 0.7089844 0.0421875 0.0414062
7 0.6588542 0.6792969 0.0458333 0.0445313
6 0.4492188 0.3304687 0.0421875 0.0515625
8 0.4877604 0.4589844 0.0286458 0.0632812
8 0.5640625 0.6050781 0.0447917 0.0523438
10 0.4645833 0.4394531 0.0322917 0.0570312
8 0.4546875 0.1558594 0.0333333 0.0757812
11 0.5020833 0.4757812 0.0458333 0.0609375
7 0.2953125 0.5328125 0.0385417 0.0578125
7 0.4981771 0.5656250 0.0473958 0.0656250
10 0.7101563 0.6207031 0.0473958 0.0539063
11 0.3796875 0.6722656 0.0437500 0.0429688
8 0.4539063 0.7273437 0.0442708 0.0562500
