2 0.4940104 0.3625000 0.0171875 0.0265625
3 0.2908854 0.3003906 0.0192708 0.0351562
4 0.6880208 0.3187500 0.0375000 0.0265625
3 0.6416667 0.4710937 0.0375000 0.0312500
7 0.5572917 0.1570313 0.0333333 0.0328125
9 0.5153646 0.4808594 0.0338542 0.0414062
9 0.6315104 0.4546875 0.0213542 0.0328125
6 0.5309896 0.4734375 0.0359375 0.0390625
11 0.5546875 0.5289063 0.0385417 0.0390625
11 0.6726562 0.3437500 0.0328125 0.0312500
6 0.4466146 0.4347656 0.0338542 0.0335937
11 0.3567708 0.1066406 0.0270833 0.0492187
8 0.3333333 0.2804687 0.0229167 0.0531250
11 0.5138021 0.7730469 0.0328125 0.0382813
7 0.3216146 0.6871094 0.0223958 0.0492187
8 0.5291667 0.3250000 0.0312500 0.0515625
8 0.2848958 0.5496094 0.0364583 0.0351562
