0 0.5414062 0.2976563 0.0182292 0.0515625
5 0.4471354 0.7210937 0.0213542 0.0390625
0 0.7091146 0.3011719 0.0380208 0.0242188
0 0.2937500 0.6125000 0.0270833 0.0453125
4 0.4854167 0.5906250 0.0333333 0.0250000
1 0.6812500 0.4523437 0.0364583 0.0281250
0 0.4315104 0.6718750 0.0192708 0.0343750
2 0.2554688 0.2906250 0.0171875 0.0531250
4 0.5468750 0.5683594 0.0343750 0.0273438
1 0.3958333 0.2531250 0.0218750 0.0265625
2 0.7703125 0.6484375 0.0333333 0.0281250
2 0.5091146 0.5402344 0.0328125 0.0320312
2 0.3223958 0.6437500 0.0218750 0.0390625
3 0.3611979 0.4769531 0.0348958 0.0382813
5 0.7359375 0.2750000 0.0395833 0.0218750
3 0.6229167 0.3535156 0.0156250 0.0507812
1 0.7122396 0.4082031 0.0328125 0.0351562
3 0.6638021 0.4945312 0.0317708 0.0375000
4 0.6039062 0.4851563 0.0359375 0.0343750
0 0.2312500 0.4570312 0.0343750 0.0281250
9 0.5158854 0.7398438 0.0359375 0.0406250
6 0.5729167 0.4761719 0.0312500 0.0320312
8 0.7471354 0.2968750 0.0338542 0.0328125
6 0.6252604 0.7121094 0.0328125 0.0320312
8 0.4653646 0.4609375 0.0338542 0.0359375
8 0.3437500 0.1226562 0.0364583 0.0359375
7 0.5807292 0.1414063 0.0354167 0.0343750
8 0.7239583 0.3828125 0.0239583 0.0359375
9 0.3416667 0.3359375 0.0333333 0.0343750
11 0.3750000 0.2539062 0.0354167 0.0343750
7 0.6950521 0.3226562 0.0328125 0.0343750
11 0.5822917 0.2066406 0.0281250 0.0539063
6 0.4966146 0.6695313 0.0338542 0.0421875
6 0.3989583 0.3007812 0.0333333 0.0328125
10 0.7695312 0.5210938 0.0348958 0.0359375
6 0.5984375 0.3144531 0.0354167 0.0335937
7 0.6473958 0.5386719 0.0270833 0.0507812
7 0.5570312 0.5042969 0.0307292 0.0398437
7 0.5200521 0.5234375 0.0213542 0.0390625
11 0.6859375 0.3132813 0.0250000 0.0375000
