3 0.4843750 0.8292969 0.0239583 0.0195312
5 0.6156250 0.7957031 0.0135417 0.0429688
3 0.6070313 0.5210938 0.0307292 0.0250000
5 0.5255208 0.0824219 0.0229167 0.0367188
1 0.7174479 0.3601563 0.0276042 0.0250000
2 0.5411458 0.6308594 0.0145833 0.0210938
4 0.4143229 0.4140625 0.0265625 0.0218750
5 0.6617188 0.6406250 0.0265625 0.0234375
1 0.6861979 0.4769531 0.0276042 0.0226562
0 0.5619792 0.3066406 0.0239583 0.0195312
1 0.3140625 0.3898437 0.0135417 0.0437500
3 0.7085938 0.6484375 0.0317708 0.0234375
4 0.4145833 0.4597656 0.0156250 0.0335937
5 0.4557292 0.2320312 0.0312500 0.0218750
3 0.4114583 0.6921875 0.0156250 0.0203125
4 0.3429687 0.4921875 0.0140625 0.0234375
2 0.3869792 0.7636719 0.0177083 0.0335937
5 0.2760417 0.4046875 0.0197917 0.0265625
5 0.4005208 0.2929688 0.0291667 0.0281250
5 0.5864583 0.5078125 0.0270833 0.0218750
0 0.4799479 0.4507813 0.0151042 0.0406250
1 0.6796875 0.4488281 0.0302083 0.0289063
2 0.5986979 0.5558594 0.0286458 0.0210938
2 0.2872396 0.3117187 0.0255208 0.0265625
2 0.4934896 0.8589844 0.0244792 0.0320312
2 0.3658854 0.8691406 0.0151042 0.0382813
0 0.5802083 0.2207031 0.0291667 0.0242188
0 0.3911458 0.5070313 0.0135417 0.0312500
5 0.5796875 0.5406250 0.0281250 0.0218750
3 0.3911458 0.4808594 0.0302083 0.0226562
2 0.4856771 0.8660156 0.0255208 0.0351562
0 0.7145833 0.2820313 0.0302083 0.0265625
5 0.4638021 0.5453125 0.0182292 0.0390625
0 0.7973958 0.4257812 0.0218750 0.0390625
5 0.3953125 0.8933594 0.0312500 0.0226562
1 0.4747396 0.6738281 0.0286458 0.0226562
0 0.5195312 0.7406250 0.0286458 0.0234375
3 0.2268229 0.3496094 0.0286458 0.0242188
1 0.3848958 0.3847656 0.0166667 0.0226562
3 0.4921875 0.1574219 0.0260417 0.0335937
4 0.3575521 0.5500000 0.0130208 0.0421875
5 0.6473958 0.5937500 0.0270833 0.0203125
1 0.6955729 0.6394531 0.0203125 0.0476562
5 0.5450521 0.8113281 0.0161458 0.0445313
5 0.5682292 0.3035156 0.0239583 0.0304687
1 0.6664062 0.5117188 0.0223958 0.0343750
1 0.5994792 0.2027344 0.0302083 0.0195312
3 0.5919271 0.5531250 0.0151042 0.0203125
0 0.5372396 0.0992187 0.0244792 0.0218750
2 0.4346354 0.6113281 0.0171875 0.0414062
5 0.2971354 0.4296875 0.0161458 0.0328125
2 0.4750000 0.3718750 0.0239583 0.0234375
2 0.7744792 0.5933594 0.0250000 0.0429688
1 0.3963542 0.8066406 0.0312500 0.0179687
0 0.4937500 0.5378906 0.0270833 0.0148437
3 0.4250000 0.3113281 0.0197917 0.0320312
5 0.4072917 0.5671875 0.0145833 0.0312500
1 0.5575521 0.4792969 0.0307292 0.0179687
4 0.5789062 0.7871094 0.0307292 0.0226562
5 0.5515625 0.2347656 0.0291667 0.0210938
1 0.5111979 0.2746094 0.0286458 0.0164063
2 0.5656250 0.3246094 0.0322917 0.0195312
6 0.6692708 0.2570312 0.0302083 0.0312500
7 0.5768229 0.2101562 0.0265625 0.0265625
11 0.5338542 0.6359375 0.0260417 0.0343750
6 0.5263021 0.8148437 0.0286458 0.0281250
10 0.6736979 0.2785156 0.0192708 0.0289063
6 0.6760417 0.5261719 0.0270833 0.0273438
7 0.4127604 0.6503906 0.0234375 0.0257812
6 0.6846354 0.6566406 0.0276042 0.0273438
9 0.5028646 0.2085937 0.0265625 0.0328125
8 0.3684896 0.3488281 0.0213542 0.0273438
9 0.4750000 0.1585938 0.0187500 0.0421875
