5 0.5963542 0.6687500 0.0135417 0.0406250
1 0.4546875 0.7531250 0.0270833 0.0187500
0 0.5898438 0.2472656 0.0286458 0.0242188
4 0.3848958 0.4660156 0.0302083 0.0210938
5 0.6414062 0.7214844 0.0213542 0.0382813
1 0.7346354 0.8066406 0.0119792 0.0335937
3 0.4078125 0.8472656 0.0187500 0.0210938
1 0.6221354 0.6585937 0.0276042 0.0234375
0 0.4690104 0.3250000 0.0171875 0.0234375
2 0.2872396 0.6234375 0.0182292 0.0203125
1 0.5098958 0.7261719 0.0260417 0.0304687
5 0.2721354 0.4210937 0.0307292 0.0234375
1 0.6255208 0.6019531 0.0229167 0.0242188
5 0.4703125 0.6730469 0.0270833 0.0210938
3 0.3489583 0.3003906 0.0239583 0.0320312
1 0.5638021 0.5914063 0.0244792 0.0218750
2 0.3726563 0.6214844 0.0140625 0.0226562
3 0.5768229 0.4453125 0.0203125 0.0250000
0 0.3731771 0.8375000 0.0119792 0.0234375
4 0.4442708 0.7363281 0.0156250 0.0210938
0 0.6294271 0.1625000 0.0234375 0.0265625
0 0.6151042 0.2910156 0.0145833 0.0226562
3 0.5057292 0.2046875 0.0229167 0.0203125
3 0.5786458 0.2718750 0.0239583 0.0296875
2 0.3924479 0.4062500 0.0192708 0.0234375
3 0.4526042 0.4929688 0.0229167 0.0296875
0 0.4916667 0.8339844 0.0135417 0.0210938
5 0.4179688 0.4875000 0.0244792 0.0203125
4 0.3098958 0.2656250 0.0250000 0.0281250
5 0.5593750 0.6875000 0.0229167 0.0171875
3 0.6088542 0.5351562 0.0135417 0.0281250
4 0.5622396 0.7003906 0.0119792 0.0179687
0 0.7315104 0.2742188 0.0140625 0.0453125
0 0.3747396 0.6316406 0.0171875 0.0257812
1 0.6851563 0.3359375 0.0255208 0.0250000
1 0.5429688 0.4414062 0.0276042 0.0218750
4 0.6278646 0.3871094 0.0255208 0.0257812
0 0.4231771 0.5882812 0.0234375 0.0265625
2 0.5473958 0.6253906 0.0145833 0.0195312
3 0.5291667 0.4343750 0.0208333 0.0218750
4 0.5473958 0.3636719 0.0187500 0.0289063
2 0.6098958 0.6417969 0.0156250 0.0226562
1 0.2101562 0.5074219 0.0171875 0.0210938
5 0.3494792 0.6457031 0.0302083 0.0195312
2 0.5682292 0.3210938 0.0208333 0.0343750
5 0.3578125 0.3273437 0.0260417 0.0234375
0 0.5898438 0.2753906 0.0276042 0.0195312
2 0.6783854 0.4636719 0.0265625 0.0226562
8 0.2671875 0.4503906 0.0270833 0.0351562
8 0.7218750 0.8242188 0.0270833 0.0328125
9 0.2671875 0.3812500 0.0229167 0.0296875
9 0.5734375 0.2039063 0.0208333 0.0359375
9 0.4385417 0.1769531 0.0229167 0.0382813
8 0.5708333 0.8597656 0.0218750 0.0273438
6 0.4919271 0.6902344 0.0244792 0.0242188
6 0.6268229 0.3933594 0.0223958 0.0367188
10 0.4947917 0.5960937 0.0239583 0.0234375
10 0.7041667 0.5539063 0.0229167 0.0390625
6 0.4049479 0.0929688 0.0203125 0.0421875
10 0.4447917 0.4015625 0.0229167 0.0265625
9 0.4455729 0.8109375 0.0265625 0.0265625
8 0.7580729 0.5761719 0.0234375 0.0382813
7 0.6580729 0.4363281 0.0265625 0.0335937
6 0.4901042 0.5375000 0.0229167 0.0390625
7 0.4992187 0.3343750 0.0234375 0.0234375
6 0.4382813 0.7554688 0.0265625 0.0265625
