5 0.7427083 0.4378906 0.0593750 0.0585938
3 0.6341146 0.6597656 0.0348958 0.0648438
4 0.5158854 0.4515625 0.0296875 0.0562500
1 0.5182292 0.2000000 0.0520833 0.0375000
1 0.2851562 0.6726562 0.0713542 0.0468750
0 0.4101562 0.7250000 0.0463542 0.0875000
3 0.7669271 0.5867187 0.0619792 0.0968750
0 0.6416667 0.4066406 0.0760417 0.0429688
2 0.4807292 0.6750000 0.0458333 0.0890625
2 0.2802083 0.2078125 0.0718750 0.0609375
2 0.2953125 0.3183594 0.0364583 0.0445313
2 0.4976563 0.2285156 0.0317708 0.0523438
1 0.5367188 0.3039062 0.0703125 0.0484375
3 0.4924479 0.5367188 0.0442708 0.0875000
3 0.5869792 0.4472656 0.0562500 0.0617188
0 0.4838542 0.4628906 0.0531250 0.0523438
2 0.4820313 0.1882813 0.0421875 0.0812500
4 0.3716146 0.6246094 0.0307292 0.0648438
3 0.6609375 0.2531250 0.0718750 0.0562500
4 0.7153646 0.5980469 0.0526042 0.0898438
1 0.7312500 0.5097656 0.0656250 0.0539063
7 0.5539063 0.8375000 0.0567708 0.0906250
