4 0.5549479 0.8386719 0.0213542 0.0335937
3 0.4486979 0.4042969 0.0255208 0.0304687
5 0.7098958 0.2511719 0.0302083 0.0242188
5 0.5606771 0.2519531 0.0296875 0.0242188
5 0.4427083 0.4109375 0.0312500 0.0218750
2 0.5197917 0.2414062 0.0312500 0.0265625
5 0.6559896 0.6453125 0.0244792 0.0234375
1 0.6588542 0.6054688 0.0291667 0.0281250
1 0.5294271 0.3812500 0.0265625 0.0187500
2 0.6578125 0.5753906 0.0187500 0.0367188
1 0.4242187 0.8074219 0.0161458 0.0398437
5 0.6182292 0.7960938 0.0177083 0.0281250
4 0.6117187 0.5406250 0.0203125 0.0234375
4 0.4171875 0.5453125 0.0291667 0.0187500
1 0.5122396 0.4011719 0.0265625 0.0226562
5 0.3846354 0.4339844 0.0171875 0.0304687
2 0.7093750 0.6082031 0.0322917 0.0289063
0 0.7583333 0.5789062 0.0302083 0.0265625
4 0.6942708 0.6171875 0.0145833 0.0437500
0 0.6932292 0.6019531 0.0281250 0.0257812
5 0.6072917 0.5031250 0.0291667 0.0203125
0 0.3901042 0.8835937 0.0187500 0.0453125
4 0.3773437 0.2378906 0.0151042 0.0164063
2 0.3588542 0.2355469 0.0229167 0.0320312
0 0.3807292 0.9269531 0.0145833 0.0335937
0 0.3953125 0.5703125 0.0145833 0.0328125
2 0.6440104 0.7281250 0.0286458 0.0250000
4 0.3627604 0.6613281 0.0119792 0.0367188
1 0.6257812 0.6796875 0.0151042 0.0421875
0 0.2890625 0.7050781 0.0302083 0.0210938
5 0.4270833 0.6375000 0.0145833 0.0359375
1 0.4895833 0.7789063 0.0166667 0.0250000
1 0.4080729 0.6355469 0.0317708 0.0226562
3 0.2367188 0.4445312 0.0151042 0.0343750
8 0.4432292 0.7031250 0.0291667 0.0343750
11 0.4104167 0.6109375 0.0270833 0.0312500
6 0.2768229 0.5750000 0.0286458 0.0281250
10 0.4164062 0.4511719 0.0234375 0.0398437
10 0.5486979 0.6792969 0.0223958 0.0273438
7 0.3682292 0.3964844 0.0281250 0.0351562
7 0.4986979 0.5863281 0.0255208 0.0304687
7 0.5981771 0.4695313 0.0276042 0.0265625
9 0.5747396 0.4445312 0.0244792 0.0359375
10 0.4809896 0.4253906 0.0265625 0.0257812
6 0.5690104 0.6875000 0.0244792 0.0281250
8 0.3398438 0.4000000 0.0223958 0.0328125
7 0.3958333 0.3542969 0.0197917 0.0445313
11 0.4244792 0.3898437 0.0177083 0.0359375
9 0.6307292 0.8613281 0.0281250 0.0335937
10 0.7125000 0.3792969 0.0250000 0.0257812
8 0.6565104 0.4875000 0.0244792 0.0234375
10 0.7122396 0.5031250 0.0296875 0.0359375
9 0.5361979 0.5871094 0.0192708 0.0445313
