4 0.4125000 0.8437500 0.1500000 0.1031250
3 0.7635417 0.4882812 0.1375000 0.1140625
5 0.3578125 0.6089844 0.1229167 0.1039063
2 0.2739583 0.4121094 0.1395833 0.1085938
1 0.3955729 0.2609375 0.0911458 0.1015625
1 0.5440104 0.3535156 0.1338542 0.1476562
1 0.4690104 0.7441406 0.1005208 0.1398437
9 0.2666667 0.4597656 0.1479167 0.1414063
6 0.8312500 0.8371094 0.1364583 0.1304687
8 0.5406250 0.7523437 0.1364583 0.1312500
8 0.4851563 0.4480469 0.1244792 0.1695312
9 0.6929688 0.8367187 0.1390625 0.1609375
10 0.7203125 0.5738281 0.1218750 0.1835938
10 0.3182292 0.7078125 0.1291667 0.1828125
10 0.8276042 0.4398437 0.1385417 0.1421875
9 0.5046875 0.3609375 0.0979167 0.1671875
8 0.6731771 0.5769531 0.1328125 0.1273438
7 0.6898437 0.4769531 0.1411458 0.1804688
7 0.8002604 0.6660156 0.1369792 0.1429688
6 0.3885417 0.4324219 0.0916667 0.1445312
