5 0.5052083 0.1113281 0.0510417 0.0945312
3 0.5544271 0.3945312 0.0328125 0.0921875
5 0.6122396 0.2609375 0.0598958 0.0609375
2 0.5455729 0.4050781 0.0713542 0.0570312
1 0.4549479 0.1125000 0.0526042 0.0765625
3 0.5583333 0.6167969 0.0395833 0.1023437
3 0.5395833 0.6101562 0.0718750 0.0609375
2 0.5882812 0.5273438 0.0598958 0.0500000
5 0.6210938 0.0949219 0.0453125 0.0664062
3 0.6882812 0.7785156 0.0703125 0.0492187
1 0.5859375 0.4769531 0.0614583 0.0617188
5 0.7000000 0.6089844 0.0416667 0.0585938
0 0.6953125 0.2789063 0.0322917 0.0625000
2 0.5455729 0.1000000 0.0442708 0.0562500
0 0.4315104 0.4910156 0.0473958 0.0585938
2 0.6622396 0.7500000 0.0682292 0.0500000
5 0.3812500 0.7777344 0.0666667 0.0445313
2 0.4872396 0.4199219 0.0515625 0.0617188
2 0.6031250 0.2863281 0.0385417 0.0648438
1 0.4341146 0.5644531 0.0317708 0.1117188
3 0.4843750 0.9285156 0.0437500 0.0976562
4 0.3734375 0.4917969 0.0406250 0.0460938
4 0.3953125 0.5535156 0.0635417 0.0867187
3 0.3414063 0.6433594 0.0598958 0.0445313
4 0.4687500 0.4312500 0.0489583 0.0953125
0 0.6658854 0.8035156 0.0671875 0.0476562
4 0.6080729 0.6699219 0.0651042 0.0445313
4 0.6028646 0.5359375 0.0630208 0.0718750
5 0.4424479 0.1671875 0.0651042 0.0421875
4 0.5312500 0.5195312 0.0687500 0.0437500
3 0.3963542 0.7457031 0.0333333 0.0976562
1 0.6817708 0.4214844 0.0552083 0.0789062
1 0.4619792 0.5625000 0.0489583 0.0781250
4 0.5882812 0.4191406 0.0588542 0.0585938
0 0.6307292 0.5914063 0.0729167 0.0484375
4 0.3473958 0.6507812 0.0510417 0.0562500
0 0.5554687 0.6402344 0.0411458 0.0570312
5 0.5708333 0.1839844 0.0260417 0.1023437
4 0.5971354 0.4714844 0.0630208 0.0429688
0 0.7697917 0.4828125 0.0739583 0.0640625
0 0.4783854 0.4781250 0.0421875 0.0484375
5 0.3544271 0.6773438 0.0359375 0.0484375
1 0.3859375 0.6941406 0.0395833 0.0851563
0 0.4986979 0.3847656 0.0442708 0.0492187
2 0.5450521 0.3417969 0.0609375 0.0601563
3 0.6244792 0.3601563 0.0343750 0.0921875
4 0.2864583 0.7210937 0.0708333 0.0687500
3 0.7096354 0.8324219 0.0348958 0.1007813
3 0.5328125 0.1449219 0.0625000 0.0601563
4 0.3752604 0.4328125 0.0432292 0.0546875
0 0.4976563 0.3367188 0.0557292 0.0406250
2 0.5078125 0.4027344 0.0697917 0.0820312
2 0.5291667 0.5875000 0.0354167 0.0546875
1 0.8153646 0.4539063 0.0536458 0.0468750
4 0.7364583 0.5246094 0.0562500 0.0648438
1 0.2518229 0.6976562 0.0755208 0.0578125
1 0.6695313 0.2617188 0.0421875 0.0515625
4 0.6583333 0.3648438 0.0302083 0.0953125
4 0.2885417 0.6859375 0.0645833 0.0406250
3 0.5695313 0.5941406 0.0453125 0.0460938
1 0.5601563 0.4894531 0.0390625 0.0992187
0 0.4088542 0.6636719 0.0489583 0.0992187
4 0.4111979 0.2394531 0.0411458 0.0476562
3 0.7054687 0.6109375 0.0380208 0.0640625
5 0.4502604 0.4929688 0.0692708 0.0515625
1 0.5078125 0.1375000 0.0656250 0.0468750
1 0.5815104 0.7718750 0.0390625 0.1062500
2 0.5638021 0.6750000 0.0411458 0.0421875
6 0.4039063 0.8214844 0.0578125 0.0914062
9 0.5674479 0.6421875 0.0442708 0.0703125
6 0.6223958 0.6429687 0.0406250 0.0937500
10 0.5263021 0.4683594 0.0526042 0.0554687
11 0.4541667 0.4097656 0.0531250 0.0835937
11 0.2986979 0.4917969 0.0619792 0.0804688
8 0.3666667 0.3789062 0.0687500 0.0843750
9 0.4703125 0.7988281 0.0427083 0.0960938
8 0.7276042 0.5132813 0.0572917 0.0968750
8 0.2890625 0.2019531 0.0593750 0.0835937
7 0.6075521 0.2746094 0.0588542 0.0757812
8 0.5330729 0.1101562 0.0651042 0.0953125
