2 0.7177083 0.4765625 0.0281250 0.0203125
3 0.6716146 0.8031250 0.0255208 0.0203125
1 0.5460938 0.7921875 0.0213542 0.0328125
4 0.4955729 0.2847656 0.0255208 0.0273438
3 0.3145833 0.3812500 0.0260417 0.0234375
4 0.5445313 0.1269531 0.0286458 0.0242188
4 0.5171875 0.5308594 0.0291667 0.0179687
4 0.6656250 0.3585937 0.0281250 0.0171875
5 0.5171875 0.3781250 0.0187500 0.0171875
1 0.6148438 0.7289062 0.0171875 0.0171875
5 0.6065104 0.2968750 0.0286458 0.0250000
4 0.3080729 0.4652344 0.0276042 0.0179687
2 0.2763021 0.7625000 0.0140625 0.0296875
1 0.4627604 0.5886719 0.0182292 0.0304687
5 0.7377604 0.6207031 0.0286458 0.0289063
0 0.6429687 0.6558594 0.0213542 0.0242188
5 0.5320312 0.2269531 0.0276042 0.0226562
0 0.4770833 0.6457031 0.0145833 0.0398437
5 0.3781250 0.5550781 0.0260417 0.0195312
0 0.7416667 0.3730469 0.0260417 0.0304687
1 0.7658854 0.3683594 0.0182292 0.0273438
4 0.3835938 0.5156250 0.0265625 0.0218750
0 0.5148438 0.3332031 0.0265625 0.0195312
5 0.4986979 0.3523438 0.0192708 0.0171875
2 0.5466146 0.2105469 0.0130208 0.0414062
1 0.5531250 0.3152344 0.0260417 0.0210938
0 0.5375000 0.5843750 0.0197917 0.0250000
5 0.6710938 0.4988281 0.0296875 0.0226562
3 0.3414063 0.4917969 0.0276042 0.0226562
0 0.4130208 0.8332031 0.0135417 0.0414062
3 0.4153646 0.8789062 0.0255208 0.0343750
3 0.5093750 0.5062500 0.0177083 0.0390625
1 0.5044271 0.1222656 0.0223958 0.0320312
3 0.3669271 0.1636719 0.0161458 0.0289063
4 0.5406250 0.3042969 0.0260417 0.0304687
1 0.4864583 0.6527344 0.0166667 0.0351562
2 0.3877604 0.4878906 0.0182292 0.0367188
5 0.4835937 0.4230469 0.0140625 0.0320312
1 0.3463542 0.2957031 0.0156250 0.0445313
0 0.6513021 0.2472656 0.0255208 0.0289063
1 0.6656250 0.3078125 0.0250000 0.0171875
4 0.5075521 0.8757812 0.0171875 0.0390625
2 0.5315104 0.6781250 0.0192708 0.0187500
5 0.5757813 0.5933594 0.0286458 0.0195312
3 0.5000000 0.3699219 0.0156250 0.0414062
2 0.6127604 0.3484375 0.0182292 0.0390625
1 0.3481771 0.3039062 0.0130208 0.0437500
1 0.4966146 0.2015625 0.0203125 0.0218750
1 0.4268229 0.4082031 0.0244792 0.0226562
3 0.4453125 0.5125000 0.0302083 0.0203125
0 0.6125000 0.4117188 0.0270833 0.0234375
3 0.6356771 0.6785156 0.0265625 0.0210938
4 0.3888021 0.8226562 0.0244792 0.0328125
4 0.3906250 0.4765625 0.0177083 0.0343750
1 0.6898437 0.5812500 0.0182292 0.0406250
3 0.6270833 0.5816406 0.0229167 0.0257812
5 0.5804687 0.3226562 0.0234375 0.0218750
3 0.4093750 0.2136719 0.0239583 0.0195312
5 0.5341146 0.3816406 0.0182292 0.0210938
5 0.4140625 0.5437500 0.0125000 0.0359375
10 0.4125000 0.3753906 0.0208333 0.0242188
6 0.3072917 0.2593750 0.0260417 0.0312500
10 0.4690104 0.2523437 0.0276042 0.0265625
7 0.3445313 0.7199219 0.0161458 0.0367188
7 0.3333333 0.8039063 0.0177083 0.0375000
7 0.6078125 0.6441406 0.0239583 0.0242188
10 0.5088542 0.4250000 0.0177083 0.0296875
9 0.4440104 0.1777344 0.0286458 0.0273438
10 0.6799479 0.4218750 0.0276042 0.0312500
11 0.6580729 0.7503906 0.0255208 0.0273438
6 0.6388021 0.4417969 0.0203125 0.0414062
7 0.4236979 0.4304688 0.0161458 0.0359375
11 0.6369792 0.3511719 0.0187500 0.0382813
6 0.6236979 0.3906250 0.0265625 0.0265625
6 0.5307292 0.6000000 0.0250000 0.0250000
8 0.2973958 0.3406250 0.0197917 0.0437500
11 0.7700521 0.4468750 0.0255208 0.0281250
10 0.4364583 0.8148437 0.0166667 0.0234375
6 0.4096354 0.6253906 0.0161458 0.0335937
11 0.5549479 0.5589844 0.0223958 0.0335937
