1 0.2687500 0.6554688 0.0229167 0.0500000
1 0.3979167 0.3300781 0.0250000 0.0304687
0 0.6453125 0.4460938 0.0375000 0.0281250
4 0.6750000 0.5691406 0.0354167 0.0304687
1 0.4575521 0.6070313 0.0276042 0.0296875
0 0.6278646 0.4921875 0.0390625 0.0296875
5 0.4625000 0.6183594 0.0291667 0.0367188
1 0.7065104 0.6585937 0.0411458 0.0281250
2 0.3315104 0.7578125 0.0411458 0.0218750
3 0.5955729 0.2578125 0.0255208 0.0312500
4 0.2424479 0.5855469 0.0161458 0.0257812
3 0.7234375 0.0839844 0.0218750 0.0398437
3 0.5328125 0.2976563 0.0197917 0.0296875
5 0.4247396 0.7046875 0.0276042 0.0453125
2 0.6153646 0.6175781 0.0411458 0.0335937
0 0.5223958 0.5957031 0.0229167 0.0539063
5 0.6625000 0.6472656 0.0395833 0.0273438
2 0.4315104 0.7757812 0.0401042 0.0265625
5 0.6007813 0.6003906 0.0369792 0.0320312
2 0.6492187 0.8078125 0.0401042 0.0296875
6 0.4984375 0.5339844 0.0343750 0.0351562
6 0.2731771 0.5687500 0.0255208 0.0578125
9 0.4958333 0.6910156 0.0229167 0.0414062
8 0.4401042 0.5679688 0.0229167 0.0343750
