1 0.5033854 0.2597656 0.0505208 0.1351563
1 0.5940104 0.6808594 0.0796875 0.1195313
3 0.4356771 0.2261719 0.0869792 0.0648438
4 0.3585937 0.7703125 0.0755208 0.1296875
1 0.6075521 0.8710938 0.0640625 0.0734375
2 0.6955729 0.3378906 0.0859375 0.0929688
2 0.7234375 0.5453125 0.0697917 0.0718750
4 0.3268229 0.0453125 0.0838542 0.0703125
2 0.4354167 0.5726562 0.0937500 0.0765625
1 0.3971354 0.7363281 0.0776042 0.0804688
2 0.6945313 0.3417969 0.0817708 0.0929688
1 0.6309896 0.4207031 0.0911458 0.0851563
3 0.7104167 0.6359375 0.0885417 0.0593750
3 0.5546875 0.7750000 0.0500000 0.1375000
0 0.3807292 0.5746094 0.0583333 0.1242188
5 0.5424479 0.5683594 0.0526042 0.0648438
3 0.5520833 0.8191406 0.0479167 0.1101562
1 0.4054687 0.4644531 0.0651042 0.0773438
0 0.6708333 0.4824219 0.0812500 0.0648438
0 0.6729167 0.6761719 0.0572917 0.1039063
10 0.4666667 0.7261719 0.0875000 0.0851563
9 0.7158854 0.5929688 0.0546875 0.1015625
9 0.7335938 0.6261719 0.0880208 0.0867187
6 0.6718750 0.4312500 0.0864583 0.1000000
11 0.4343750 0.3746094 0.0541667 0.1257813
10 0.6575521 0.3667969 0.0890625 0.0960938
8 0.6820312 0.4980469 0.0598958 0.0976562
9 0.7674479 0.1808594 0.0848958 0.0898438
7 0.7341146 0.5859375 0.0796875 0.0781250
11 0.5208333 0.5425781 0.0552083 0.0820312
