1 0.6580729 0.6570312 0.0567708 0.0468750
0 0.3398438 0.8074219 0.0588542 0.0617188
3 0.6026042 0.1726563 0.0666667 0.0578125
4 0.8234375 0.5378906 0.0708333 0.0648438
1 0.6250000 0.7730469 0.0656250 0.0726563
2 0.2778646 0.4171875 0.0588542 0.0500000
1 0.6156250 0.5367188 0.0666667 0.0593750
3 0.6065104 0.6550781 0.0463542 0.0523438
5 0.5111979 0.1808594 0.0598958 0.0492187
5 0.7393229 0.3792969 0.0536458 0.0804688
4 0.3263021 0.2886719 0.0640625 0.0492187
5 0.4752604 0.6328125 0.0380208 0.0656250
0 0.3239583 0.5843750 0.0489583 0.0593750
4 0.2453125 0.6296875 0.0739583 0.0640625
4 0.5002604 0.5718750 0.0619792 0.0453125
0 0.3169271 0.4589844 0.0744792 0.0507812
0 0.6671875 0.6578125 0.0656250 0.0640625
0 0.5489583 0.4035156 0.0593750 0.0679687
5 0.5927083 0.0988281 0.0562500 0.0898438
4 0.5601563 0.8468750 0.0557292 0.0515625
5 0.6908854 0.5414062 0.0348958 0.0968750
2 0.4432292 0.8101563 0.0333333 0.0437500
1 0.6763021 0.7097656 0.0786458 0.0601563
5 0.4567708 0.5917969 0.0447917 0.0804688
1 0.5312500 0.1996094 0.0520833 0.1039063
2 0.7447917 0.4750000 0.0354167 0.1062500
3 0.6312500 0.5109375 0.0656250 0.0500000
1 0.5705729 0.3722656 0.0671875 0.0570312
0 0.6244792 0.6882812 0.0510417 0.0687500
0 0.7156250 0.2433594 0.0625000 0.0554687
5 0.5841146 0.6304688 0.0671875 0.0703125
4 0.6101562 0.7125000 0.0640625 0.0656250
0 0.2531250 0.6718750 0.0635417 0.0656250
2 0.5403646 0.4210937 0.0484375 0.0562500
5 0.6309896 0.5847656 0.0682292 0.0539063
4 0.5106771 0.1812500 0.0630208 0.0546875
4 0.6184896 0.4714844 0.0661458 0.0476562
3 0.4171875 0.6156250 0.0760417 0.0656250
5 0.3736979 0.4847656 0.0401042 0.1085938
3 0.4664063 0.6164063 0.0484375 0.0828125
4 0.6669271 0.4468750 0.0619792 0.0750000
1 0.4809896 0.6402344 0.0494792 0.1132812
3 0.7273437 0.4605469 0.0276042 0.0539063
4 0.5934896 0.4937500 0.0526042 0.0437500
3 0.6010417 0.5093750 0.0343750 0.0703125
1 0.1916667 0.6355469 0.0750000 0.0492187
1 0.5757813 0.7859375 0.0432292 0.0656250
5 0.4911458 0.6847656 0.0791667 0.0570312
5 0.6065104 0.6351562 0.0619792 0.0562500
3 0.4971354 0.4390625 0.0692708 0.0671875
5 0.4703125 0.1210938 0.0489583 0.0671875
2 0.5822917 0.5488281 0.0666667 0.0429688
2 0.4341146 0.2992187 0.0703125 0.0500000
8 0.3755208 0.8718750 0.0479167 0.0718750
9 0.6023437 0.6355469 0.0682292 0.0664062
6 0.7007813 0.2832031 0.0473958 0.0648438
11 0.4877604 0.7320313 0.0494792 0.1000000
8 0.5208333 0.8152344 0.0645833 0.0773438
11 0.4283854 0.3464844 0.0588542 0.0601563
10 0.5473958 0.5035156 0.0656250 0.0664062
10 0.4523437 0.8371094 0.0463542 0.0960938
11 0.6093750 0.3351562 0.0718750 0.0906250
10 0.3989583 0.8421875 0.0458333 0.1031250
8 0.3695312 0.6140625 0.0651042 0.0718750
8 0.6174479 0.7027344 0.0661458 0.0898438
