0 0.4440104 0.7070312 0.0630208 0.0656250
4 0.5869792 0.5203125 0.0770833 0.0515625
1 0.4651042 0.8316406 0.0520833 0.0945312
1 0.5804687 0.3128906 0.0567708 0.1054688
1 0.7127604 0.6472656 0.0682292 0.0820312
4 0.7940104 0.2050781 0.0411458 0.1242188
4 0.6406250 0.7871094 0.0770833 0.0617188
5 0.6979167 0.2128906 0.0791667 0.0507812
0 0.5182292 0.4320312 0.0479167 0.1250000
1 0.4619792 0.1066406 0.0604167 0.0929688
3 0.7601562 0.3441406 0.0796875 0.0570312
3 0.5908854 0.2445313 0.0557292 0.0781250
1 0.5117188 0.7558594 0.0578125 0.0632812
3 0.6208333 0.7683594 0.0385417 0.0554687
3 0.7046875 0.6382813 0.0510417 0.0890625
0 0.5549479 0.5242187 0.0432292 0.0968750
4 0.4278646 0.7378906 0.0598958 0.0789062
4 0.4208333 0.6515625 0.0500000 0.1203125
1 0.5835938 0.4839844 0.0442708 0.0726563
5 0.4820313 0.4398437 0.0776042 0.0562500
0 0.5953125 0.3648438 0.0395833 0.1265625
2 0.3747396 0.1792969 0.0526042 0.0539063
3 0.4755208 0.0234375 0.0468750 0.0468750
4 0.6005208 0.5906250 0.0552083 0.0625000
2 0.3231771 0.1183594 0.0786458 0.0710937
2 0.5895833 0.7593750 0.0468750 0.1031250
5 0.5255208 0.3804688 0.0812500 0.0468750
5 0.5718750 0.4136719 0.0541667 0.0882813
5 0.4588542 0.4781250 0.0552083 0.0609375
1 0.4382813 0.8742188 0.0473958 0.1109375
3 0.7335938 0.5246094 0.0848958 0.0617188
5 0.6416667 0.3535156 0.0510417 0.1304687
6 0.3963542 0.7878906 0.0635417 0.1195313
11 0.3458333 0.2730469 0.0510417 0.0757812
9 0.6093750 0.0199219 0.0447917 0.0398437
9 0.5208333 0.1085938 0.0718750 0.0750000
8 0.6549479 0.6250000 0.0713542 0.0703125
11 0.4854167 0.7558594 0.0562500 0.0742188
7 0.4406250 0.4757812 0.0739583 0.0812500
9 0.7411458 0.4664063 0.0500000 0.1140625
11 0.5242187 0.8703125 0.0671875 0.0687500
9 0.5979167 0.4472656 0.0697917 0.0976562
10 0.2841146 0.8484375 0.0723958 0.0703125
9 0.4531250 0.7578125 0.0614583 0.1156250
