2 0.6273437 0.4972656 0.0369792 0.0367188
5 0.6841146 0.5093750 0.0463542 0.0390625
5 0.5388021 0.1617187 0.0296875 0.0609375
3 0.4687500 0.5492187 0.0375000 0.0468750
8 0.3119792 0.5906250 0.0427083 0.0609375
8 0.7072917 0.5156250 0.0437500 0.0656250
11 0.4200521 0.4527344 0.0453125 0.0492187
10 0.6484375 0.2191406 0.0437500 0.0507812
10 0.2453125 0.5125000 0.0406250 0.0609375
9 0.5932292 0.4585938 0.0427083 0.0484375
9 0.6653646 0.6480469 0.0442708 0.0445313
9 0.7153646 0.5847656 0.0453125 0.0507812
7 0.6270833 0.9332031 0.0291667 0.0679687
7 0.4833333 0.2296875 0.0364583 0.0406250
9 0.5580729 0.6808594 0.0359375 0.0679687
8 0.6088542 0.4550781 0.0416667 0.0429688
9 0.5093750 0.5847656 0.0437500 0.0429688
8 0.4325521 0.6332031 0.0473958 0.0460938
8 0.3648438 0.3539062 0.0484375 0.0500000
9 0.7619792 0.5617188 0.0458333 0.0656250
6 0.6760417 0.5007812 0.0437500 0.0437500
8 0.7320313 0.7664062 0.0453125 0.0453125
10 0.5481771 0.5550781 0.0453125 0.0585938
11 0.5570312 0.1359375 0.0453125 0.0625000
