4 0.5239583 0.4605469 0.0437500 0.0476562
1 0.4674479 0.8605469 0.0234375 0.0429688
5 0.5911458 0.5671875 0.0197917 0.0718750
1 0.3528646 0.6945313 0.0265625 0.0609375
3 0.4989583 0.7191406 0.0479167 0.0351562
5 0.6140625 0.7339844 0.0416667 0.0351562
4 0.3828125 0.6218750 0.0437500 0.0281250
0 0.5450521 0.9683594 0.0244792 0.0617188
3 0.5601563 0.4144531 0.0453125 0.0304687
4 0.4046875 0.7878906 0.0333333 0.0632812
5 0.4791667 0.5199219 0.0312500 0.0429688
2 0.4872396 0.3300781 0.0286458 0.0648438
2 0.4609375 0.5152344 0.0281250 0.0304687
2 0.5312500 0.1550781 0.0333333 0.0445313
2 0.4151042 0.2203125 0.0302083 0.0453125
3 0.7299479 0.5792969 0.0390625 0.0320312
1 0.4799479 0.9625000 0.0244792 0.0656250
3 0.5481771 0.3003906 0.0255208 0.0757812
4 0.5875000 0.2742188 0.0468750 0.0312500
4 0.3812500 0.1835938 0.0250000 0.0453125
3 0.5864583 0.2910156 0.0427083 0.0460938
4 0.5229167 0.7394531 0.0229167 0.0539063
1 0.5830729 0.5492187 0.0223958 0.0343750
4 0.5695313 0.6847656 0.0265625 0.0601563
4 0.5210938 0.4218750 0.0338542 0.0375000
3 0.2455729 0.6203125 0.0286458 0.0500000
5 0.3166667 0.5597656 0.0489583 0.0351562
3 0.7138021 0.3824219 0.0369792 0.0367188
0 0.7270833 0.5500000 0.0208333 0.0406250
3 0.4226563 0.4875000 0.0296875 0.0671875
3 0.6760417 0.3167969 0.0458333 0.0367188
1 0.5601563 0.5289063 0.0453125 0.0265625
3 0.6835938 0.5031250 0.0328125 0.0640625
1 0.5427083 0.1476562 0.0302083 0.0406250
1 0.5799479 0.5472656 0.0442708 0.0257812
1 0.3783854 0.7839844 0.0484375 0.0289063
1 0.3466146 0.5761719 0.0307292 0.0570312
4 0.5010417 0.7906250 0.0479167 0.0328125
3 0.6177083 0.6871094 0.0270833 0.0632812
4 0.4286458 0.7125000 0.0302083 0.0578125
0 0.5726562 0.4894531 0.0234375 0.0710937
0 0.4830729 0.2675781 0.0255208 0.0554687
3 0.4278646 0.5097656 0.0276042 0.0585938
4 0.6208333 0.6753906 0.0208333 0.0664062
5 0.3578125 0.6453125 0.0458333 0.0468750
2 0.5734375 0.3335938 0.0250000 0.0500000
4 0.7033854 0.5699219 0.0369792 0.0554687
10 0.5789062 0.7851562 0.0328125 0.0640625
9 0.2924479 0.1406250 0.0359375 0.0687500
10 0.5197917 0.7855469 0.0427083 0.0585938
11 0.6093750 0.6933594 0.0395833 0.0617188
8 0.5395833 0.8367187 0.0302083 0.0625000
11 0.6075521 0.5339844 0.0432292 0.0445313
10 0.4333333 0.6921875 0.0447917 0.0437500
10 0.6960937 0.4890625 0.0411458 0.0406250
10 0.7528646 0.5000000 0.0484375 0.0625000
9 0.4968750 0.5960937 0.0302083 0.0656250
6 0.7346354 0.6062500 0.0432292 0.0593750
8 0.4718750 0.7449219 0.0447917 0.0726563
10 0.4958333 0.8226562 0.0458333 0.0453125
6 0.7630208 0.5855469 0.0343750 0.0695313
7 0.6104167 0.3875000 0.0364583 0.0515625
7 0.2468750 0.5523438 0.0458333 0.0531250
11 0.3893229 0.2433594 0.0328125 0.0601563
10 0.5916667 0.6023437 0.0458333 0.0546875
