1 0.4716146 0.1492188 0.0526042 0.1015625
0 0.3833333 0.1351563 0.0677083 0.0593750
3 0.5239583 0.5753906 0.0614583 0.0726563
0 0.4846354 0.9335938 0.0734375 0.1250000
3 0.5643229 0.5343750 0.0828125 0.0671875
0 0.6007813 0.7593750 0.0911458 0.0625000
1 0.7057292 0.5660156 0.0875000 0.0648438
3 0.6401042 0.4703125 0.0947917 0.0625000
5 0.7200521 0.3652344 0.0473958 0.0820312
2 0.5223958 0.3781250 0.0864583 0.0734375
3 0.7471354 0.3757813 0.0807292 0.0656250
1 0.2976563 0.4535156 0.0432292 0.0757812
4 0.3773437 0.4816406 0.0432292 0.1164063
5 0.3015625 0.5453125 0.0458333 0.0640625
5 0.4013021 0.4804688 0.0859375 0.0859375
2 0.6260417 0.8222656 0.0510417 0.1210938
4 0.6057292 0.4156250 0.0729167 0.0765625
2 0.5479167 0.2765625 0.0770833 0.1218750
1 0.6416667 0.4000000 0.0812500 0.0656250
2 0.5643229 0.5585938 0.0692708 0.0984375
2 0.6630208 0.4566406 0.1010417 0.0710937
5 0.4317708 0.2875000 0.0760417 0.0687500
4 0.5221354 0.8460937 0.0765625 0.0656250
4 0.5440104 0.6699219 0.0453125 0.1351563
3 0.7052083 0.5875000 0.0979167 0.0656250
5 0.4937500 0.2265625 0.0500000 0.1281250
4 0.3265625 0.5429688 0.0979167 0.0640625
4 0.5265625 0.5656250 0.0708333 0.1031250
5 0.6635417 0.4148438 0.0937500 0.0796875
1 0.6835938 0.3726563 0.0463542 0.1203125
1 0.4877604 0.4152344 0.0515625 0.0601563
4 0.8257813 0.3882813 0.0682292 0.0781250
0 0.4309896 0.7640625 0.0505208 0.0765625
2 0.7000000 0.4367187 0.0572917 0.1343750
4 0.4161458 0.6183594 0.0864583 0.0585938
4 0.3809896 0.3933594 0.0744792 0.0585938
0 0.3010417 0.3824219 0.0864583 0.0601563
0 0.5885417 0.4417969 0.0979167 0.0617188
2 0.2330729 0.6343750 0.0869792 0.0953125
0 0.3919271 0.1851562 0.0546875 0.0734375
5 0.2953125 0.3585937 0.0750000 0.0859375
0 0.5234375 0.3062500 0.0937500 0.0625000
3 0.7315104 0.7250000 0.0953125 0.0625000
3 0.4085937 0.4957031 0.0932292 0.0882813
0 0.4518229 0.4214844 0.0442708 0.1070312
1 0.2151042 0.2281250 0.0656250 0.1093750
5 0.4710937 0.9554687 0.0609375 0.0875000
1 0.7596354 0.4585938 0.0703125 0.0921875
2 0.4028646 0.3781250 0.0703125 0.0968750
1 0.7247396 0.4988281 0.0494792 0.0960938
6 0.6796875 0.3484375 0.0885417 0.0937500
8 0.5950521 0.3277344 0.0838542 0.0914062
7 0.2989583 0.3203125 0.0854167 0.0953125
10 0.5333333 0.6664062 0.0760417 0.1078125
10 0.4328125 0.6964844 0.0906250 0.0851563
8 0.5354167 0.4785156 0.0750000 0.1164063
6 0.6104167 0.5941406 0.0697917 0.1164063
8 0.4630208 0.3722656 0.0770833 0.1007813
10 0.6572917 0.3550781 0.0875000 0.0851563
6 0.4382813 0.6734375 0.0526042 0.1078125
6 0.3955729 0.5472656 0.0859375 0.1367188
6 0.5390625 0.4421875 0.0927083 0.1187500
7 0.3257813 0.7468750 0.0786458 0.0890625
11 0.3372396 0.4281250 0.0546875 0.0828125
6 0.3578125 0.5039062 0.0552083 0.0843750
11 0.5750000 0.8226562 0.0885417 0.1046875
8 0.3177083 0.5351562 0.0520833 0.1078125
6 0.6002604 0.4152344 0.0828125 0.0867187
7 0.5221354 0.8039063 0.0703125 0.1000000
