0 0.4091146 0.3585937 0.0161458 0.0234375
5 0.6919271 0.6542969 0.0265625 0.0179687
5 0.5864583 0.6917969 0.0156250 0.0320312
2 0.6044271 0.3335938 0.0234375 0.0156250
2 0.6039062 0.4140625 0.0182292 0.0328125
4 0.6335937 0.3558594 0.0192708 0.0210938
3 0.7005208 0.3117187 0.0229167 0.0203125
1 0.4559896 0.1500000 0.0161458 0.0312500
0 0.6794271 0.1605469 0.0171875 0.0210938
2 0.2427083 0.4542969 0.0208333 0.0304687
0 0.5447917 0.4589844 0.0197917 0.0242188
3 0.5117188 0.4972656 0.0182292 0.0226562
4 0.3979167 0.4003906 0.0135417 0.0195312
1 0.6270833 0.5410156 0.0177083 0.0179687
0 0.5830729 0.7121094 0.0171875 0.0195312
1 0.5476562 0.6804687 0.0203125 0.0203125
3 0.5408854 0.7671875 0.0140625 0.0218750
5 0.5182292 0.5921875 0.0145833 0.0171875
4 0.5880208 0.8277344 0.0260417 0.0195312
0 0.5903646 0.2160156 0.0151042 0.0210938
3 0.6562500 0.2746094 0.0250000 0.0164063
1 0.4966146 0.6835938 0.0223958 0.0281250
0 0.5458333 0.3082031 0.0135417 0.0164063
2 0.5531250 0.8953125 0.0135417 0.0218750
3 0.4273438 0.6121094 0.0109375 0.0273438
0 0.4140625 0.7093750 0.0218750 0.0156250
1 0.2984375 0.4375000 0.0197917 0.0250000
3 0.5513021 0.1191406 0.0161458 0.0304687
0 0.5622396 0.5089844 0.0130208 0.0273438
3 0.2770833 0.6242188 0.0125000 0.0250000
4 0.3294271 0.3195312 0.0203125 0.0156250
1 0.5617188 0.2378906 0.0265625 0.0164063
1 0.4914062 0.4710937 0.0265625 0.0187500
1 0.4973958 0.6070313 0.0114583 0.0359375
1 0.5502604 0.4699219 0.0203125 0.0164063
1 0.4138021 0.5015625 0.0244792 0.0218750
5 0.6570312 0.6972656 0.0151042 0.0304687
1 0.5039062 0.3050781 0.0255208 0.0195312
3 0.6799479 0.5125000 0.0265625 0.0203125
1 0.4697917 0.4214844 0.0156250 0.0273438
4 0.5171875 0.6035156 0.0145833 0.0320312
4 0.5333333 0.3734375 0.0229167 0.0156250
5 0.3609375 0.7199219 0.0166667 0.0320312
0 0.3250000 0.5710937 0.0250000 0.0187500
5 0.5888021 0.3878906 0.0109375 0.0242188
0 0.6536458 0.4800781 0.0260417 0.0257812
2 0.3591146 0.4906250 0.0265625 0.0234375
5 0.7776042 0.5593750 0.0187500 0.0312500
2 0.6151042 0.2800781 0.0218750 0.0226562
5 0.6354167 0.5203125 0.0114583 0.0343750
1 0.7218750 0.3128906 0.0270833 0.0164063
3 0.6653646 0.5988281 0.0223958 0.0179687
0 0.6221354 0.4097656 0.0203125 0.0242188
3 0.7231771 0.6054688 0.0234375 0.0187500
0 0.5742188 0.4785156 0.0203125 0.0210938
0 0.5627604 0.5507812 0.0130208 0.0375000
1 0.4963542 0.4632812 0.0177083 0.0234375
2 0.2734375 0.6703125 0.0260417 0.0156250
0 0.6598958 0.0964844 0.0187500 0.0242188
3 0.7169271 0.6656250 0.0265625 0.0171875
1 0.6164063 0.3484375 0.0130208 0.0343750
5 0.4854167 0.6355469 0.0250000 0.0257812
5 0.3539062 0.2195313 0.0171875 0.0218750
3 0.5078125 0.3605469 0.0114583 0.0304687
5 0.6197917 0.3339844 0.0125000 0.0210938
3 0.5375000 0.9554687 0.0250000 0.0187500
0 0.5210938 0.2621094 0.0119792 0.0398437
1 0.5468750 0.7394531 0.0218750 0.0226562
1 0.3322917 0.6316406 0.0156250 0.0257812
5 0.7166667 0.5687500 0.0260417 0.0250000
0 0.6127604 0.3601563 0.0244792 0.0156250
10 0.5125000 0.3503906 0.0250000 0.0320312
