4 0.7169271 0.3539062 0.0234375 0.0265625
3 0.3729167 0.3343750 0.0166667 0.0375000
0 0.4187500 0.5503906 0.0177083 0.0164063
5 0.5651042 0.4859375 0.0281250 0.0218750
3 0.3078125 0.6226563 0.0218750 0.0312500
3 0.7427083 0.4359375 0.0260417 0.0218750
4 0.6976562 0.4308594 0.0234375 0.0242188
5 0.4257812 0.3132813 0.0171875 0.0203125
5 0.3625000 0.6722656 0.0156250 0.0476562
1 0.5341146 0.5082031 0.0296875 0.0257812
4 0.5119792 0.3957031 0.0145833 0.0351562
4 0.4776042 0.3640625 0.0229167 0.0390625
3 0.2718750 0.6855469 0.0270833 0.0273438
5 0.4614583 0.5808594 0.0166667 0.0304687
3 0.5604167 0.3417969 0.0270833 0.0195312
5 0.5625000 0.3417969 0.0208333 0.0367188
5 0.3466146 0.5109375 0.0317708 0.0218750
3 0.4015625 0.5316406 0.0291667 0.0226562
5 0.4497396 0.3378906 0.0161458 0.0195312
4 0.5549479 0.5593750 0.0223958 0.0234375
2 0.6721354 0.4023438 0.0140625 0.0265625
4 0.5294271 0.2222656 0.0171875 0.0289063
1 0.6414062 0.2835937 0.0130208 0.0171875
0 0.3234375 0.3640625 0.0197917 0.0296875
0 0.4778646 0.4093750 0.0276042 0.0312500
5 0.7200521 0.3566406 0.0171875 0.0242188
5 0.3820312 0.3082031 0.0255208 0.0210938
4 0.4640625 0.4214844 0.0239583 0.0195312
0 0.4500000 0.3554688 0.0250000 0.0234375
3 0.6078125 0.4730469 0.0312500 0.0257812
4 0.3664062 0.4535156 0.0265625 0.0304687
3 0.6091146 0.6230469 0.0213542 0.0382813
0 0.5421875 0.8832031 0.0218750 0.0351562
1 0.5455729 0.5296875 0.0244792 0.0250000
1 0.2877604 0.6824219 0.0130208 0.0398437
5 0.6773438 0.5675781 0.0307292 0.0195312
2 0.2869792 0.3125000 0.0302083 0.0218750
0 0.4382813 0.3570313 0.0203125 0.0203125
1 0.5692708 0.5714844 0.0291667 0.0195312
2 0.5036458 0.6878906 0.0177083 0.0210938
2 0.6799479 0.4898438 0.0286458 0.0234375
1 0.5622396 0.1148437 0.0286458 0.0218750
3 0.4942708 0.7382812 0.0145833 0.0234375
1 0.4479167 0.3542969 0.0135417 0.0242188
2 0.5997396 0.5230469 0.0109375 0.0242188
1 0.4101562 0.2660156 0.0151042 0.0273438
0 0.4809896 0.8484375 0.0130208 0.0390625
1 0.6171875 0.4574219 0.0302083 0.0226562
1 0.6393229 0.3617187 0.0182292 0.0390625
2 0.4848958 0.3503906 0.0114583 0.0367188
5 0.3726563 0.3945312 0.0140625 0.0281250
2 0.3869792 0.3992188 0.0218750 0.0296875
1 0.4976563 0.1613281 0.0307292 0.0242188
4 0.4502604 0.7070312 0.0244792 0.0234375
4 0.6937500 0.6722656 0.0270833 0.0257812
6 0.7320313 0.5343750 0.0265625 0.0390625
9 0.3236979 0.6625000 0.0255208 0.0343750
7 0.6651042 0.5312500 0.0270833 0.0312500
11 0.6986979 0.6625000 0.0265625 0.0265625
10 0.3955729 0.5027344 0.0182292 0.0273438
7 0.6903646 0.5507812 0.0161458 0.0296875
7 0.6882812 0.6957031 0.0192708 0.0445313
11 0.5653646 0.5750000 0.0265625 0.0265625
11 0.7179688 0.7289062 0.0255208 0.0375000
6 0.5781250 0.2511719 0.0281250 0.0289063
11 0.4992187 0.5089844 0.0286458 0.0273438
6 0.4898438 0.3402344 0.0265625 0.0429688
