1 0.4815104 0.2894531 0.0255208 0.0195312
4 0.3908854 0.5054688 0.0255208 0.0171875
3 0.6388021 0.4058594 0.0265625 0.0164063
7 0.4497396 0.7511719 0.0223958 0.0226562
9 0.5492187 0.5917969 0.0151042 0.0226562
8 0.6307292 0.4152344 0.0156250 0.0257812
6 0.5229167 0.2113281 0.0229167 0.0273438
7 0.6289062 0.5812500 0.0234375 0.0218750
9 0.3361979 0.7921875 0.0203125 0.0343750
11 0.3268229 0.4882812 0.0255208 0.0265625
8 0.4476562 0.6750000 0.0244792 0.0265625
11 0.6049479 0.1921875 0.0244792 0.0328125
7 0.3885417 0.7378906 0.0208333 0.0320312
8 0.3768229 0.6394531 0.0234375 0.0289063
7 0.5455729 0.5300781 0.0223958 0.0351562
9 0.5596354 0.7585937 0.0161458 0.0359375
10 0.6549479 0.5707031 0.0213542 0.0210938
