1 0.5348958 0.7796875 0.0270833 0.0187500
3 0.3843750 0.2265625 0.0145833 0.0281250
2 0.4138021 0.5335937 0.0151042 0.0375000
3 0.5539063 0.5964844 0.0265625 0.0179687
5 0.4406250 0.5328125 0.0260417 0.0171875
5 0.5632812 0.1468750 0.0296875 0.0265625
3 0.3565104 0.2718750 0.0171875 0.0250000
3 0.4283854 0.3351562 0.0286458 0.0203125
5 0.7049479 0.6851563 0.0265625 0.0234375
0 0.5473958 0.2449219 0.0135417 0.0382813
1 0.3906250 0.2574219 0.0270833 0.0164063
4 0.4843750 0.8031250 0.0135417 0.0343750
5 0.5833333 0.2875000 0.0281250 0.0218750
5 0.4893229 0.7375000 0.0213542 0.0250000
4 0.3442708 0.5769531 0.0135417 0.0257812
3 0.7164063 0.6097656 0.0161458 0.0414062
0 0.4575521 0.3136719 0.0151042 0.0257812
1 0.4432292 0.7093750 0.0281250 0.0265625
5 0.6307292 0.6644531 0.0156250 0.0289063
0 0.5609375 0.8207031 0.0208333 0.0351562
4 0.5812500 0.5687500 0.0260417 0.0187500
2 0.3554688 0.6644531 0.0286458 0.0179687
2 0.4380208 0.8503906 0.0177083 0.0210938
1 0.3466146 0.4996094 0.0276042 0.0210938
4 0.4710937 0.6546875 0.0255208 0.0171875
4 0.5046875 0.8328125 0.0260417 0.0171875
2 0.4580729 0.3472656 0.0276042 0.0210938
4 0.4820313 0.6000000 0.0171875 0.0375000
0 0.7606771 0.3609375 0.0203125 0.0171875
4 0.3221354 0.5742188 0.0130208 0.0203125
1 0.6458333 0.4558594 0.0166667 0.0351562
4 0.5526042 0.5671875 0.0114583 0.0406250
0 0.3630208 0.0660156 0.0145833 0.0429688
1 0.5893229 0.4261719 0.0255208 0.0179687
4 0.5645833 0.5933594 0.0187500 0.0398437
0 0.6197917 0.6437500 0.0177083 0.0406250
1 0.5119792 0.5546875 0.0156250 0.0312500
1 0.7458333 0.6804687 0.0291667 0.0203125
2 0.5104167 0.4332031 0.0187500 0.0210938
3 0.4437500 0.0019531 0.0072917 0.0039062
4 0.5447917 0.9000000 0.0135417 0.0343750
1 0.5463542 0.3960938 0.0156250 0.0437500
4 0.7414063 0.6914062 0.0286458 0.0218750
4 0.6390625 0.7000000 0.0229167 0.0296875
5 0.5692708 0.7195312 0.0281250 0.0203125
3 0.4661458 0.7230469 0.0145833 0.0429688
2 0.3614583 0.5226563 0.0208333 0.0312500
5 0.5265625 0.4117188 0.0166667 0.0375000
2 0.4799479 0.0996094 0.0140625 0.0242188
4 0.4932292 0.4433594 0.0156250 0.0257812
1 0.3890625 0.3886719 0.0270833 0.0226562
4 0.5242187 0.4269531 0.0286458 0.0179687
1 0.5317708 0.5359375 0.0260417 0.0171875
0 0.5263021 0.6894531 0.0296875 0.0226562
2 0.4924479 0.7460938 0.0265625 0.0187500
3 0.5338542 0.5882812 0.0250000 0.0234375
4 0.6000000 0.5539063 0.0218750 0.0296875
1 0.7380208 0.2722656 0.0197917 0.0273438
0 0.3460937 0.4367187 0.0296875 0.0234375
5 0.6484375 0.7214844 0.0260417 0.0226562
1 0.5283854 0.2359375 0.0244792 0.0203125
3 0.5052083 0.4394531 0.0291667 0.0226562
5 0.4348958 0.5878906 0.0197917 0.0367188
3 0.2750000 0.3855469 0.0281250 0.0289063
0 0.4872396 0.2003906 0.0161458 0.0429688
0 0.4968750 0.8132812 0.0208333 0.0296875
5 0.3546875 0.4542969 0.0166667 0.0273438
0 0.4640625 0.3085938 0.0114583 0.0359375
3 0.7049479 0.5988281 0.0140625 0.0195312
1 0.4250000 0.4421875 0.0208333 0.0265625
1 0.4460938 0.4472656 0.0276042 0.0195312
5 0.6408854 0.7328125 0.0171875 0.0218750
0 0.4260417 0.1074219 0.0260417 0.0320312
3 0.6036458 0.1734375 0.0281250 0.0203125
1 0.4854167 0.7187500 0.0166667 0.0359375
0 0.5598958 0.1523438 0.0208333 0.0375000
2 0.5518229 0.1824219 0.0296875 0.0226562
5 0.4174479 0.3191406 0.0265625 0.0195312
3 0.6851563 0.2437500 0.0130208 0.0187500
3 0.5830729 0.5820312 0.0223958 0.0187500
11 0.6346354 0.5121094 0.0171875 0.0335937
