0 0.3559896 0.4625000 0.0307292 0.0234375
1 0.3815104 0.6312500 0.0255208 0.0281250
2 0.6039062 0.7562500 0.0151042 0.0250000
4 0.4382813 0.6812500 0.0307292 0.0218750
0 0.6580729 0.6730469 0.0265625 0.0210938
0 0.4380208 0.5953125 0.0156250 0.0343750
4 0.6203125 0.6968750 0.0291667 0.0312500
5 0.5830729 0.2777344 0.0223958 0.0242188
0 0.5481771 0.5972656 0.0182292 0.0476562
3 0.4231771 0.6574219 0.0234375 0.0257812
1 0.7046875 0.7480469 0.0302083 0.0242188
4 0.4432292 0.1839844 0.0218750 0.0242188
3 0.6872396 0.6144531 0.0286458 0.0226562
1 0.5335937 0.2980469 0.0307292 0.0210938
3 0.6286458 0.2500000 0.0208333 0.0218750
5 0.5268229 0.3562500 0.0244792 0.0218750
2 0.5598958 0.5027344 0.0229167 0.0226562
0 0.3789062 0.5187500 0.0307292 0.0312500
3 0.4096354 0.7214844 0.0276042 0.0226562
3 0.7195312 0.3988281 0.0276042 0.0210938
0 0.6968750 0.4507813 0.0302083 0.0265625
3 0.6486979 0.4886719 0.0276042 0.0273438
4 0.4039063 0.3578125 0.0171875 0.0234375
3 0.3502604 0.4093750 0.0286458 0.0218750
2 0.5619792 0.7574219 0.0270833 0.0242188
1 0.6596354 0.3273437 0.0286458 0.0234375
2 0.6372396 0.2457031 0.0140625 0.0476562
0 0.7520833 0.6156250 0.0281250 0.0218750
3 0.4799479 0.5488281 0.0161458 0.0414062
0 0.4604167 0.4320312 0.0281250 0.0234375
3 0.5281250 0.0585938 0.0197917 0.0265625
5 0.2958333 0.7320313 0.0145833 0.0203125
1 0.6507812 0.4886719 0.0296875 0.0226562
5 0.6434896 0.4062500 0.0307292 0.0296875
5 0.4744792 0.3144531 0.0281250 0.0210938
3 0.4841146 0.6390625 0.0317708 0.0250000
2 0.5486979 0.6046875 0.0276042 0.0203125
5 0.4359375 0.3652344 0.0250000 0.0273438
0 0.4138021 0.1031250 0.0203125 0.0343750
1 0.3625000 0.6703125 0.0312500 0.0234375
4 0.5393229 0.8335938 0.0265625 0.0234375
3 0.6906250 0.6445312 0.0281250 0.0328125
2 0.6390625 0.3394531 0.0145833 0.0492187
2 0.2632813 0.3191406 0.0328125 0.0304687
3 0.4033854 0.1796875 0.0286458 0.0265625
3 0.4257812 0.6085938 0.0171875 0.0390625
1 0.6992188 0.3605469 0.0130208 0.0289063
1 0.6304688 0.4835937 0.0244792 0.0312500
1 0.7463542 0.8296875 0.0302083 0.0250000
3 0.5341146 0.4464844 0.0213542 0.0320312
5 0.5786458 0.2335937 0.0208333 0.0375000
3 0.6570312 0.4359375 0.0161458 0.0359375
0 0.4947917 0.5191406 0.0166667 0.0445313
1 0.5031250 0.3636719 0.0166667 0.0460938
0 0.5695313 0.5429688 0.0286458 0.0218750
2 0.4255208 0.7085938 0.0125000 0.0421875
8 0.5463542 0.5609375 0.0270833 0.0343750
8 0.6309896 0.6343750 0.0265625 0.0375000
7 0.4484375 0.2574219 0.0208333 0.0398437
11 0.7307292 0.5066406 0.0291667 0.0289063
10 0.3020833 0.6488281 0.0229167 0.0320312
11 0.7481771 0.7406250 0.0296875 0.0296875
9 0.5062500 0.7933594 0.0250000 0.0257812
6 0.3877604 0.3183594 0.0265625 0.0257812
11 0.5072917 0.8914062 0.0197917 0.0468750
8 0.3572917 0.4390625 0.0177083 0.0390625
9 0.5122396 0.5312500 0.0265625 0.0265625
