3 0.6062500 0.3039062 0.0187500 0.0203125
0 0.6367188 0.4328125 0.0244792 0.0156250
1 0.2744792 0.4738281 0.0125000 0.0335937
3 0.5093750 0.4085937 0.0197917 0.0234375
0 0.4473958 0.7542969 0.0229167 0.0226562
1 0.6289062 0.8304687 0.0244792 0.0203125
4 0.7593750 0.6421875 0.0125000 0.0375000
4 0.1986979 0.4308594 0.0255208 0.0257812
4 0.5028646 0.5765625 0.0119792 0.0359375
1 0.3989583 0.5214844 0.0260417 0.0195312
0 0.4015625 0.4035156 0.0260417 0.0179687
3 0.5570312 0.3265625 0.0276042 0.0234375
6 0.6242188 0.7031250 0.0255208 0.0250000
11 0.5145833 0.6468750 0.0239583 0.0234375
6 0.3705729 0.4875000 0.0182292 0.0375000
8 0.7039062 0.3039062 0.0234375 0.0234375
8 0.4601562 0.2769531 0.0265625 0.0367188
7 0.5408854 0.3421875 0.0234375 0.0250000
6 0.5028646 0.5652344 0.0244792 0.0273438
11 0.8289062 0.5488281 0.0234375 0.0289063
6 0.3356771 0.7140625 0.0161458 0.0375000
