3 0.5382813 0.3984375 0.0265625 0.0421875
1 0.6812500 0.7582031 0.0208333 0.0429688
4 0.3716146 0.6058594 0.0401042 0.0273438
0 0.5070313 0.4050781 0.0369792 0.0257812
4 0.3507812 0.6593750 0.0223958 0.0453125
1 0.5875000 0.4843750 0.0322917 0.0609375
2 0.4513021 0.3171875 0.0317708 0.0281250
0 0.5611979 0.5648437 0.0286458 0.0578125
3 0.6627604 0.6667969 0.0369792 0.0289063
5 0.6919271 0.3242188 0.0161458 0.0500000
1 0.5070313 0.7593750 0.0182292 0.0281250
1 0.2703125 0.5906250 0.0416667 0.0343750
2 0.5588542 0.6289062 0.0260417 0.0453125
3 0.6367188 0.3875000 0.0255208 0.0343750
0 0.5658854 0.1769531 0.0203125 0.0476562
2 0.6781250 0.4542969 0.0385417 0.0320312
2 0.5098958 0.4218750 0.0250000 0.0359375
1 0.5354167 0.4656250 0.0260417 0.0546875
1 0.4020833 0.8128906 0.0406250 0.0320312
0 0.5372396 0.2523437 0.0328125 0.0281250
3 0.4148438 0.4199219 0.0421875 0.0351562
4 0.6497396 0.3761719 0.0421875 0.0273438
3 0.3166667 0.7246094 0.0375000 0.0289063
4 0.8401042 0.6261719 0.0364583 0.0304687
0 0.6669271 0.7089844 0.0401042 0.0429688
4 0.6679688 0.5355469 0.0192708 0.0320312
1 0.5320312 0.3519531 0.0234375 0.0648438
5 0.6398438 0.1945312 0.0411458 0.0296875
0 0.6145833 0.2328125 0.0177083 0.0343750
5 0.3658854 0.8300781 0.0432292 0.0382813
4 0.5726562 0.4796875 0.0223958 0.0500000
5 0.6242188 0.7050781 0.0317708 0.0304687
2 0.5171875 0.3445313 0.0375000 0.0312500
5 0.6010417 0.4347656 0.0239583 0.0382813
0 0.4695313 0.4519531 0.0192708 0.0335937
4 0.3044271 0.3003906 0.0234375 0.0460938
1 0.6161458 0.4960938 0.0302083 0.0484375
3 0.6356771 0.4445312 0.0380208 0.0312500
5 0.6148438 0.3796875 0.0192708 0.0546875
5 0.6018229 0.3824219 0.0307292 0.0460938
0 0.6119792 0.2343750 0.0239583 0.0468750
5 0.7010417 0.7617188 0.0312500 0.0312500
1 0.7617188 0.3890625 0.0234375 0.0593750
5 0.2934896 0.3781250 0.0380208 0.0265625
1 0.7062500 0.3210938 0.0406250 0.0421875
4 0.3585937 0.3285156 0.0348958 0.0257812
0 0.5682292 0.2617188 0.0385417 0.0328125
3 0.6122396 0.2007812 0.0411458 0.0328125
1 0.7328125 0.3593750 0.0427083 0.0359375
4 0.3690104 0.4574219 0.0307292 0.0320312
3 0.3971354 0.1605469 0.0244792 0.0289063
3 0.6765625 0.6609375 0.0416667 0.0359375
3 0.6601562 0.2785156 0.0234375 0.0523438
0 0.5033854 0.4597656 0.0286458 0.0382813
1 0.6190104 0.5937500 0.0380208 0.0296875
3 0.6148438 0.4539063 0.0453125 0.0296875
1 0.4427083 0.3363281 0.0260417 0.0351562
3 0.5158854 0.6187500 0.0380208 0.0328125
2 0.6153646 0.8871094 0.0307292 0.0304687
5 0.4960938 0.6566406 0.0276042 0.0382813
1 0.5322917 0.4371094 0.0291667 0.0273438
0 0.7184896 0.4574219 0.0369792 0.0507812
1 0.3375000 0.2367188 0.0239583 0.0562500
1 0.5007812 0.7582031 0.0348958 0.0429688
1 0.6372396 0.4593750 0.0296875 0.0437500
1 0.4486979 0.7738281 0.0203125 0.0664062
3 0.6575521 0.4554687 0.0234375 0.0390625
1 0.7151042 0.6687500 0.0416667 0.0296875
8 0.5721354 0.2140625 0.0296875 0.0390625
6 0.7317708 0.4867187 0.0395833 0.0390625
10 0.4671875 0.1605469 0.0354167 0.0429688
9 0.5937500 0.3199219 0.0364583 0.0523438
6 0.5653646 0.8878906 0.0244792 0.0539063
11 0.5619792 0.2230469 0.0406250 0.0492187
9 0.6338542 0.4121094 0.0260417 0.0554687
6 0.7140625 0.2632813 0.0395833 0.0375000
6 0.5216146 0.1175781 0.0380208 0.0601563
6 0.6747396 0.2449219 0.0369792 0.0414062
7 0.4731771 0.4222656 0.0255208 0.0476562
8 0.4135417 0.4781250 0.0364583 0.0343750
9 0.5768229 0.3085938 0.0338542 0.0375000
7 0.3528646 0.4566406 0.0401042 0.0398437
10 0.5111979 0.1546875 0.0255208 0.0390625
7 0.3861979 0.6070313 0.0369792 0.0375000
8 0.4682292 0.6019531 0.0250000 0.0554687
11 0.3377604 0.7332031 0.0359375 0.0476562
8 0.3549479 0.2554688 0.0390625 0.0562500
7 0.5523438 0.2531250 0.0411458 0.0390625
