3 0.7007813 0.3480469 0.0119792 0.0398437
4 0.4713542 0.3488281 0.0135417 0.0257812
3 0.2997396 0.5910156 0.0244792 0.0320312
2 0.3320312 0.5753906 0.0151042 0.0210938
5 0.5601563 0.1226562 0.0192708 0.0250000
4 0.5520833 0.7929688 0.0260417 0.0171875
5 0.5489583 0.5843750 0.0145833 0.0234375
0 0.3908854 0.1574219 0.0140625 0.0382813
5 0.3380208 0.3859375 0.0260417 0.0281250
4 0.4307292 0.1781250 0.0270833 0.0218750
5 0.6364583 0.2945313 0.0281250 0.0265625
3 0.6747396 0.5976562 0.0286458 0.0218750
4 0.5898438 0.5574219 0.0244792 0.0210938
3 0.3585937 0.5144531 0.0244792 0.0195312
1 0.5299479 0.5371094 0.0255208 0.0164063
0 0.5330729 0.2648437 0.0244792 0.0218750
2 0.3049479 0.5203125 0.0140625 0.0265625
5 0.6184896 0.8460937 0.0213542 0.0218750
3 0.6361979 0.1562500 0.0255208 0.0187500
1 0.6494792 0.6308594 0.0250000 0.0164063
0 0.4052083 0.2234375 0.0270833 0.0156250
0 0.2973958 0.3382812 0.0260417 0.0265625
0 0.3705729 0.7042969 0.0171875 0.0164063
1 0.5723958 0.4035156 0.0135417 0.0382813
5 0.5286458 0.6710938 0.0218750 0.0343750
1 0.6080729 0.2199219 0.0223958 0.0242188
5 0.5752604 0.3808594 0.0151042 0.0320312
0 0.5697917 0.3789062 0.0135417 0.0250000
5 0.6877604 0.6945313 0.0255208 0.0187500
2 0.5382813 0.5066406 0.0265625 0.0210938
0 0.3445313 0.4847656 0.0130208 0.0289063
2 0.7059896 0.3707031 0.0182292 0.0242188
2 0.6570312 0.8710938 0.0265625 0.0281250
1 0.4817708 0.3351562 0.0239583 0.0250000
5 0.5013021 0.7546875 0.0276042 0.0187500
3 0.4890625 0.7066406 0.0187500 0.0398437
1 0.5322917 0.6832031 0.0260417 0.0164063
2 0.5695313 0.1425781 0.0265625 0.0195312
2 0.5934896 0.4515625 0.0161458 0.0218750
1 0.5002604 0.3210938 0.0119792 0.0406250
1 0.6611979 0.2875000 0.0151042 0.0187500
5 0.7182292 0.4300781 0.0177083 0.0242188
5 0.4286458 0.5031250 0.0156250 0.0343750
1 0.2708333 0.1996094 0.0260417 0.0210938
3 0.4648438 0.4722656 0.0161458 0.0226562
1 0.4526042 0.8179688 0.0145833 0.0359375
1 0.2664063 0.4800781 0.0244792 0.0320312
5 0.7739583 0.5156250 0.0218750 0.0250000
2 0.7252604 0.4214844 0.0265625 0.0195312
1 0.6424479 0.7781250 0.0244792 0.0250000
5 0.5531250 0.2480469 0.0239583 0.0257812
0 0.3614583 0.1917969 0.0156250 0.0226562
1 0.2934896 0.5324219 0.0244792 0.0195312
2 0.5726562 0.4421875 0.0192708 0.0296875
0 0.7265625 0.5125000 0.0177083 0.0250000
5 0.4346354 0.2738281 0.0255208 0.0210938
2 0.4851563 0.3734375 0.0161458 0.0218750
3 0.3565104 0.2992187 0.0244792 0.0359375
5 0.6179687 0.7539062 0.0255208 0.0234375
2 0.3651042 0.7703125 0.0135417 0.0359375
0 0.6710938 0.4070313 0.0244792 0.0187500
4 0.4028646 0.8531250 0.0213542 0.0234375
0 0.6473958 0.4632812 0.0281250 0.0203125
1 0.4403646 0.1160156 0.0223958 0.0335937
1 0.3960938 0.4964844 0.0140625 0.0304687
2 0.6125000 0.6281250 0.0166667 0.0296875
0 0.6953125 0.4789062 0.0281250 0.0187500
3 0.4864583 0.6238281 0.0166667 0.0273438
9 0.6580729 0.2839844 0.0161458 0.0367188
11 0.3986979 0.5828125 0.0213542 0.0390625
11 0.5997396 0.5769531 0.0192708 0.0273438
7 0.2250000 0.2453125 0.0166667 0.0375000
8 0.7520833 0.4199219 0.0260417 0.0257812
7 0.4903646 0.6785156 0.0171875 0.0367188
11 0.5460938 0.5777344 0.0213542 0.0382813
6 0.7320313 0.1332031 0.0213542 0.0273438
9 0.6778646 0.2175781 0.0255208 0.0257812
9 0.5234375 0.6437500 0.0218750 0.0234375
11 0.3945312 0.3128906 0.0255208 0.0335937
8 0.4184896 0.7269531 0.0255208 0.0257812
8 0.5861979 0.4542969 0.0244792 0.0242188
8 0.4604167 0.0140625 0.0166667 0.0281250
