2 0.6815104 0.3687500 0.0130208 0.0203125
1 0.2169271 0.4925781 0.0203125 0.0273438
2 0.6104167 0.6121094 0.0197917 0.0148437
5 0.5414062 0.3113281 0.0182292 0.0195312
5 0.6166667 0.4238281 0.0125000 0.0304687
5 0.6190104 0.1730469 0.0140625 0.0335937
2 0.4210937 0.2996094 0.0109375 0.0273438
2 0.5812500 0.7523437 0.0218750 0.0218750
2 0.5703125 0.1113281 0.0187500 0.0257812
0 0.5562500 0.2910156 0.0260417 0.0179687
5 0.5750000 0.3460937 0.0218750 0.0187500
5 0.6617188 0.6093750 0.0223958 0.0171875
1 0.5976562 0.5210938 0.0109375 0.0328125
2 0.4807292 0.7027344 0.0145833 0.0242188
5 0.7546875 0.3082031 0.0145833 0.0335937
1 0.4437500 0.7964844 0.0145833 0.0242188
4 0.5572917 0.6835938 0.0114583 0.0312500
0 0.5091146 0.3132813 0.0234375 0.0156250
3 0.6906250 0.5777344 0.0239583 0.0164063
1 0.2549479 0.5019531 0.0140625 0.0273438
3 0.5182292 0.6515625 0.0145833 0.0312500
0 0.4218750 0.2882812 0.0166667 0.0281250
5 0.5411458 0.2015625 0.0125000 0.0281250
4 0.3710938 0.4453125 0.0244792 0.0156250
3 0.7861979 0.2570312 0.0119792 0.0281250
5 0.5674479 0.5894531 0.0244792 0.0195312
0 0.6098958 0.5351562 0.0229167 0.0203125
3 0.3789062 0.7359375 0.0203125 0.0203125
4 0.4419271 0.6187500 0.0234375 0.0234375
2 0.5039062 0.4386719 0.0234375 0.0195312
3 0.2880208 0.7414063 0.0229167 0.0171875
3 0.5007812 0.6960937 0.0140625 0.0390625
5 0.5734375 0.3023438 0.0229167 0.0171875
1 0.6307292 0.5335937 0.0104167 0.0203125
1 0.5153646 0.8332031 0.0140625 0.0335937
1 0.3565104 0.2023437 0.0213542 0.0156250
0 0.4354167 0.6695313 0.0229167 0.0171875
4 0.5421875 0.6324219 0.0250000 0.0164063
1 0.7101563 0.4882812 0.0223958 0.0218750
2 0.5671875 0.4863281 0.0156250 0.0179687
7 0.4914062 0.2714844 0.0151042 0.0210938
11 0.5572917 0.7316406 0.0166667 0.0226562
6 0.7020833 0.3460937 0.0218750 0.0234375
7 0.7010417 0.6347656 0.0177083 0.0210938
8 0.5132813 0.6984375 0.0182292 0.0328125
9 0.5869792 0.7914062 0.0145833 0.0218750
9 0.7622396 0.6062500 0.0234375 0.0250000
8 0.6445312 0.6589844 0.0151042 0.0226562
7 0.3122396 0.4242187 0.0234375 0.0234375
9 0.4690104 0.7406250 0.0140625 0.0328125
6 0.3236979 0.5730469 0.0203125 0.0226562
