2 0.6471354 0.2441406 0.0213542 0.0539063
0 0.5450521 0.5441406 0.0328125 0.0226562
1 0.4507813 0.4789062 0.0286458 0.0359375
1 0.4656250 0.2613281 0.0343750 0.0273438
1 0.6921875 0.2882812 0.0333333 0.0218750
3 0.3591146 0.6175781 0.0192708 0.0429688
1 0.6731771 0.4902344 0.0255208 0.0460938
5 0.6625000 0.2917969 0.0322917 0.0398437
11 0.5291667 0.2921875 0.0270833 0.0515625
8 0.3502604 0.1160156 0.0338542 0.0335937
9 0.6203125 0.3773437 0.0218750 0.0312500
11 0.3890625 0.3128906 0.0208333 0.0445313
11 0.5557292 0.4457031 0.0333333 0.0351562
