0 0.4210937 0.5871094 0.0234375 0.0445313
4 0.6164063 0.7933594 0.0182292 0.0523438
4 0.6367188 0.4828125 0.0244792 0.0421875
4 0.5161458 0.8121094 0.0218750 0.0523438
3 0.6263021 0.8121094 0.0307292 0.0414062
3 0.3528646 0.3343750 0.0328125 0.0312500
5 0.4317708 0.7976562 0.0312500 0.0437500
1 0.3651042 0.4738281 0.0343750 0.0257812
2 0.6984375 0.7789063 0.0312500 0.0250000
4 0.4096354 0.5148438 0.0140625 0.0250000
1 0.5617188 0.6894531 0.0348958 0.0335937
2 0.6421875 0.6429687 0.0364583 0.0312500
5 0.5059896 0.7867188 0.0359375 0.0328125
4 0.3708333 0.5652344 0.0322917 0.0210938
3 0.6020833 0.2269531 0.0197917 0.0273438
5 0.6203125 0.4300781 0.0218750 0.0367188
5 0.2986979 0.6359375 0.0161458 0.0265625
3 0.6231771 0.0707031 0.0192708 0.0445313
1 0.5049479 0.5132813 0.0348958 0.0265625
3 0.4846354 0.2808594 0.0338542 0.0304687
0 0.4794271 0.5187500 0.0171875 0.0281250
2 0.4973958 0.4191406 0.0281250 0.0335937
4 0.5463542 0.2871094 0.0208333 0.0429688
1 0.4255208 0.7335938 0.0343750 0.0250000
5 0.5343750 0.4734375 0.0166667 0.0390625
1 0.3812500 0.3636719 0.0208333 0.0476562
1 0.6317708 0.6062500 0.0239583 0.0421875
5 0.5169271 0.2261719 0.0213542 0.0476562
2 0.6114583 0.6804687 0.0322917 0.0312500
3 0.6588542 0.3226562 0.0312500 0.0265625
0 0.6268229 0.5390625 0.0317708 0.0250000
3 0.4028646 0.6437500 0.0328125 0.0265625
3 0.3156250 0.5453125 0.0177083 0.0562500
3 0.5416667 0.4332031 0.0291667 0.0257812
5 0.5531250 0.6632813 0.0187500 0.0218750
3 0.5567708 0.5789062 0.0187500 0.0421875
1 0.6763021 0.2781250 0.0317708 0.0234375
1 0.7333333 0.4062500 0.0322917 0.0375000
2 0.5768229 0.7425781 0.0182292 0.0492187
8 0.4898438 0.3171875 0.0296875 0.0421875
9 0.2934896 0.7878906 0.0338542 0.0335937
