0 0.6812500 0.7011719 0.0187500 0.0195312
0 0.4013021 0.6789063 0.0286458 0.0203125
3 0.4924479 0.3238281 0.0244792 0.0273438
2 0.4354167 0.6703125 0.0291667 0.0171875
1 0.6348958 0.7847656 0.0291667 0.0179687
2 0.5286458 0.2550781 0.0302083 0.0226562
4 0.3158854 0.1886719 0.0140625 0.0367188
2 0.5677083 0.4679687 0.0302083 0.0250000
2 0.7036458 0.5816406 0.0135417 0.0429688
3 0.1968750 0.4972656 0.0156250 0.0289063
0 0.4315104 0.5535156 0.0161458 0.0335937
0 0.4466146 0.1167969 0.0161458 0.0414062
4 0.5875000 0.4515625 0.0250000 0.0234375
0 0.2856771 0.2445313 0.0192708 0.0234375
1 0.3239583 0.7941406 0.0239583 0.0257812
1 0.6156250 0.3886719 0.0260417 0.0304687
0 0.5223958 0.6316406 0.0270833 0.0195312
1 0.5796875 0.5101562 0.0260417 0.0312500
0 0.4984375 0.6574219 0.0270833 0.0195312
4 0.3921875 0.4609375 0.0135417 0.0281250
2 0.4156250 0.6914062 0.0135417 0.0187500
2 0.5411458 0.8734375 0.0270833 0.0312500
4 0.4984375 0.7824219 0.0197917 0.0289063
0 0.3406250 0.5890625 0.0135417 0.0453125
2 0.5583333 0.6406250 0.0197917 0.0406250
4 0.6960937 0.7304688 0.0286458 0.0203125
3 0.5419271 0.6742187 0.0182292 0.0421875
0 0.3255208 0.4015625 0.0229167 0.0328125
2 0.3786458 0.6613281 0.0270833 0.0289063
5 0.5338542 0.2105469 0.0281250 0.0242188
4 0.5468750 0.5968750 0.0270833 0.0187500
2 0.4484375 0.4726562 0.0177083 0.0281250
3 0.6606771 0.5921875 0.0151042 0.0281250
4 0.5432292 0.2253906 0.0250000 0.0273438
5 0.6312500 0.7125000 0.0145833 0.0453125
3 0.5398437 0.5093750 0.0213542 0.0328125
1 0.4968750 0.2617188 0.0187500 0.0453125
3 0.5770833 0.8644531 0.0322917 0.0226562
4 0.6330729 0.3265625 0.0286458 0.0187500
4 0.6109375 0.7191406 0.0250000 0.0242188
3 0.4591146 0.4304688 0.0223958 0.0328125
4 0.6950521 0.4375000 0.0234375 0.0234375
5 0.6596354 0.1750000 0.0203125 0.0187500
0 0.3914063 0.8351563 0.0182292 0.0437500
1 0.6669271 0.5515625 0.0265625 0.0187500
3 0.6481771 0.4683594 0.0276042 0.0195312
3 0.5518229 0.5027344 0.0223958 0.0195312
1 0.6513021 0.3273437 0.0265625 0.0328125
4 0.3289063 0.6230469 0.0192708 0.0210938
5 0.7140625 0.4851563 0.0187500 0.0281250
1 0.3651042 0.1492188 0.0218750 0.0359375
4 0.4270833 0.4976563 0.0177083 0.0265625
3 0.7583333 0.5609375 0.0239583 0.0328125
0 0.6356771 0.5332031 0.0151042 0.0304687
4 0.6041667 0.4929688 0.0197917 0.0281250
4 0.4596354 0.9347656 0.0244792 0.0351562
0 0.2434896 0.2828125 0.0296875 0.0343750
0 0.6882812 0.4320312 0.0276042 0.0250000
2 0.3669271 0.7203125 0.0265625 0.0250000
2 0.4096354 0.7070312 0.0151042 0.0437500
5 0.5598958 0.8589844 0.0197917 0.0445313
8 0.6361979 0.3691406 0.0276042 0.0304687
10 0.7065104 0.6132812 0.0203125 0.0390625
8 0.3731771 0.5457031 0.0286458 0.0273438
7 0.7002604 0.6546875 0.0182292 0.0437500
10 0.7570313 0.5421875 0.0255208 0.0328125
7 0.6072917 0.5566406 0.0260417 0.0273438
9 0.5515625 0.3015625 0.0260417 0.0281250
6 0.3817708 0.3250000 0.0197917 0.0265625
10 0.6880208 0.7367187 0.0260417 0.0265625
7 0.8098958 0.4285156 0.0239583 0.0335937
7 0.7861979 0.5648437 0.0255208 0.0265625
11 0.4416667 0.5695313 0.0239583 0.0265625
