4 0.5976562 0.7738281 0.0286458 0.0195312
3 0.2161458 0.2855469 0.0333333 0.0257812
4 0.4510417 0.8093750 0.0385417 0.0265625
3 0.6492187 0.8277344 0.0244792 0.0414062
0 0.4752604 0.1753906 0.0390625 0.0273438
1 0.4679687 0.2269531 0.0286458 0.0367188
1 0.4130208 0.6492187 0.0322917 0.0296875
4 0.4911458 0.7632813 0.0385417 0.0218750
4 0.5726562 0.3792969 0.0348958 0.0257812
0 0.3960938 0.2894531 0.0203125 0.0570312
1 0.4575521 0.2101562 0.0307292 0.0234375
5 0.6156250 0.8621094 0.0291667 0.0429688
1 0.5020833 0.5261719 0.0364583 0.0320312
0 0.5502604 0.6550781 0.0203125 0.0414062
1 0.6721354 0.2527344 0.0359375 0.0257812
5 0.4815104 0.1710937 0.0307292 0.0359375
3 0.6083333 0.1429688 0.0239583 0.0531250
1 0.5330729 0.4203125 0.0359375 0.0359375
0 0.6950521 0.5832031 0.0380208 0.0351562
5 0.3726563 0.4765625 0.0401042 0.0250000
3 0.4700521 0.5878906 0.0161458 0.0539063
5 0.5315104 0.7324219 0.0276042 0.0414062
0 0.6367188 0.2261719 0.0255208 0.0460938
0 0.5830729 0.5398437 0.0317708 0.0437500
0 0.5872396 0.2597656 0.0213542 0.0539063
3 0.3723958 0.2218750 0.0177083 0.0484375
1 0.4192708 0.8683594 0.0250000 0.0523438
5 0.7062500 0.6406250 0.0333333 0.0343750
5 0.3502604 0.6777344 0.0380208 0.0335937
2 0.3226562 0.1769531 0.0203125 0.0601563
11 0.5328125 0.7656250 0.0312500 0.0500000
8 0.4572917 0.9675781 0.0333333 0.0539063
8 0.4440104 0.7515625 0.0244792 0.0531250
6 0.6346354 0.6878906 0.0348958 0.0335937
11 0.4872396 0.5105469 0.0265625 0.0367188
11 0.6755208 0.7093750 0.0385417 0.0421875
7 0.4205729 0.5207031 0.0338542 0.0429688
11 0.6921875 0.8210937 0.0354167 0.0343750
7 0.5648437 0.1875000 0.0307292 0.0468750
10 0.3885417 0.8878906 0.0239583 0.0554687
11 0.3114583 0.7285156 0.0322917 0.0476562
6 0.6958333 0.1906250 0.0291667 0.0453125
7 0.3710938 0.2816406 0.0223958 0.0492187
