3 0.6565104 0.7292969 0.0411458 0.0367188
0 0.3096354 0.3695312 0.0432292 0.0390625
2 0.5888021 0.8144531 0.0432292 0.0351562
0 0.4848958 0.3382812 0.0302083 0.0328125
4 0.5544271 0.2945313 0.0369792 0.0531250
4 0.6296875 0.5976562 0.0291667 0.0718750
4 0.4255208 0.4796875 0.0395833 0.0375000
0 0.5276042 0.3730469 0.0197917 0.0398437
0 0.7666667 0.7703125 0.0468750 0.0390625
4 0.4882812 0.6980469 0.0442708 0.0335937
4 0.5578125 0.8917969 0.0239583 0.0585938
4 0.4458333 0.8121094 0.0156250 0.0632812
1 0.4294271 0.5843750 0.0317708 0.0500000
3 0.3929687 0.6519531 0.0213542 0.0289063
5 0.6445312 0.3003906 0.0411458 0.0257812
2 0.6122396 0.3949219 0.0401042 0.0273438
4 0.5763021 0.1109375 0.0192708 0.0671875
3 0.4546875 0.5558594 0.0343750 0.0273438
2 0.2695312 0.5105469 0.0348958 0.0445313
1 0.6309896 0.4113281 0.0463542 0.0382813
3 0.7007813 0.4085937 0.0338542 0.0500000
1 0.5151042 0.2820313 0.0281250 0.0562500
5 0.5369792 0.1285156 0.0458333 0.0320312
2 0.5294271 0.5121094 0.0338542 0.0351562
3 0.5794271 0.6496094 0.0494792 0.0351562
0 0.4361979 0.1457031 0.0244792 0.0695313
2 0.4346354 0.2664063 0.0401042 0.0515625
3 0.4429688 0.2039063 0.0276042 0.0625000
5 0.5414062 0.7152344 0.0390625 0.0492187
0 0.2427083 0.5613281 0.0322917 0.0382813
3 0.6708333 0.4582031 0.0208333 0.0710937
5 0.4328125 0.1957031 0.0437500 0.0320312
0 0.3247396 0.4414062 0.0453125 0.0281250
1 0.6489583 0.4871094 0.0406250 0.0320312
4 0.5781250 0.4140625 0.0416667 0.0328125
1 0.5419271 0.1390625 0.0213542 0.0578125
5 0.7299479 0.5464844 0.0453125 0.0351562
5 0.5039062 0.2734375 0.0317708 0.0265625
1 0.6679688 0.6117187 0.0494792 0.0343750
1 0.6148438 0.6500000 0.0432292 0.0375000
2 0.5203125 0.7628906 0.0364583 0.0257812
0 0.3679688 0.3847656 0.0223958 0.0414062
3 0.7635417 0.6207031 0.0458333 0.0382813
5 0.7041667 0.6671875 0.0458333 0.0328125
1 0.6906250 0.3750000 0.0468750 0.0312500
1 0.7148438 0.3925781 0.0234375 0.0382813
3 0.6153646 0.4273438 0.0286458 0.0312500
4 0.3924479 0.6667969 0.0223958 0.0710937
0 0.6026042 0.1851562 0.0312500 0.0671875
1 0.5062500 0.6285156 0.0322917 0.0367188
2 0.3822917 0.6964844 0.0270833 0.0664062
3 0.6135417 0.4667969 0.0458333 0.0398437
4 0.5617188 0.5214844 0.0317708 0.0367188
3 0.5661458 0.5164062 0.0354167 0.0312500
3 0.5432292 0.6535156 0.0437500 0.0398437
3 0.4570312 0.3738281 0.0328125 0.0539063
2 0.4515625 0.3984375 0.0260417 0.0343750
1 0.4648438 0.5328125 0.0213542 0.0343750
0 0.5075521 0.4222656 0.0296875 0.0242188
5 0.3726563 0.3492188 0.0442708 0.0296875
5 0.6140625 0.3933594 0.0458333 0.0320312
3 0.2833333 0.5500000 0.0354167 0.0437500
0 0.6802083 0.7289062 0.0229167 0.0625000
4 0.3606771 0.7175781 0.0182292 0.0617188
5 0.4695313 0.3894531 0.0255208 0.0335937
1 0.4932292 0.4910156 0.0229167 0.0367188
4 0.4325521 0.3234375 0.0244792 0.0593750
0 0.5497396 0.7980469 0.0213542 0.0429688
5 0.4289062 0.7480469 0.0255208 0.0335937
5 0.5369792 0.0261719 0.0260417 0.0476562
1 0.4666667 0.3710938 0.0416667 0.0375000
5 0.5455729 0.5765625 0.0369792 0.0312500
0 0.3276042 0.7355469 0.0479167 0.0320312
2 0.5440104 0.2628906 0.0317708 0.0335937
1 0.4817708 0.5277344 0.0395833 0.0289063
5 0.6812500 0.2578125 0.0468750 0.0343750
5 0.4778646 0.2988281 0.0296875 0.0695313
10 0.6309896 0.5281250 0.0265625 0.0609375
8 0.7132812 0.5859375 0.0369792 0.0656250
8 0.6395833 0.6355469 0.0406250 0.0554687
8 0.5833333 0.7535156 0.0364583 0.0445313
8 0.5085937 0.2824219 0.0276042 0.0539063
6 0.3070312 0.4609375 0.0432292 0.0437500
9 0.4338542 0.2453125 0.0375000 0.0546875
11 0.2471354 0.5812500 0.0369792 0.0515625
8 0.6580729 0.3773437 0.0359375 0.0437500
9 0.6085938 0.5140625 0.0348958 0.0546875
7 0.6747396 0.7230469 0.0421875 0.0398437
7 0.5210938 0.5238281 0.0296875 0.0445313
11 0.5424479 0.8445312 0.0390625 0.0390625
8 0.4156250 0.2496094 0.0437500 0.0554687
9 0.3364583 0.4089844 0.0406250 0.0601563
11 0.4049479 0.6300781 0.0265625 0.0539063
