0 0.5869792 0.7730469 0.0187500 0.0351562
3 0.2450521 0.3378906 0.0171875 0.0367188
0 0.6101562 0.7320313 0.0234375 0.0265625
5 0.6440104 0.2656250 0.0140625 0.0375000
0 0.5697917 0.4449219 0.0239583 0.0210938
4 0.4546875 0.3125000 0.0197917 0.0234375
5 0.5114583 0.1945312 0.0125000 0.0421875
4 0.6856771 0.7152344 0.0276042 0.0257812
1 0.5195312 0.5566406 0.0213542 0.0257812
2 0.5138021 0.6968750 0.0244792 0.0250000
4 0.2507813 0.4421875 0.0182292 0.0343750
1 0.7140625 0.8187500 0.0260417 0.0156250
3 0.5169271 0.2523437 0.0265625 0.0187500
5 0.4708333 0.3617187 0.0145833 0.0203125
2 0.4843750 0.2695312 0.0239583 0.0343750
3 0.6041667 0.4578125 0.0260417 0.0171875
4 0.4513021 0.4597656 0.0276042 0.0226562
5 0.5315104 0.8070312 0.0213542 0.0421875
1 0.4223958 0.7894531 0.0187500 0.0429688
0 0.3421875 0.5804687 0.0229167 0.0250000
1 0.7854167 0.4199219 0.0229167 0.0242188
4 0.6450521 0.5097656 0.0265625 0.0164063
5 0.5200521 0.5574219 0.0203125 0.0367188
2 0.7140625 0.5605469 0.0291667 0.0226562
0 0.6125000 0.5402344 0.0260417 0.0242188
2 0.4130208 0.4996094 0.0239583 0.0289063
1 0.5442708 0.5500000 0.0197917 0.0203125
4 0.4427083 0.4273438 0.0208333 0.0296875
1 0.6351562 0.7617188 0.0161458 0.0218750
0 0.7588542 0.5300781 0.0302083 0.0242188
5 0.5221354 0.3187500 0.0213542 0.0281250
4 0.6119792 0.4535156 0.0270833 0.0179687
2 0.4216146 0.5125000 0.0203125 0.0359375
4 0.5552083 0.2730469 0.0177083 0.0304687
5 0.3664062 0.3902344 0.0182292 0.0242188
5 0.3585937 0.6265625 0.0244792 0.0203125
3 0.6151042 0.7253906 0.0239583 0.0273438
0 0.4005208 0.7257813 0.0197917 0.0390625
4 0.5539063 0.4425781 0.0151042 0.0179687
5 0.3619792 0.5140625 0.0260417 0.0312500
1 0.5869792 0.6261719 0.0135417 0.0335937
0 0.6351562 0.6933594 0.0161458 0.0367188
4 0.5755208 0.8050781 0.0291667 0.0195312
2 0.4000000 0.2640625 0.0208333 0.0328125
3 0.4997396 0.6496094 0.0161458 0.0460938
1 0.4598958 0.4531250 0.0197917 0.0281250
5 0.3914063 0.3035156 0.0182292 0.0414062
0 0.6690104 0.3199219 0.0140625 0.0289063
9 0.4713542 0.6898437 0.0260417 0.0359375
10 0.4309896 0.3652344 0.0171875 0.0242188
8 0.4291667 0.5871094 0.0270833 0.0414062
7 0.5843750 0.8027344 0.0260417 0.0273438
7 0.3312500 0.0835937 0.0260417 0.0281250
6 0.2450521 0.2667969 0.0265625 0.0273438
6 0.6875000 0.3527344 0.0270833 0.0351562
10 0.4033854 0.4316406 0.0182292 0.0414062
9 0.3151042 0.8464844 0.0177083 0.0382813
8 0.4877604 0.7472656 0.0203125 0.0289063
9 0.3539062 0.3246094 0.0223958 0.0398437
9 0.7278646 0.7753906 0.0234375 0.0242188
9 0.6414062 0.3457031 0.0265625 0.0382813
10 0.6796875 0.8035156 0.0197917 0.0242188
10 0.4945312 0.4761719 0.0203125 0.0257812
6 0.6601562 0.4078125 0.0182292 0.0328125
6 0.5265625 0.3507812 0.0260417 0.0265625
