4 0.5408854 0.1632812 0.0338542 0.0250000
0 0.5085937 0.5863281 0.0380208 0.0304687
0 0.6000000 0.4507813 0.0291667 0.0281250
1 0.5117188 0.2722656 0.0244792 0.0414062
5 0.3804688 0.5378906 0.0265625 0.0257812
2 0.4666667 0.3074219 0.0187500 0.0507812
3 0.4619792 0.3742187 0.0197917 0.0343750
5 0.5848958 0.6324219 0.0260417 0.0351562
2 0.4994792 0.2867188 0.0385417 0.0281250
3 0.6315104 0.8777344 0.0192708 0.0601563
5 0.4963542 0.4328125 0.0166667 0.0406250
5 0.6731771 0.4554687 0.0442708 0.0281250
2 0.5661458 0.2375000 0.0416667 0.0250000
3 0.6651042 0.3343750 0.0364583 0.0375000
2 0.6091146 0.2230469 0.0286458 0.0539063
5 0.4382813 0.5714844 0.0255208 0.0554687
9 0.5658854 0.0269531 0.0296875 0.0539063
6 0.2674479 0.6511719 0.0411458 0.0398437
11 0.6208333 0.8609375 0.0385417 0.0437500
6 0.4195313 0.5328125 0.0244792 0.0453125
9 0.3895833 0.2300781 0.0250000 0.0523438
