1 0.3744792 0.2312500 0.1020833 0.1859375
4 0.3903646 0.5429688 0.0567708 0.2125000
4 0.2739583 0.4554687 0.1302083 0.1359375
5 0.3156250 0.8585938 0.1333333 0.1109375
4 0.3776042 0.6664062 0.1385417 0.1265625
0 0.6963542 0.4910156 0.1458333 0.1054688
1 0.6385417 0.1871094 0.0718750 0.1304687
1 0.2169271 0.8953125 0.1348958 0.1000000
5 0.5953125 0.5988281 0.1312500 0.1117188
3 0.7049479 0.6128906 0.1380208 0.1226562
1 0.4200521 0.3933594 0.0557292 0.1398437
4 0.5401042 0.4406250 0.0979167 0.0984375
3 0.3945312 0.1937500 0.1036458 0.1734375
2 0.6653646 0.7617188 0.0703125 0.1375000
2 0.5033854 0.6187500 0.1005208 0.1718750
0 0.5088542 0.7144531 0.0750000 0.1914062
5 0.2781250 0.8566406 0.1302083 0.1070312
1 0.5851563 0.1402344 0.0973958 0.1773437
5 0.5726562 0.8722656 0.0723958 0.0851563
2 0.5585938 0.4320312 0.0828125 0.0937500
2 0.7359375 0.3636719 0.1354167 0.1101562
0 0.3203125 0.4230469 0.0927083 0.1429688
2 0.5989583 0.3859375 0.1145833 0.1890625
3 0.4885417 0.8710938 0.1114583 0.0937500
4 0.4997396 0.5285156 0.0932292 0.1960938
5 0.7328125 0.7457031 0.1041667 0.1132812
5 0.3299479 0.2566406 0.0713542 0.1210938
3 0.4429688 0.2265625 0.0776042 0.1906250
3 0.7531250 0.3285156 0.0854167 0.1476562
4 0.5554687 0.3218750 0.1098958 0.1281250
8 0.8088542 0.3554688 0.1302083 0.1265625
7 0.7088542 0.6816406 0.1291667 0.1242188
11 0.7273437 0.7933594 0.1234375 0.1210938
7 0.4736979 0.8906250 0.1213542 0.1953125
7 0.6041667 0.3148437 0.1135417 0.1593750
10 0.7052083 0.4332031 0.0791667 0.1835938
9 0.3294271 0.4656250 0.1296875 0.1296875
11 0.2885417 0.4449219 0.1312500 0.1632812
6 0.5210938 0.8296875 0.0838542 0.1687500
8 0.4216146 0.7484375 0.1203125 0.1421875
7 0.5231771 0.4496094 0.0942708 0.1429688
11 0.6924479 0.2148438 0.0859375 0.1468750
6 0.7679687 0.6246094 0.1338542 0.1945312
7 0.6742187 0.1804688 0.1046875 0.1718750
8 0.5070313 0.6917969 0.1088542 0.1601562
6 0.6403646 0.3878906 0.1109375 0.1851562
7 0.7796875 0.6011719 0.1354167 0.1460937
9 0.8052083 0.2582031 0.1260417 0.1210938
8 0.3617187 0.6535156 0.0776042 0.1742188
