1 0.3617187 0.4214844 0.0380208 0.0273438
4 0.5263021 0.9210938 0.0296875 0.0281250
1 0.4031250 0.4203125 0.0406250 0.0281250
4 0.4971354 0.3761719 0.0223958 0.0507812
1 0.5341146 0.0742188 0.0328125 0.0312500
3 0.6247396 0.2281250 0.0213542 0.0468750
2 0.5921875 0.5800781 0.0218750 0.0320312
4 0.2411458 0.4406250 0.0260417 0.0343750
2 0.5085937 0.7484375 0.0213542 0.0296875
2 0.5091146 0.1816406 0.0255208 0.0320312
1 0.5221354 0.8097656 0.0161458 0.0304687
5 0.5440104 0.7210937 0.0380208 0.0312500
0 0.4601562 0.3175781 0.0411458 0.0320312
3 0.4924479 0.5828125 0.0307292 0.0265625
4 0.6015625 0.9671875 0.0229167 0.0546875
2 0.4705729 0.8488281 0.0286458 0.0460938
0 0.3252604 0.5714844 0.0223958 0.0304687
4 0.5559896 0.6273437 0.0307292 0.0343750
2 0.3677083 0.5906250 0.0218750 0.0312500
4 0.5328125 0.1949219 0.0364583 0.0273438
4 0.3458333 0.3738281 0.0208333 0.0507812
5 0.5072917 0.1492188 0.0385417 0.0296875
1 0.6437500 0.3507812 0.0343750 0.0312500
4 0.4684896 0.7269531 0.0338542 0.0335937
1 0.6372396 0.6195312 0.0380208 0.0265625
3 0.4567708 0.5816406 0.0135417 0.0554687
4 0.5169271 0.6597656 0.0380208 0.0257812
2 0.3002604 0.3558594 0.0192708 0.0257812
3 0.3539062 0.4382813 0.0203125 0.0421875
1 0.3643229 0.7687500 0.0401042 0.0265625
4 0.5507812 0.7832031 0.0223958 0.0429688
4 0.4148438 0.3664062 0.0421875 0.0281250
0 0.4502604 0.1972656 0.0369792 0.0304687
2 0.4622396 0.3878906 0.0234375 0.0445313
2 0.5388021 0.3507812 0.0265625 0.0390625
2 0.4578125 0.4269531 0.0250000 0.0460938
3 0.7179688 0.4507813 0.0369792 0.0296875
2 0.4700521 0.3175781 0.0411458 0.0304687
3 0.7934896 0.7945313 0.0192708 0.0578125
2 0.4062500 0.1039063 0.0343750 0.0312500
4 0.6549479 0.4703125 0.0369792 0.0406250
1 0.3825521 0.7292969 0.0296875 0.0429688
4 0.6656250 0.4867187 0.0375000 0.0296875
0 0.6632813 0.6601562 0.0317708 0.0296875
0 0.6080729 0.7113281 0.0401042 0.0289063
1 0.7557292 0.4019531 0.0229167 0.0414062
8 0.2955729 0.5238281 0.0380208 0.0445313
8 0.5927083 0.9164062 0.0291667 0.0515625
8 0.5919271 0.5375000 0.0223958 0.0375000
6 0.4979167 0.8425781 0.0270833 0.0523438
9 0.2429688 0.3988281 0.0380208 0.0382813
11 0.4721354 0.2257812 0.0307292 0.0343750
9 0.5052083 0.5285156 0.0375000 0.0445313
7 0.6619792 0.3691406 0.0229167 0.0523438
7 0.7458333 0.3605469 0.0364583 0.0367188
