2 0.3744792 0.4019531 0.0562500 0.0367188
5 0.4445312 0.5437500 0.0494792 0.0468750
5 0.3643229 0.6226563 0.0255208 0.0546875
0 0.2505208 0.4992187 0.0427083 0.0562500
0 0.7703125 0.4187500 0.0250000 0.0640625
5 0.6317708 0.1632812 0.0572917 0.0500000
5 0.6789063 0.3363281 0.0505208 0.0460938
1 0.5690104 0.4347656 0.0296875 0.0492187
0 0.5434896 0.7285156 0.0505208 0.0460938
5 0.4903646 0.8128906 0.0296875 0.0710937
4 0.4484375 0.1972656 0.0447917 0.0632812
2 0.3682292 0.2136719 0.0291667 0.0867187
5 0.6091146 0.6261719 0.0401042 0.0960938
3 0.5255208 0.4890625 0.0562500 0.0375000
1 0.6351562 0.2425781 0.0515625 0.0335937
2 0.6765625 0.2093750 0.0541667 0.0437500
3 0.6882812 0.8335938 0.0286458 0.0656250
5 0.5713542 0.5179687 0.0416667 0.0750000
5 0.4721354 0.6066406 0.0286458 0.0789062
5 0.4552083 0.3753906 0.0562500 0.0398437
5 0.7346354 0.7886719 0.0588542 0.0398437
2 0.7460938 0.6085938 0.0557292 0.0593750
4 0.6778646 0.6957031 0.0494792 0.0445313
2 0.2802083 0.4960938 0.0281250 0.0531250
1 0.5033854 0.4464844 0.0307292 0.0804688
1 0.6880208 0.8351563 0.0552083 0.0453125
2 0.4239583 0.3476562 0.0552083 0.0406250
4 0.7171875 0.3781250 0.0520833 0.0359375
5 0.6791667 0.2226562 0.0479167 0.0468750
4 0.5085937 0.1437500 0.0286458 0.0437500
3 0.5421875 0.6578125 0.0343750 0.0406250
6 0.3421875 0.6953125 0.0479167 0.0734375
10 0.4296875 0.3667969 0.0406250 0.0507812
9 0.5630208 0.2492187 0.0479167 0.0531250
10 0.7070312 0.7132812 0.0494792 0.0484375
6 0.4942708 0.6472656 0.0333333 0.0585938
9 0.5838542 0.7761719 0.0541667 0.0523438
10 0.5171875 0.2003906 0.0406250 0.0789062
10 0.6140625 0.5511719 0.0447917 0.0835937
6 0.6315104 0.6531250 0.0536458 0.0562500
7 0.7098958 0.3476562 0.0510417 0.0531250
9 0.4609375 0.2218750 0.0468750 0.0875000
9 0.3281250 0.2257812 0.0500000 0.0687500
6 0.4614583 0.6101562 0.0312500 0.0578125
11 0.5140625 0.7160156 0.0552083 0.0585938
11 0.4385417 0.4089844 0.0333333 0.0570312
9 0.6013021 0.2824219 0.0536458 0.0523438
9 0.2916667 0.6617188 0.0510417 0.0500000
8 0.7315104 0.4597656 0.0369792 0.0554687
8 0.6125000 0.4734375 0.0489583 0.0484375
