3 0.4546875 0.4425781 0.0291667 0.0289063
5 0.7833333 0.4242187 0.0343750 0.0578125
1 0.3273437 0.3968750 0.0203125 0.0281250
0 0.7033854 0.5589844 0.0276042 0.0617188
1 0.6510417 0.7820312 0.0416667 0.0296875
3 0.5684896 0.7183594 0.0442708 0.0320312
4 0.5674479 0.6292969 0.0401042 0.0382813
8 0.2598958 0.2898438 0.0354167 0.0625000
11 0.6406250 0.5355469 0.0312500 0.0523438
10 0.4364583 0.0777344 0.0281250 0.0632812
9 0.6125000 0.4187500 0.0437500 0.0453125
9 0.5953125 0.4695313 0.0406250 0.0593750
