2 0.5046875 0.1031250 0.0302083 0.0343750
3 0.7338542 0.8074219 0.0343750 0.0304687
5 0.5669271 0.5914063 0.0317708 0.0421875
2 0.4674479 0.5308594 0.0348958 0.0304687
5 0.7296875 0.4933594 0.0343750 0.0304687
0 0.6882812 0.3027344 0.0338542 0.0210938
0 0.6388021 0.4796875 0.0213542 0.0234375
4 0.7026042 0.6828125 0.0343750 0.0250000
5 0.5156250 0.7472656 0.0229167 0.0445313
0 0.1966146 0.3109375 0.0182292 0.0203125
2 0.6898437 0.4359375 0.0369792 0.0281250
5 0.5770833 0.5820312 0.0250000 0.0203125
3 0.6643229 0.6089844 0.0307292 0.0242188
2 0.5606771 0.6062500 0.0192708 0.0375000
2 0.6757812 0.5601563 0.0338542 0.0281250
0 0.5192708 0.3921875 0.0218750 0.0484375
2 0.4244792 0.5531250 0.0322917 0.0265625
4 0.4658854 0.4835937 0.0140625 0.0406250
5 0.4492188 0.6781250 0.0307292 0.0250000
5 0.7000000 0.5683594 0.0333333 0.0257812
5 0.6848958 0.4164062 0.0343750 0.0281250
2 0.7007813 0.4035156 0.0328125 0.0226562
0 0.4687500 0.6359375 0.0260417 0.0296875
0 0.4843750 0.7019531 0.0343750 0.0257812
1 0.6583333 0.4621094 0.0291667 0.0289063
5 0.4455729 0.2722656 0.0161458 0.0476562
4 0.4447917 0.5136719 0.0229167 0.0210938
1 0.6130208 0.7175781 0.0218750 0.0398437
0 0.6533854 0.5847656 0.0161458 0.0226562
3 0.5356771 0.6675781 0.0296875 0.0257812
4 0.6570312 0.3230469 0.0255208 0.0414062
0 0.6843750 0.6468750 0.0229167 0.0328125
0 0.6994792 0.6375000 0.0239583 0.0390625
1 0.3651042 0.3246094 0.0260417 0.0242188
5 0.2244792 0.1441406 0.0270833 0.0257812
2 0.3778646 0.9937500 0.0151042 0.0109375
5 0.6010417 0.5855469 0.0197917 0.0414062
4 0.5067708 0.1808594 0.0302083 0.0289063
4 0.6804687 0.4863281 0.0192708 0.0398437
3 0.3604167 0.2421875 0.0208333 0.0296875
2 0.6315104 0.6343750 0.0338542 0.0250000
3 0.6218750 0.4179688 0.0270833 0.0250000
1 0.6002604 0.3046875 0.0307292 0.0265625
3 0.4466146 0.3726563 0.0182292 0.0390625
0 0.3377604 0.6003906 0.0328125 0.0257812
1 0.3497396 0.4226563 0.0182292 0.0265625
5 0.3697917 0.3246094 0.0312500 0.0351562
5 0.4057292 0.6519531 0.0145833 0.0460938
0 0.6109375 0.2222656 0.0187500 0.0460938
7 0.3596354 0.1945312 0.0213542 0.0453125
7 0.5773438 0.7929688 0.0328125 0.0390625
8 0.4828125 0.7386719 0.0333333 0.0335937
11 0.6343750 0.6316406 0.0302083 0.0304687
11 0.6375000 0.4609375 0.0281250 0.0296875
6 0.3781250 0.6925781 0.0312500 0.0304687
7 0.5388021 0.5972656 0.0276042 0.0304687
10 0.5554687 0.4175781 0.0213542 0.0492187
