1 0.3723958 0.3882813 0.0531250 0.1015625
2 0.6971354 0.3078125 0.0588542 0.0750000
4 0.6593750 0.6265625 0.0687500 0.0656250
5 0.5955729 0.7414063 0.0744792 0.0812500
3 0.6656250 0.7890625 0.0718750 0.0421875
11 0.3023438 0.3875000 0.0463542 0.0859375
10 0.5164062 0.6933594 0.0661458 0.0929688
8 0.5395833 0.6824219 0.0802083 0.0960938
8 0.6989583 0.0726563 0.0760417 0.0812500
10 0.5932292 0.3984375 0.0604167 0.0875000
7 0.7119792 0.6472656 0.0708333 0.0960938
9 0.6455729 0.4250000 0.0692708 0.0687500
7 0.3304687 0.0910156 0.0776042 0.0773438
11 0.3520833 0.2132813 0.0520833 0.0687500
9 0.5140625 0.4625000 0.0781250 0.0828125
7 0.5406250 0.6480469 0.0760417 0.1039063
10 0.7377604 0.4632812 0.0776042 0.0750000
6 0.4406250 0.4218750 0.0781250 0.0734375
7 0.5697917 0.9367188 0.0697917 0.0687500
7 0.7513021 0.4156250 0.0723958 0.1031250
9 0.5677083 0.4519531 0.0750000 0.0726563
10 0.5151042 0.3796875 0.0593750 0.0828125
9 0.6140625 0.6347656 0.0593750 0.1023437
6 0.6434896 0.5414062 0.0703125 0.0671875
11 0.3250000 0.5597656 0.0625000 0.0992187
