3 0.3153646 0.3562500 0.0140625 0.0281250
0 0.7216146 0.4988281 0.0286458 0.0242188
3 0.3375000 0.3480469 0.0156250 0.0429688
4 0.5770833 0.5738281 0.0322917 0.0226562
8 0.3411458 0.7250000 0.0260417 0.0250000
8 0.3992188 0.3792969 0.0276042 0.0273438
6 0.3062500 0.7386719 0.0270833 0.0273438
9 0.6028646 0.6000000 0.0203125 0.0406250
9 0.5208333 0.1417969 0.0229167 0.0351562
6 0.4533854 0.6417969 0.0286458 0.0445313
8 0.6640625 0.5847656 0.0177083 0.0382813
6 0.5346354 0.4886719 0.0182292 0.0382813
7 0.2731771 0.3296875 0.0276042 0.0265625
8 0.7411458 0.3031250 0.0270833 0.0359375
10 0.3437500 0.3523438 0.0239583 0.0312500
