0 0.2320312 0.4660156 0.0807292 0.0773438
0 0.2036458 0.5203125 0.0385417 0.1031250
4 0.4692708 0.3667969 0.0385417 0.0585938
3 0.4067708 0.8167969 0.0593750 0.0789062
5 0.7518229 0.3996094 0.0796875 0.0664062
2 0.5255208 0.7562500 0.0541667 0.0546875
4 0.6289062 0.4386719 0.0369792 0.0679687
5 0.1937500 0.4230469 0.0645833 0.0726563
3 0.5497396 0.5953125 0.0619792 0.0625000
4 0.4984375 0.6746094 0.0520833 0.1320312
5 0.5343750 0.1640625 0.0541667 0.1015625
4 0.6057292 0.6960937 0.0593750 0.0750000
0 0.3625000 0.5285156 0.0447917 0.1164063
4 0.6250000 0.2062500 0.0375000 0.1140625
4 0.7559896 0.4656250 0.0588542 0.1156250
2 0.6145833 0.7851562 0.0843750 0.0593750
2 0.4315104 0.3175781 0.0578125 0.0742188
2 0.5888021 0.3179688 0.0890625 0.0593750
2 0.4627604 0.8484375 0.0588542 0.0828125
3 0.8065104 0.3042969 0.0848958 0.0835937
3 0.5421875 0.0894531 0.0604167 0.1085938
3 0.3664062 0.5519531 0.0609375 0.0726563
5 0.6815104 0.4917969 0.0546875 0.1070312
1 0.5203125 0.2281250 0.0562500 0.0578125
0 0.3812500 0.5718750 0.0531250 0.1250000
4 0.3486979 0.2824219 0.0890625 0.0742188
2 0.6028646 0.7550781 0.0744792 0.0695313
5 0.7187500 0.4855469 0.0802083 0.0710937
2 0.3921875 0.4242187 0.0552083 0.1187500
3 0.4966146 0.0941406 0.0505208 0.1039063
2 0.6119792 0.4175781 0.0802083 0.0632812
5 0.3880208 0.8730469 0.0468750 0.0773438
5 0.4091146 0.2910156 0.0651042 0.1117188
1 0.2671875 0.4335938 0.0395833 0.0562500
0 0.7635417 0.6195312 0.0385417 0.1203125
0 0.4690104 0.4312500 0.0817708 0.0796875
1 0.5161458 0.2714844 0.0614583 0.0679687
1 0.6976562 0.3316406 0.0880208 0.0476562
4 0.3096354 0.5816406 0.0869792 0.0570312
1 0.4992187 0.4867187 0.0453125 0.1234375
1 0.6544271 0.1976563 0.0786458 0.0562500
2 0.5307292 0.7769531 0.0791667 0.0570312
3 0.5742188 0.9246094 0.0505208 0.1070312
0 0.5791667 0.5968750 0.0750000 0.0671875
4 0.6765625 0.7265625 0.0656250 0.0625000
4 0.5010417 0.3234375 0.0750000 0.0625000
2 0.5825521 0.3097656 0.0390625 0.0929688
3 0.4713542 0.2898438 0.0843750 0.0593750
1 0.6851563 0.6753906 0.0286458 0.0585938
1 0.5708333 0.6945313 0.0677083 0.0703125
1 0.5416667 0.5519531 0.0927083 0.0648438
5 0.4075521 0.4425781 0.0546875 0.0585938
5 0.2968750 0.2433594 0.0895833 0.0570312
5 0.4442708 0.5324219 0.0489583 0.1132812
5 0.5820312 0.5464844 0.0828125 0.0929688
5 0.4802083 0.2441406 0.0833333 0.0789062
0 0.4648438 0.6964844 0.0463542 0.1398437
5 0.5861979 0.7316406 0.0786458 0.0710937
2 0.4916667 0.3457031 0.0635417 0.0726563
0 0.7085938 0.1886719 0.0651042 0.0804688
5 0.7742187 0.2394531 0.0890625 0.0585938
5 0.4559896 0.6015625 0.0484375 0.0531250
2 0.4184896 0.6386719 0.0692708 0.0835937
3 0.6486979 0.5187500 0.0359375 0.0609375
8 0.5320312 0.5062500 0.0473958 0.0765625
10 0.4888021 0.0375000 0.0484375 0.0750000
8 0.4497396 0.3292969 0.0682292 0.0695313
10 0.5731771 0.2601562 0.0765625 0.0765625
10 0.5520833 0.6496094 0.0645833 0.0820312
10 0.2929688 0.6234375 0.0744792 0.0906250
11 0.7164063 0.4992187 0.0619792 0.0828125
6 0.5145833 0.2476562 0.0781250 0.0765625
10 0.6432292 0.5214844 0.0750000 0.0726563
