5 0.2809896 0.7148438 0.0234375 0.0500000
1 0.6825521 0.2863281 0.0171875 0.0367188
0 0.5851563 0.5996094 0.0265625 0.0382813
2 0.4250000 0.7390625 0.0218750 0.0609375
3 0.4143229 0.7644531 0.0255208 0.0585938
5 0.5583333 0.3921875 0.0427083 0.0328125
5 0.2544271 0.5968750 0.0369792 0.0281250
2 0.4666667 0.4457031 0.0385417 0.0289063
4 0.3682292 0.4917969 0.0197917 0.0367188
4 0.3046875 0.7312500 0.0343750 0.0421875
2 0.5736979 0.1796875 0.0390625 0.0296875
9 0.5895833 0.9847656 0.0250000 0.0289063
9 0.3513021 0.2808594 0.0348958 0.0335937
8 0.4916667 0.4953125 0.0281250 0.0437500
11 0.4799479 0.4476562 0.0286458 0.0546875
7 0.7291667 0.8632812 0.0291667 0.0562500
11 0.4250000 0.7625000 0.0343750 0.0421875
10 0.4330729 0.5894531 0.0234375 0.0507812
6 0.4244792 0.4722656 0.0312500 0.0414062
10 0.5533854 0.1675781 0.0348958 0.0367188
7 0.6656250 0.2144531 0.0375000 0.0539063
9 0.7335938 0.5113281 0.0359375 0.0414062
8 0.4937500 0.5691406 0.0333333 0.0367188
7 0.6942708 0.3277344 0.0260417 0.0367188
8 0.6132812 0.3417969 0.0265625 0.0523438
10 0.3851562 0.5292969 0.0338542 0.0507812
9 0.4234375 0.7132812 0.0281250 0.0546875
6 0.4223958 0.4824219 0.0239583 0.0507812
10 0.6901042 0.7800781 0.0260417 0.0554687
