1 0.4653646 0.8285156 0.0119792 0.0242188
3 0.6299479 0.4003906 0.0255208 0.0195312
5 0.3867188 0.4550781 0.0255208 0.0195312
0 0.4489583 0.4812500 0.0125000 0.0218750
1 0.5520833 0.3457031 0.0208333 0.0148437
3 0.6093750 0.2894531 0.0197917 0.0148437
5 0.3390625 0.8042969 0.0177083 0.0226562
1 0.4054687 0.6562500 0.0140625 0.0250000
0 0.7257813 0.5968750 0.0203125 0.0203125
3 0.6822917 0.2636719 0.0197917 0.0195312
0 0.5588542 0.5835938 0.0208333 0.0156250
0 0.5786458 0.7136719 0.0208333 0.0179687
4 0.6143229 0.6453125 0.0171875 0.0218750
0 0.5773438 0.9015625 0.0223958 0.0234375
4 0.4416667 0.3988281 0.0197917 0.0257812
2 0.6919271 0.6113281 0.0244792 0.0195312
1 0.5070313 0.6968750 0.0234375 0.0218750
9 0.4848958 0.9324219 0.0218750 0.0242188
8 0.3942708 0.4894531 0.0135417 0.0257812
10 0.5635417 0.1726563 0.0218750 0.0203125
6 0.5919271 0.3343750 0.0223958 0.0296875
10 0.3338542 0.4910156 0.0135417 0.0289063
6 0.6463542 0.1656250 0.0187500 0.0265625
6 0.5997396 0.7976562 0.0171875 0.0312500
10 0.4223958 0.8410156 0.0135417 0.0320312
10 0.6687500 0.6355469 0.0218750 0.0242188
8 0.5760417 0.1093750 0.0177083 0.0328125
6 0.5382813 0.4667969 0.0244792 0.0289063
