1 0.5729167 0.1925781 0.0281250 0.0695313
2 0.5437500 0.2046875 0.0447917 0.0437500
5 0.6729167 0.3093750 0.0541667 0.0421875
5 0.6585937 0.1933594 0.0234375 0.0601563
3 0.5716146 0.7156250 0.0588542 0.0406250
5 0.6000000 0.3316406 0.0562500 0.0320312
4 0.6817708 0.4210937 0.0500000 0.0390625
1 0.5841146 0.1300781 0.0484375 0.0523438
5 0.3575521 0.4656250 0.0515625 0.0546875
5 0.5638021 0.4464844 0.0505208 0.0367188
2 0.7778646 0.5394531 0.0338542 0.0429688
1 0.6083333 0.2082031 0.0218750 0.0414062
1 0.6283854 0.7011719 0.0557292 0.0398437
5 0.4317708 0.7613281 0.0510417 0.0367188
5 0.7291667 0.8246094 0.0312500 0.0601563
4 0.4958333 0.3558594 0.0479167 0.0648438
1 0.4375000 0.3097656 0.0458333 0.0445313
2 0.5677083 0.2726562 0.0291667 0.0828125
2 0.5901042 0.5136719 0.0552083 0.0351562
3 0.3119792 0.4207031 0.0312500 0.0414062
1 0.7401042 0.2335937 0.0479167 0.0343750
0 0.5924479 0.2632813 0.0286458 0.0531250
4 0.6171875 0.5050781 0.0562500 0.0367188
2 0.2140625 0.5250000 0.0395833 0.0578125
5 0.6638021 0.2355469 0.0348958 0.0585938
2 0.6690104 0.6175781 0.0536458 0.0367188
1 0.5812500 0.2718750 0.0322917 0.0609375
3 0.2388021 0.6859375 0.0265625 0.0812500
1 0.2635417 0.7335938 0.0427083 0.0343750
4 0.5067708 0.3750000 0.0520833 0.0343750
2 0.4161458 0.3843750 0.0322917 0.0437500
4 0.5638021 0.1933594 0.0286458 0.0664062
4 0.4656250 0.1925781 0.0333333 0.0648438
3 0.4664063 0.5550781 0.0276042 0.0382813
2 0.5070313 0.5109375 0.0348958 0.0500000
0 0.7466146 0.3832031 0.0255208 0.0570312
7 0.3549479 0.5191406 0.0463542 0.0632812
6 0.4736979 0.4964844 0.0453125 0.0632812
7 0.2651042 0.3843750 0.0531250 0.0625000
9 0.7093750 0.1921875 0.0541667 0.0703125
11 0.5226563 0.1496094 0.0505208 0.0492187
7 0.4460938 0.4140625 0.0484375 0.0468750
8 0.4513021 0.6718750 0.0526042 0.0796875
8 0.3927083 0.9277344 0.0354167 0.0710937
11 0.6184896 0.5597656 0.0442708 0.0648438
11 0.4640625 0.1539062 0.0416667 0.0562500
10 0.4869792 0.4707031 0.0333333 0.0601563
7 0.6625000 0.4570312 0.0312500 0.0671875
7 0.4572917 0.3937500 0.0468750 0.0468750
10 0.6416667 0.7425781 0.0312500 0.0757812
7 0.5085937 0.3695312 0.0338542 0.0750000
