0 0.2700521 0.2097656 0.0192708 0.0492187
2 0.4765625 0.3125000 0.0291667 0.0421875
0 0.2111979 0.5714844 0.0401042 0.0289063
5 0.2986979 0.4613281 0.0223958 0.0617188
1 0.5927083 0.7386719 0.0281250 0.0335937
4 0.4166667 0.3683594 0.0364583 0.0289063
4 0.6557292 0.7839844 0.0239583 0.0320312
5 0.5325521 0.4371094 0.0307292 0.0257812
4 0.5729167 0.4609375 0.0375000 0.0265625
5 0.4820313 0.5234375 0.0192708 0.0515625
5 0.7158854 0.5242187 0.0411458 0.0296875
1 0.5354167 0.3898437 0.0333333 0.0234375
3 0.5429688 0.6203125 0.0171875 0.0578125
4 0.5565104 0.2312500 0.0182292 0.0515625
3 0.6520833 0.4882812 0.0385417 0.0281250
0 0.2604167 0.4703125 0.0364583 0.0234375
1 0.7723958 0.4886719 0.0427083 0.0289063
3 0.4143229 0.2347656 0.0380208 0.0414062
2 0.7013021 0.7910156 0.0296875 0.0320312
2 0.4554687 0.5218750 0.0317708 0.0203125
5 0.6333333 0.8246094 0.0208333 0.0570312
4 0.3518229 0.5335937 0.0390625 0.0218750
0 0.3692708 0.6171875 0.0437500 0.0375000
2 0.4341146 0.5625000 0.0161458 0.0453125
4 0.6846354 0.4285156 0.0203125 0.0320312
5 0.7598958 0.5164062 0.0291667 0.0453125
5 0.3927083 0.2253906 0.0385417 0.0351562
0 0.3947917 0.2511719 0.0260417 0.0507812
2 0.5302083 0.8019531 0.0354167 0.0257812
3 0.5255208 0.5191406 0.0302083 0.0242188
5 0.5903646 0.4292969 0.0421875 0.0304687
0 0.3257813 0.7875000 0.0244792 0.0375000
5 0.6083333 0.4144531 0.0354167 0.0273438
5 0.5416667 0.8910156 0.0385417 0.0289063
5 0.4302083 0.5625000 0.0187500 0.0328125
3 0.4591146 0.3785156 0.0380208 0.0304687
3 0.5575521 0.6519531 0.0244792 0.0320312
5 0.3820312 0.5292969 0.0328125 0.0320312
1 0.3382812 0.5085937 0.0223958 0.0531250
0 0.4281250 0.7933594 0.0166667 0.0570312
5 0.5226563 0.2730469 0.0338542 0.0335937
1 0.7270833 0.6246094 0.0364583 0.0304687
3 0.2778646 0.5734375 0.0255208 0.0359375
0 0.6023437 0.5214844 0.0244792 0.0273438
4 0.5958333 0.4480469 0.0270833 0.0460938
2 0.7239583 0.6250000 0.0322917 0.0390625
0 0.3690104 0.4984375 0.0265625 0.0453125
0 0.5567708 0.5890625 0.0260417 0.0359375
2 0.5390625 0.5472656 0.0218750 0.0539063
1 0.4315104 0.4117188 0.0338542 0.0250000
2 0.7723958 0.5109375 0.0208333 0.0359375
2 0.7203125 0.2011719 0.0385417 0.0289063
0 0.7156250 0.7566406 0.0229167 0.0539063
1 0.4710937 0.3207031 0.0265625 0.0273438
2 0.5164062 0.3718750 0.0380208 0.0296875
5 0.7216146 0.2507813 0.0421875 0.0250000
0 0.5408854 0.5750000 0.0223958 0.0406250
4 0.6575521 0.3214844 0.0265625 0.0289063
0 0.4703125 0.3136719 0.0156250 0.0273438
1 0.4070313 0.3031250 0.0317708 0.0328125
4 0.4276042 0.5769531 0.0145833 0.0367188
4 0.7348958 0.2550781 0.0177083 0.0523438
1 0.7192708 0.5460938 0.0364583 0.0437500
3 0.6622396 0.5039062 0.0171875 0.0515625
4 0.5885417 0.7222656 0.0250000 0.0382813
1 0.6401042 0.4105469 0.0166667 0.0304687
0 0.6088542 0.4976563 0.0322917 0.0406250
3 0.4617188 0.7753906 0.0328125 0.0398437
2 0.5955729 0.4800781 0.0213542 0.0351562
0 0.7843750 0.3113281 0.0302083 0.0289063
0 0.4924479 0.4046875 0.0213542 0.0328125
7 0.6041667 0.2445313 0.0312500 0.0437500
10 0.4447917 0.1152344 0.0218750 0.0539063
10 0.5794271 0.6648437 0.0369792 0.0359375
9 0.6906250 0.7628906 0.0343750 0.0335937
10 0.7359375 0.3773437 0.0343750 0.0328125
6 0.4382813 0.7332031 0.0328125 0.0445313
