4 0.4299479 0.3984375 0.0557292 0.0890625
5 0.4895833 0.5738281 0.0875000 0.0851563
4 0.7411458 0.6726562 0.0479167 0.1109375
5 0.6054688 0.7804688 0.0776042 0.0968750
0 0.5000000 0.2859375 0.0750000 0.0656250
5 0.5421875 0.8941406 0.0739583 0.0882813
4 0.6291667 0.6460938 0.0802083 0.0656250
0 0.6950521 0.4390625 0.0817708 0.0968750
0 0.6947917 0.1222656 0.0781250 0.0835937
0 0.5882812 0.5593750 0.0473958 0.1078125
0 0.2955729 0.7136719 0.0567708 0.0648438
4 0.4101562 0.2089844 0.0630208 0.1101562
0 0.4109375 0.6742187 0.0645833 0.1046875
1 0.6791667 0.4457031 0.0677083 0.0960938
3 0.5492187 0.9984375 0.0088542 0.0015625
5 0.4757812 0.4320312 0.0588542 0.1046875
5 0.4867187 0.6687500 0.0473958 0.1000000
3 0.4229167 0.6300781 0.0437500 0.0648438
0 0.6273437 0.4996094 0.0796875 0.0617188
5 0.3111979 0.3070312 0.0848958 0.0765625
4 0.4562500 0.5414062 0.0552083 0.1359375
5 0.4802083 0.8523437 0.0927083 0.0562500
4 0.5403646 0.1902344 0.0796875 0.0710937
1 0.4638021 0.4335938 0.0369792 0.1046875
8 0.6145833 0.7910156 0.0885417 0.0835937
8 0.4338542 0.3503906 0.0843750 0.0851563
6 0.3007812 0.6921875 0.0536458 0.1203125
