0 0.3682292 0.3015625 0.0260417 0.0203125
0 0.5455729 0.3421875 0.0130208 0.0171875
1 0.5690104 0.2609375 0.0119792 0.0375000
1 0.4182292 0.5503906 0.0270833 0.0242188
1 0.6453125 0.4628906 0.0260417 0.0226562
2 0.6911458 0.4257812 0.0270833 0.0234375
2 0.5221354 0.1066406 0.0276042 0.0210938
3 0.4825521 0.1832031 0.0255208 0.0289063
1 0.2184896 0.5574219 0.0192708 0.0289063
5 0.7752604 0.6757812 0.0182292 0.0421875
1 0.6312500 0.2867188 0.0156250 0.0375000
3 0.4989583 0.7582031 0.0229167 0.0226562
5 0.6828125 0.2371094 0.0250000 0.0195312
0 0.4302083 0.5394531 0.0250000 0.0304687
4 0.7138021 0.7765625 0.0255208 0.0187500
4 0.4799479 0.3218750 0.0244792 0.0343750
0 0.6101562 0.4765625 0.0192708 0.0375000
3 0.5075521 0.6160156 0.0182292 0.0257812
3 0.4208333 0.2980469 0.0166667 0.0414062
0 0.4648438 0.4078125 0.0265625 0.0203125
5 0.7177083 0.6515625 0.0250000 0.0265625
2 0.5239583 0.6015625 0.0177083 0.0406250
0 0.4151042 0.2917969 0.0156250 0.0210938
1 0.3489583 0.4425781 0.0218750 0.0320312
4 0.4833333 0.3960938 0.0166667 0.0156250
1 0.5195312 0.1746094 0.0265625 0.0195312
2 0.6726562 0.4000000 0.0265625 0.0203125
4 0.3835938 0.7980469 0.0286458 0.0195312
6 0.4986979 0.7734375 0.0182292 0.0265625
7 0.5390625 0.6621094 0.0250000 0.0242188
8 0.7796875 0.5960937 0.0270833 0.0312500
8 0.6093750 0.8156250 0.0250000 0.0265625
8 0.6976562 0.4847656 0.0265625 0.0289063
11 0.6182292 0.3328125 0.0270833 0.0296875
9 0.6794271 0.5335937 0.0203125 0.0390625
11 0.4281250 0.5945312 0.0187500 0.0265625
9 0.7005208 0.7558594 0.0166667 0.0398437
7 0.6661458 0.3046875 0.0239583 0.0281250
9 0.6572917 0.6378906 0.0260417 0.0289063
10 0.5708333 0.1738281 0.0218750 0.0257812
7 0.3442708 0.6785156 0.0229167 0.0242188
7 0.5049479 0.6000000 0.0244792 0.0234375
8 0.4705729 0.5542969 0.0203125 0.0351562
8 0.3669271 0.4101562 0.0161458 0.0250000
10 0.3528646 0.4859375 0.0265625 0.0250000
6 0.3304687 0.5472656 0.0244792 0.0304687
11 0.8075521 0.3324219 0.0244792 0.0257812
