5 0.7125000 0.3351562 0.0322917 0.0296875
5 0.6635417 0.6425781 0.0291667 0.0554687
2 0.5666667 0.4996094 0.0250000 0.0429688
3 0.4429688 0.6066406 0.0359375 0.0210938
3 0.5588542 0.9437500 0.0354167 0.0281250
2 0.6565104 0.7257813 0.0255208 0.0250000
1 0.5346354 0.6175781 0.0171875 0.0539063
5 0.5377604 0.3449219 0.0348958 0.0289063
4 0.5356771 0.3960938 0.0369792 0.0296875
2 0.5427083 0.6488281 0.0302083 0.0414062
3 0.5015625 0.8062500 0.0187500 0.0312500
2 0.4158854 0.7460938 0.0223958 0.0546875
4 0.2687500 0.4570312 0.0156250 0.0250000
4 0.6731771 0.4796875 0.0317708 0.0390625
4 0.4661458 0.1429688 0.0364583 0.0265625
3 0.7546875 0.3554688 0.0354167 0.0343750
0 0.7026042 0.5000000 0.0395833 0.0343750
4 0.5130208 0.6816406 0.0187500 0.0570312
4 0.5330729 0.7929688 0.0192708 0.0484375
2 0.2203125 0.3113281 0.0395833 0.0289063
2 0.6341146 0.2855469 0.0234375 0.0351562
2 0.4200521 0.3621094 0.0213542 0.0273438
3 0.4562500 0.5742188 0.0166667 0.0515625
0 0.5197917 0.4375000 0.0385417 0.0265625
2 0.6927083 0.6070313 0.0395833 0.0296875
2 0.5796875 0.1238281 0.0395833 0.0257812
3 0.5023437 0.2035156 0.0369792 0.0273438
5 0.5007812 0.6433594 0.0161458 0.0351562
5 0.2794271 0.6125000 0.0171875 0.0515625
4 0.3468750 0.2945313 0.0364583 0.0203125
0 0.5757813 0.2769531 0.0338542 0.0382813
4 0.4455729 0.2535156 0.0192708 0.0492187
0 0.3682292 0.2742188 0.0302083 0.0265625
3 0.3546875 0.1500000 0.0364583 0.0390625
2 0.6507812 0.5503906 0.0338542 0.0226562
4 0.5945312 0.5375000 0.0338542 0.0187500
0 0.5986979 0.6664062 0.0359375 0.0218750
2 0.4869792 0.7699219 0.0250000 0.0476562
2 0.7476563 0.6699219 0.0369792 0.0335937
3 0.6416667 0.7925781 0.0343750 0.0320312
2 0.6104167 0.3562500 0.0270833 0.0375000
1 0.6388021 0.6238281 0.0348958 0.0242188
3 0.5335937 0.8410156 0.0286458 0.0476562
0 0.4903646 0.6542969 0.0244792 0.0273438
5 0.3645833 0.8664063 0.0187500 0.0281250
1 0.5088542 0.1039063 0.0239583 0.0250000
2 0.5661458 0.8906250 0.0156250 0.0531250
2 0.6075521 0.5996094 0.0296875 0.0273438
3 0.6903646 0.6863281 0.0359375 0.0257812
0 0.3023438 0.8089844 0.0380208 0.0289063
4 0.5981771 0.3468750 0.0317708 0.0296875
1 0.2546875 0.6855469 0.0229167 0.0367188
0 0.6640625 0.5000000 0.0239583 0.0484375
4 0.5643229 0.4929688 0.0161458 0.0453125
3 0.5059896 0.7410156 0.0348958 0.0320312
1 0.5799479 0.5996094 0.0265625 0.0320312
2 0.6565104 0.5617188 0.0161458 0.0328125
3 0.5822917 0.4593750 0.0197917 0.0484375
7 0.7750000 0.6699219 0.0364583 0.0351562
11 0.4981771 0.5238281 0.0328125 0.0460938
8 0.4684896 0.2058594 0.0234375 0.0539063
6 0.4789062 0.1832031 0.0348958 0.0414062
11 0.4695313 0.3031250 0.0348958 0.0390625
10 0.4625000 0.8101563 0.0250000 0.0500000
7 0.2875000 0.6265625 0.0229167 0.0531250
11 0.3221354 0.3265625 0.0390625 0.0500000
10 0.3833333 0.2773438 0.0343750 0.0421875
6 0.3635417 0.4496094 0.0354167 0.0523438
