0 0.5309896 0.4917969 0.0140625 0.0210938
3 0.5609375 0.6839844 0.0208333 0.0320312
3 0.5065104 0.1574219 0.0182292 0.0414062
2 0.5572917 0.6468750 0.0177083 0.0281250
2 0.5299479 0.5042969 0.0192708 0.0226562
4 0.6583333 0.3652344 0.0270833 0.0210938
3 0.5244792 0.2835937 0.0260417 0.0296875
4 0.6203125 0.5199219 0.0250000 0.0242188
5 0.4989583 0.5324219 0.0302083 0.0257812
1 0.3518229 0.2671875 0.0317708 0.0218750
0 0.4140625 0.5585938 0.0291667 0.0234375
3 0.6145833 0.5105469 0.0135417 0.0398437
4 0.5437500 0.6085938 0.0302083 0.0234375
0 0.7575521 0.7734375 0.0296875 0.0234375
4 0.6033854 0.5750000 0.0276042 0.0187500
3 0.5919271 0.3964844 0.0255208 0.0226562
11 0.4572917 0.1046875 0.0281250 0.0390625
10 0.6138021 0.3910156 0.0203125 0.0382813
7 0.3736979 0.6898437 0.0255208 0.0296875
7 0.5270833 0.4609375 0.0166667 0.0250000
10 0.6567708 0.3851562 0.0260417 0.0421875
10 0.6606771 0.3636719 0.0171875 0.0257812
9 0.4492188 0.2214844 0.0255208 0.0367188
9 0.6401042 0.4914062 0.0260417 0.0312500
8 0.4458333 0.4328125 0.0302083 0.0296875
8 0.5390625 0.3890625 0.0291667 0.0421875
6 0.6575521 0.3410156 0.0255208 0.0367188
9 0.6989583 0.3515625 0.0250000 0.0343750
9 0.6656250 0.7269531 0.0197917 0.0398437
7 0.3903646 0.0671875 0.0276042 0.0312500
7 0.4111979 0.7246094 0.0265625 0.0273438
