4 0.6539063 0.7792969 0.0130208 0.0273438
1 0.5583333 0.4968750 0.0114583 0.0203125
4 0.5234375 0.8164062 0.0166667 0.0296875
4 0.6445312 0.3890625 0.0140625 0.0328125
2 0.4406250 0.4667969 0.0239583 0.0210938
0 0.5304688 0.3937500 0.0119792 0.0328125
0 0.4851563 0.9410156 0.0161458 0.0226562
4 0.5739583 0.4117188 0.0218750 0.0140625
8 0.3971354 0.5335937 0.0213542 0.0218750
8 0.3739583 0.7750000 0.0156250 0.0359375
10 0.4153646 0.6160156 0.0192708 0.0242188
10 0.6723958 0.5601563 0.0208333 0.0218750
