5 0.3184896 0.3851562 0.0119792 0.0296875
5 0.5856771 0.6503906 0.0244792 0.0195312
1 0.4106771 0.3593750 0.0171875 0.0156250
0 0.6700521 0.4855469 0.0140625 0.0304687
0 0.5278646 0.6257812 0.0171875 0.0218750
4 0.5533854 0.7105469 0.0213542 0.0164063
5 0.5807292 0.6085938 0.0197917 0.0234375
1 0.4117188 0.3535156 0.0140625 0.0164063
0 0.5716146 0.3246094 0.0130208 0.0320312
3 0.5606771 0.5410156 0.0130208 0.0242188
5 0.6992188 0.7085938 0.0171875 0.0187500
4 0.6539063 0.6597656 0.0223958 0.0148437
3 0.7401042 0.3949219 0.0156250 0.0335937
2 0.3903646 0.3628906 0.0182292 0.0148437
2 0.3703125 0.6300781 0.0229167 0.0164063
5 0.2989583 0.3785156 0.0156250 0.0195312
3 0.5510417 0.2628906 0.0229167 0.0148437
5 0.5007812 0.4843750 0.0223958 0.0171875
5 0.6338542 0.6222656 0.0114583 0.0335937
2 0.5502604 0.6210938 0.0192708 0.0250000
5 0.5658854 0.8742188 0.0192708 0.0203125
4 0.7453125 0.2218750 0.0218750 0.0203125
4 0.5213542 0.9207031 0.0156250 0.0320312
4 0.4393229 0.5445313 0.0161458 0.0218750
4 0.4643229 0.3285156 0.0140625 0.0273438
4 0.3729167 0.1125000 0.0239583 0.0203125
3 0.4531250 0.2476562 0.0125000 0.0312500
2 0.3778646 0.3015625 0.0171875 0.0265625
5 0.5304688 0.5304688 0.0203125 0.0250000
5 0.5148438 0.5968750 0.0161458 0.0187500
3 0.4666667 0.8503906 0.0197917 0.0273438
2 0.3015625 0.5226563 0.0114583 0.0343750
1 0.3695312 0.3238281 0.0255208 0.0179687
3 0.6145833 0.4886719 0.0114583 0.0273438
3 0.3653646 0.6457031 0.0182292 0.0179687
5 0.4908854 0.1187500 0.0192708 0.0312500
2 0.4028646 0.3312500 0.0234375 0.0156250
0 0.5236979 0.6343750 0.0109375 0.0296875
0 0.6567708 0.7191406 0.0229167 0.0179687
0 0.6117187 0.4996094 0.0130208 0.0320312
3 0.2869792 0.5441406 0.0239583 0.0257812
1 0.1822917 0.5023437 0.0218750 0.0203125
5 0.6070313 0.3292969 0.0130208 0.0195312
1 0.5604167 0.2542969 0.0177083 0.0179687
1 0.4791667 0.2859375 0.0093750 0.0187500
1 0.4307292 0.4535156 0.0114583 0.0351562
5 0.3460937 0.7507812 0.0130208 0.0203125
3 0.4815104 0.4421875 0.0151042 0.0312500
4 0.6960937 0.8765625 0.0130208 0.0312500
4 0.5567708 0.4820313 0.0208333 0.0156250
5 0.5830729 0.4664063 0.0244792 0.0171875
2 0.6049479 0.3925781 0.0223958 0.0179687
5 0.4101562 0.1570313 0.0161458 0.0234375
3 0.7710938 0.2500000 0.0140625 0.0328125
5 0.3427083 0.3449219 0.0197917 0.0164063
3 0.5096354 0.5800781 0.0171875 0.0226562
4 0.6098958 0.5937500 0.0125000 0.0281250
1 0.3460937 0.6074219 0.0234375 0.0179687
6 0.7028646 0.6644531 0.0223958 0.0242188
11 0.6445312 0.3535156 0.0192708 0.0320312
8 0.4645833 0.6406250 0.0208333 0.0265625
6 0.7236979 0.4097656 0.0223958 0.0304687
7 0.3260417 0.6851563 0.0156250 0.0296875
11 0.6388021 0.5078125 0.0213542 0.0203125
9 0.6684896 0.4902344 0.0234375 0.0226562
7 0.4783854 0.4308594 0.0203125 0.0210938
11 0.3356771 0.4968750 0.0223958 0.0218750
10 0.5328125 0.6347656 0.0250000 0.0242188
9 0.5921875 0.1984375 0.0145833 0.0312500
6 0.4489583 0.6210938 0.0145833 0.0328125
8 0.4851563 0.2488281 0.0140625 0.0320312
7 0.6632813 0.7253906 0.0213542 0.0242188
11 0.3166667 0.7824219 0.0197917 0.0289063
