0 0.6536458 0.2054688 0.0208333 0.0312500
3 0.2057292 0.3851562 0.0281250 0.0500000
2 0.5184896 0.0519531 0.0286458 0.0507812
3 0.5130208 0.5382813 0.0437500 0.0312500
3 0.4755208 0.1027344 0.0229167 0.0289063
0 0.4710937 0.6582031 0.0213542 0.0257812
3 0.6869792 0.0558594 0.0270833 0.0460938
4 0.5140625 0.3460937 0.0177083 0.0328125
2 0.3593750 0.3328125 0.0239583 0.0421875
1 0.5286458 0.4238281 0.0406250 0.0320312
3 0.5221354 0.4382813 0.0359375 0.0296875
5 0.6143229 0.7308594 0.0421875 0.0304687
5 0.5184896 0.7628906 0.0401042 0.0382813
9 0.3703125 0.7507812 0.0406250 0.0437500
9 0.6127604 0.4640625 0.0338542 0.0468750
9 0.6648437 0.3109375 0.0421875 0.0421875
8 0.7414063 0.7460938 0.0432292 0.0546875
