5 0.3786458 0.1109375 0.0312500 0.1156250
0 0.5481771 0.3484375 0.0723958 0.0484375
3 0.7078125 0.2632813 0.0760417 0.0515625
8 0.5437500 0.6261719 0.0781250 0.0773438
11 0.6500000 0.4843750 0.0760417 0.0953125
8 0.6364583 0.1996094 0.0739583 0.0851563
6 0.4234375 0.4886719 0.0781250 0.0757812
10 0.6710938 0.3460937 0.0692708 0.0687500
6 0.6268229 0.4984375 0.0567708 0.1140625
10 0.5697917 0.1984375 0.0562500 0.1078125
7 0.3851562 0.2585938 0.0723958 0.0781250
7 0.2789063 0.2667969 0.0484375 0.1117188
