4 0.5653646 0.0578125 0.0755208 0.1156250
1 0.6479167 0.4648438 0.0770833 0.1250000
2 0.5622396 0.5933594 0.0682292 0.0898438
0 0.6997396 0.5167969 0.0630208 0.1320312
3 0.3500000 0.3695312 0.0572917 0.1000000
4 0.4828125 0.1820313 0.0541667 0.1421875
1 0.6333333 0.2585938 0.1000000 0.0687500
3 0.4015625 0.8722656 0.1052083 0.0726563
0 0.7546875 0.4988281 0.0822917 0.1429688
5 0.7411458 0.6375000 0.0489583 0.0812500
5 0.6776042 0.6500000 0.0729167 0.1328125
4 0.6013021 0.2183594 0.0453125 0.1257813
2 0.2578125 0.6011719 0.0500000 0.0992187
2 0.3822917 0.3660156 0.0885417 0.0664062
4 0.7736979 0.4394531 0.0755208 0.1335938
0 0.4927083 0.1328125 0.0552083 0.0671875
2 0.7377604 0.3460937 0.0984375 0.0718750
2 0.4799479 0.3277344 0.0786458 0.1132812
5 0.4335938 0.3371094 0.0703125 0.1414063
5 0.3455729 0.6480469 0.1161458 0.0976562
4 0.6442708 0.4632812 0.1010417 0.0828125
0 0.4088542 0.3839844 0.1052083 0.0742188
5 0.4963542 0.3625000 0.0437500 0.1406250
5 0.3164062 0.0773438 0.0640625 0.1546875
1 0.6486979 0.5671875 0.0953125 0.1093750
0 0.7333333 0.4753906 0.0937500 0.0632812
4 0.8364583 0.5863281 0.0979167 0.1132812
3 0.6270833 0.8917969 0.1031250 0.0773438
4 0.6067708 0.5925781 0.0500000 0.0914062
4 0.6578125 0.1656250 0.0927083 0.1156250
4 0.6041667 0.1460937 0.0750000 0.0906250
5 0.6244792 0.6105469 0.0479167 0.1523438
1 0.4880208 0.4546875 0.0937500 0.0625000
0 0.6869792 0.5628906 0.1041667 0.0695313
1 0.3036458 0.2851562 0.0885417 0.0984375
2 0.5395833 0.3500000 0.0572917 0.1187500
0 0.6781250 0.5265625 0.0947917 0.0859375
10 0.6351562 0.2976563 0.0994792 0.1531250
7 0.5578125 0.5195312 0.1114583 0.1421875
6 0.5382813 0.5359375 0.0598958 0.1015625
