2 0.3947917 0.8429688 0.0229167 0.0343750
1 0.5921875 0.1683594 0.0270833 0.0195312
5 0.5026042 0.2808594 0.0156250 0.0242188
4 0.4528646 0.7097656 0.0296875 0.0210938
4 0.6700521 0.5277344 0.0286458 0.0195312
4 0.5781250 0.3910156 0.0270833 0.0195312
3 0.5867187 0.7015625 0.0182292 0.0218750
5 0.5169271 0.6199219 0.0182292 0.0429688
2 0.4596354 0.1488281 0.0255208 0.0273438
5 0.6177083 0.4511719 0.0187500 0.0210938
5 0.5708333 0.7546875 0.0281250 0.0187500
3 0.4078125 0.7531250 0.0177083 0.0406250
2 0.2549479 0.5128906 0.0234375 0.0304687
0 0.5546875 0.4589844 0.0302083 0.0210938
3 0.4825521 0.9109375 0.0161458 0.0359375
2 0.4927083 0.7050781 0.0135417 0.0335937
4 0.4640625 0.5878906 0.0229167 0.0351562
4 0.5205729 0.6257812 0.0213542 0.0171875
2 0.5236979 0.5253906 0.0151042 0.0367188
2 0.5182292 0.8109375 0.0291667 0.0234375
0 0.3601563 0.1183594 0.0213542 0.0273438
3 0.4401042 0.5980469 0.0229167 0.0289063
2 0.3010417 0.5000000 0.0177083 0.0390625
2 0.6244792 0.3628906 0.0156250 0.0179687
5 0.6695313 0.2035156 0.0276042 0.0242188
4 0.7536458 0.5281250 0.0239583 0.0203125
4 0.5567708 0.1636719 0.0135417 0.0445313
5 0.4356771 0.2660156 0.0276042 0.0210938
2 0.2494792 0.6640625 0.0250000 0.0296875
3 0.3947917 0.8011719 0.0114583 0.0398437
1 0.5812500 0.2976563 0.0281250 0.0187500
3 0.5736979 0.4476562 0.0140625 0.0281250
2 0.4028646 0.8187500 0.0223958 0.0328125
4 0.5317708 0.3750000 0.0229167 0.0343750
0 0.3182292 0.3378906 0.0281250 0.0304687
0 0.5489583 0.9335938 0.0229167 0.0359375
1 0.4148438 0.4437500 0.0182292 0.0390625
4 0.4854167 0.6320313 0.0135417 0.0421875
3 0.5359375 0.6621094 0.0156250 0.0367188
5 0.6398438 0.6066406 0.0234375 0.0273438
3 0.4361979 0.5414062 0.0234375 0.0265625
2 0.3843750 0.1808594 0.0145833 0.0195312
1 0.3325521 0.4187500 0.0130208 0.0187500
2 0.4994792 0.2757812 0.0125000 0.0375000
5 0.5231771 0.3664062 0.0255208 0.0187500
4 0.6750000 0.9171875 0.0291667 0.0187500
4 0.6911458 0.4417969 0.0291667 0.0242188
2 0.4510417 0.4117188 0.0270833 0.0218750
0 0.4401042 0.3941406 0.0281250 0.0335937
5 0.2674479 0.2507813 0.0234375 0.0328125
3 0.4958333 0.7839844 0.0208333 0.0226562
4 0.6437500 0.4023438 0.0239583 0.0203125
5 0.5419271 0.8390625 0.0171875 0.0265625
0 0.6192708 0.3796875 0.0291667 0.0250000
6 0.7226562 0.6230469 0.0265625 0.0289063
9 0.5684896 0.6339844 0.0255208 0.0367188
8 0.3471354 0.2636719 0.0171875 0.0382813
9 0.7690104 0.4804688 0.0276042 0.0296875
8 0.6104167 0.2687500 0.0270833 0.0265625
7 0.6414062 0.8078125 0.0286458 0.0265625
8 0.4684896 0.5050781 0.0255208 0.0367188
6 0.6825521 0.4910156 0.0234375 0.0273438
10 0.3635417 0.4152344 0.0250000 0.0289063
8 0.5997396 0.3125000 0.0223958 0.0453125
10 0.5333333 0.8140625 0.0260417 0.0296875
11 0.3440104 0.8132812 0.0286458 0.0296875
8 0.5625000 0.3777344 0.0250000 0.0289063
8 0.4255208 0.5496094 0.0229167 0.0273438
