2 0.4104167 0.6160156 0.0364583 0.0867187
0 0.2945313 0.6066406 0.0307292 0.0585938
2 0.4036458 0.5871094 0.0572917 0.0476562
0 0.3848958 0.2648437 0.0562500 0.0375000
3 0.6947917 0.7992187 0.0583333 0.0406250
5 0.5085937 0.7597656 0.0348958 0.0414062
5 0.3726563 0.2246094 0.0328125 0.0617188
1 0.4033854 0.1398437 0.0401042 0.0781250
8 0.3520833 0.4457031 0.0604167 0.0585938
9 0.3479167 0.6347656 0.0531250 0.0601563
7 0.3286458 0.5875000 0.0541667 0.0531250
9 0.4135417 0.2347656 0.0510417 0.0648438
8 0.3309896 0.4652344 0.0390625 0.0648438
7 0.5369792 0.6984375 0.0531250 0.0593750
8 0.6239583 0.3402344 0.0375000 0.0789062
7 0.6234375 0.6621094 0.0447917 0.0914062
7 0.5283854 0.2621094 0.0526042 0.0648438
8 0.6653646 0.2726562 0.0536458 0.0812500
7 0.6033854 0.4316406 0.0473958 0.0523438
7 0.5210938 0.2937500 0.0463542 0.0578125
11 0.6744792 0.6835938 0.0437500 0.0546875
6 0.5971354 0.2621094 0.0536458 0.0585938
10 0.5619792 0.6207031 0.0458333 0.0570312
7 0.4893229 0.6941406 0.0557292 0.0742188
