3 0.4468750 0.8019531 0.0250000 0.0195312
3 0.5570312 0.4660156 0.0234375 0.0304687
0 0.4770833 0.4906250 0.0281250 0.0203125
3 0.6078125 0.5816406 0.0302083 0.0226562
0 0.4585938 0.4468750 0.0192708 0.0359375
5 0.3604167 0.6375000 0.0218750 0.0250000
2 0.6052083 0.6847656 0.0125000 0.0367188
1 0.5075521 0.3992188 0.0255208 0.0281250
0 0.6242188 0.3835938 0.0161458 0.0218750
1 0.4419271 0.5789062 0.0255208 0.0234375
1 0.3786458 0.7687500 0.0156250 0.0343750
1 0.3575521 0.2863281 0.0140625 0.0398437
3 0.4729167 0.5910156 0.0208333 0.0195312
4 0.6117187 0.6046875 0.0213542 0.0281250
5 0.5039062 0.3019531 0.0140625 0.0445313
4 0.5708333 0.3406250 0.0229167 0.0265625
5 0.4434896 0.1570313 0.0286458 0.0218750
4 0.6570312 0.2375000 0.0151042 0.0406250
2 0.5328125 0.4726562 0.0156250 0.0406250
2 0.4192708 0.7539062 0.0187500 0.0375000
1 0.3817708 0.6410156 0.0260417 0.0179687
5 0.3559896 0.4988281 0.0265625 0.0304687
4 0.4296875 0.4960938 0.0250000 0.0218750
5 0.6229167 0.7964844 0.0312500 0.0195312
3 0.6606771 0.7363281 0.0265625 0.0210938
4 0.5640625 0.3996094 0.0145833 0.0320312
1 0.6395833 0.3812500 0.0156250 0.0437500
5 0.2526042 0.2796875 0.0291667 0.0218750
3 0.4765625 0.8074219 0.0125000 0.0289063
5 0.4731771 0.8203125 0.0161458 0.0359375
11 0.5973958 0.3890625 0.0229167 0.0281250
6 0.4630208 0.3101563 0.0177083 0.0406250
11 0.3864583 0.5847656 0.0208333 0.0289063
7 0.4320312 0.8484375 0.0182292 0.0265625
10 0.6351562 0.6121094 0.0244792 0.0289063
