1 0.4903646 0.9062500 0.0380208 0.0906250
4 0.4979167 0.6312500 0.0291667 0.1000000
2 0.7195312 0.3007812 0.0348958 0.0953125
2 0.4895833 0.5750000 0.0489583 0.0640625
2 0.5906250 0.5988281 0.0614583 0.0617188
5 0.6236979 0.7789063 0.0296875 0.0531250
4 0.5757813 0.3347656 0.0348958 0.0664062
3 0.6572917 0.4234375 0.0333333 0.0765625
0 0.4958333 0.4183594 0.0604167 0.0398437
5 0.7195312 0.3921875 0.0619792 0.0421875
1 0.3216146 0.5023437 0.0578125 0.0437500
5 0.6697917 0.4390625 0.0291667 0.0578125
1 0.5343750 0.8777344 0.0447917 0.0898438
5 0.5630208 0.6296875 0.0500000 0.0625000
5 0.6010417 0.2753906 0.0500000 0.0585938
0 0.2955729 0.4035156 0.0276042 0.0726563
2 0.4523437 0.4324219 0.0369792 0.0585938
3 0.2427083 0.4878906 0.0614583 0.0570312
5 0.7065104 0.4691406 0.0255208 0.0554687
3 0.5044271 0.2148438 0.0296875 0.0890625
3 0.7109375 0.5621094 0.0500000 0.0742188
2 0.6260417 0.6011719 0.0593750 0.0617188
4 0.6348958 0.7214844 0.0312500 0.0898438
0 0.6984375 0.4941406 0.0520833 0.0773438
3 0.6750000 0.2113281 0.0677083 0.0492187
0 0.5476562 0.7027344 0.0369792 0.0539063
4 0.5617188 0.5898438 0.0598958 0.0421875
2 0.5348958 0.6617188 0.0510417 0.0687500
3 0.7286458 0.1601562 0.0343750 0.0703125
1 0.3302083 0.3785156 0.0593750 0.0476562
2 0.7192708 0.3324219 0.0656250 0.0539063
2 0.4786458 0.8078125 0.0322917 0.0421875
3 0.5226563 0.5632812 0.0651042 0.0515625
5 0.5765625 0.1812500 0.0343750 0.0484375
1 0.3611979 0.6285156 0.0588542 0.0367188
3 0.5984375 0.5718750 0.0562500 0.0421875
4 0.4299479 0.5535156 0.0463542 0.0601563
3 0.6312500 0.5128906 0.0291667 0.0820312
0 0.4421875 0.1062500 0.0406250 0.0750000
5 0.7216146 0.4082031 0.0598958 0.0523438
3 0.7070312 0.6191406 0.0557292 0.0585938
3 0.7445312 0.2417969 0.0682292 0.0570312
0 0.4820313 0.7636719 0.0536458 0.0414062
4 0.6255208 0.5281250 0.0322917 0.0609375
5 0.6395833 0.6156250 0.0468750 0.1000000
4 0.4161458 0.3718750 0.0562500 0.0453125
5 0.4135417 0.1226562 0.0666667 0.0500000
4 0.6500000 0.4398437 0.0489583 0.0812500
2 0.7127604 0.3941406 0.0692708 0.0476562
1 0.6437500 0.5324219 0.0625000 0.0507812
4 0.7020833 0.5808594 0.0520833 0.0882813
4 0.6330729 0.3398438 0.0505208 0.0859375
2 0.6026042 0.5261719 0.0604167 0.0492187
0 0.4929688 0.1179687 0.0609375 0.0484375
1 0.6997396 0.3199219 0.0640625 0.0570312
0 0.7039062 0.4437500 0.0276042 0.0546875
4 0.8356771 0.4929688 0.0588542 0.0531250
1 0.4861979 0.8074219 0.0390625 0.0960938
2 0.6513021 0.7542969 0.0348958 0.0773438
0 0.4369792 0.5718750 0.0479167 0.0625000
2 0.3815104 0.7613281 0.0380208 0.0632812
2 0.3286458 0.3445313 0.0354167 0.0578125
3 0.3153646 0.4972656 0.0609375 0.0335937
3 0.3619792 0.5187500 0.0468750 0.0468750
2 0.6161458 0.7558594 0.0635417 0.0476562
3 0.7070312 0.8320312 0.0338542 0.0500000
1 0.3403646 0.6875000 0.0338542 0.0765625
5 0.2731771 0.1136719 0.0484375 0.0445313
3 0.3471354 0.6539063 0.0338542 0.0437500
2 0.4627604 0.2703125 0.0526042 0.0671875
2 0.7390625 0.4453125 0.0395833 0.0750000
0 0.6023437 0.5437500 0.0567708 0.0421875
2 0.7028646 0.5230469 0.0598958 0.0476562
4 0.4752604 0.5992188 0.0463542 0.0625000
7 0.6658854 0.2121094 0.0567708 0.0632812
7 0.6085938 0.5949219 0.0442708 0.0835937
10 0.6945313 0.3937500 0.0578125 0.0593750
7 0.5544271 0.5960937 0.0630208 0.0781250
8 0.7414063 0.6203125 0.0494792 0.0562500
6 0.3817708 0.3117187 0.0562500 0.0562500
7 0.6781250 0.3320312 0.0635417 0.0609375
10 0.4179688 0.1703125 0.0442708 0.0828125
11 0.4440104 0.6058594 0.0369792 0.0742188
