5 0.4854167 0.7214844 0.0270833 0.0320312
3 0.5393229 0.3375000 0.0473958 0.0406250
5 0.3304687 0.8632812 0.0234375 0.0656250
4 0.7958333 0.5640625 0.0406250 0.0468750
2 0.5997396 0.7839844 0.0442708 0.0335937
2 0.4533854 0.2960937 0.0296875 0.0468750
5 0.5950521 0.6417969 0.0453125 0.0242188
5 0.6593750 0.6746094 0.0166667 0.0398437
0 0.4286458 0.3902344 0.0208333 0.0320312
2 0.3148437 0.3843750 0.0338542 0.0468750
5 0.6312500 0.7140625 0.0489583 0.0375000
5 0.6515625 0.2726562 0.0427083 0.0375000
0 0.5023437 0.3035156 0.0453125 0.0382813
2 0.2846354 0.4687500 0.0442708 0.0328125
2 0.4263021 0.7160156 0.0307292 0.0460938
0 0.6052083 0.5894531 0.0479167 0.0320312
0 0.6416667 0.2800781 0.0447917 0.0289063
0 0.4718750 0.1878906 0.0427083 0.0289063
3 0.6752604 0.3738281 0.0213542 0.0320312
5 0.2348958 0.2835937 0.0218750 0.0546875
1 0.7140625 0.8265625 0.0468750 0.0296875
1 0.5263021 0.1042969 0.0411458 0.0351562
4 0.5648437 0.1355469 0.0453125 0.0539063
2 0.6736979 0.7558594 0.0369792 0.0632812
2 0.5674479 0.6156250 0.0369792 0.0265625
0 0.5710937 0.4601562 0.0359375 0.0359375
4 0.5203125 0.3628906 0.0385417 0.0335937
11 0.5760417 0.4441406 0.0260417 0.0429688
11 0.7375000 0.4617188 0.0468750 0.0468750
7 0.5648437 0.7410156 0.0307292 0.0445313
9 0.6752604 0.4574219 0.0442708 0.0492187
