4 0.6570312 0.3847656 0.0640625 0.0726563
4 0.6963542 0.4585938 0.0781250 0.0781250
3 0.7635417 0.7281250 0.0697917 0.0609375
1 0.4210937 0.4976563 0.0453125 0.1156250
5 0.6421875 0.2031250 0.0812500 0.0718750
0 0.6210938 0.3867188 0.0369792 0.0718750
3 0.3489583 0.2386719 0.0572917 0.0945312
0 0.5843750 0.3058594 0.0572917 0.0804688
1 0.5406250 0.6167969 0.0385417 0.0664062
0 0.5075521 0.7910156 0.0390625 0.0601563
0 0.4807292 0.4398437 0.0791667 0.0640625
0 0.4888021 0.7660156 0.0682292 0.0523438
3 0.4364583 0.4574219 0.0854167 0.0742188
3 0.6557292 0.4265625 0.0802083 0.0437500
2 0.7541667 0.1664063 0.0708333 0.0609375
1 0.3703125 0.5226563 0.0708333 0.0734375
1 0.5914063 0.4394531 0.0671875 0.0507812
5 0.4989583 0.4957031 0.0364583 0.0523438
0 0.5408854 0.7015625 0.0598958 0.0500000
5 0.7268229 0.8316406 0.0401042 0.1117188
1 0.4169271 0.1976563 0.0348958 0.1093750
1 0.5216146 0.6769531 0.0432292 0.0648438
0 0.4494792 0.6867188 0.0458333 0.1078125
3 0.7067708 0.4246094 0.0833333 0.0648438
1 0.7609375 0.3671875 0.0739583 0.0828125
5 0.2778646 0.4539063 0.0776042 0.0593750
3 0.5536458 0.4691406 0.0312500 0.1023437
1 0.6466146 0.5652344 0.0317708 0.0601563
1 0.6927083 0.4234375 0.0875000 0.0593750
4 0.5367188 0.6359375 0.0682292 0.0593750
1 0.6541667 0.7425781 0.0770833 0.0554687
0 0.3528646 0.3875000 0.0473958 0.0625000
5 0.6492187 0.7316406 0.0640625 0.0726563
3 0.6130208 0.7257813 0.0718750 0.0687500
4 0.6385417 0.6484375 0.0854167 0.0593750
0 0.3460937 0.1750000 0.0786458 0.0515625
3 0.5588542 0.2476562 0.0666667 0.0656250
3 0.4963542 0.7550781 0.0562500 0.0507812
4 0.3148437 0.4257812 0.0453125 0.1046875
6 0.3677083 0.5800781 0.0541667 0.1117188
10 0.4799479 0.8503906 0.0651042 0.0992187
