0 0.6117187 0.3257813 0.0203125 0.0218750
4 0.7544271 0.4550781 0.0140625 0.0257812
0 0.3247396 0.2820313 0.0296875 0.0203125
0 0.7239583 0.6519531 0.0229167 0.0226562
5 0.4364583 0.5402344 0.0270833 0.0242188
0 0.5453125 0.4019531 0.0156250 0.0242188
2 0.6653646 0.2652344 0.0223958 0.0257812
2 0.3578125 0.7996094 0.0229167 0.0210938
5 0.5093750 0.3523438 0.0187500 0.0218750
5 0.3041667 0.6074219 0.0197917 0.0210938
1 0.3059896 0.3117187 0.0171875 0.0312500
2 0.5041667 0.6949219 0.0177083 0.0351562
0 0.5356771 0.2824219 0.0119792 0.0210938
3 0.4192708 0.4113281 0.0135417 0.0257812
2 0.4757812 0.9277344 0.0161458 0.0414062
1 0.5085937 0.8167969 0.0171875 0.0382813
0 0.3403646 0.2785156 0.0171875 0.0335937
4 0.3627604 0.5195312 0.0255208 0.0203125
0 0.6096354 0.3210938 0.0255208 0.0203125
2 0.5390625 0.7875000 0.0135417 0.0406250
0 0.6085938 0.3042969 0.0203125 0.0289063
2 0.7520833 0.4992187 0.0197917 0.0250000
0 0.6575521 0.4746094 0.0234375 0.0179687
1 0.6434896 0.4410156 0.0192708 0.0226562
4 0.4492188 0.6546875 0.0203125 0.0296875
0 0.5611979 0.2195313 0.0151042 0.0312500
4 0.5184896 0.2765625 0.0223958 0.0234375
2 0.4216146 0.4109375 0.0140625 0.0234375
1 0.7015625 0.6105469 0.0229167 0.0304687
4 0.5356771 0.4542969 0.0140625 0.0304687
0 0.5716146 0.2937500 0.0182292 0.0171875
5 0.3817708 0.6273437 0.0250000 0.0218750
4 0.6372396 0.4980469 0.0223958 0.0164063
5 0.5109375 0.5285156 0.0156250 0.0289063
2 0.6591146 0.4914062 0.0255208 0.0156250
4 0.6557292 0.3531250 0.0156250 0.0343750
11 0.7226562 0.3605469 0.0265625 0.0273438
7 0.6934896 0.4867187 0.0244792 0.0265625
7 0.6455729 0.3871094 0.0223958 0.0289063
9 0.5700521 0.2406250 0.0244792 0.0250000
9 0.3091146 0.4636719 0.0255208 0.0304687
7 0.2481771 0.5730469 0.0161458 0.0320312
11 0.6856771 0.4460938 0.0255208 0.0250000
10 0.6578125 0.3894531 0.0229167 0.0226562
9 0.6486979 0.7367187 0.0244792 0.0234375
10 0.4703125 0.6195312 0.0250000 0.0328125
8 0.4544271 0.2894531 0.0192708 0.0226562
6 0.6406250 0.2808594 0.0239583 0.0257812
9 0.6776042 0.4109375 0.0218750 0.0296875
7 0.4781250 0.7402344 0.0229167 0.0304687
6 0.6294271 0.3843750 0.0255208 0.0250000
6 0.6072917 0.6921875 0.0187500 0.0250000
7 0.5075521 0.2152344 0.0161458 0.0382813
8 0.3562500 0.3269531 0.0156250 0.0289063
