1 0.6661458 0.2632813 0.0322917 0.0203125
3 0.4937500 0.3359375 0.0156250 0.0390625
1 0.6614583 0.6093750 0.0281250 0.0218750
1 0.5114583 0.5347656 0.0312500 0.0226562
3 0.6393229 0.6363281 0.0286458 0.0304687
5 0.5476562 0.5289063 0.0192708 0.0359375
0 0.3200521 0.7082031 0.0276042 0.0257812
3 0.4867187 0.7156250 0.0286458 0.0218750
1 0.5432292 0.5421875 0.0322917 0.0265625
3 0.3536458 0.4976563 0.0145833 0.0468750
3 0.5161458 0.4421875 0.0260417 0.0218750
0 0.4221354 0.3261719 0.0203125 0.0289063
1 0.5781250 0.5515625 0.0197917 0.0343750
3 0.6815104 0.2375000 0.0140625 0.0250000
3 0.7109375 0.2609375 0.0302083 0.0234375
0 0.6268229 0.6617188 0.0307292 0.0250000
4 0.2184896 0.7984375 0.0213542 0.0296875
0 0.4161458 0.7425781 0.0260417 0.0367188
0 0.3804688 0.5187500 0.0307292 0.0203125
5 0.6598958 0.3863281 0.0218750 0.0335937
4 0.4416667 0.7109375 0.0312500 0.0265625
9 0.4830729 0.8023438 0.0203125 0.0468750
7 0.7156250 0.6332031 0.0218750 0.0289063
