2 0.5643229 0.3453125 0.0557292 0.0500000
4 0.4919271 0.4773438 0.0536458 0.0390625
5 0.4057292 0.6867188 0.0437500 0.0718750
2 0.6033854 0.5273438 0.0536458 0.0687500
3 0.3973958 0.5554687 0.0531250 0.0593750
0 0.6533854 0.4988281 0.0223958 0.0601563
2 0.5458333 0.5066406 0.0406250 0.0648438
1 0.3341146 0.4003906 0.0484375 0.0773438
3 0.4059896 0.4828125 0.0630208 0.0453125
2 0.3734375 0.4812500 0.0343750 0.0437500
0 0.6846354 0.4574219 0.0557292 0.0429688
2 0.7848958 0.1984375 0.0500000 0.0500000
0 0.3742187 0.3023438 0.0348958 0.0468750
0 0.6828125 0.2777344 0.0260417 0.0601563
0 0.4718750 0.5777344 0.0531250 0.0679687
5 0.5309896 0.4679687 0.0546875 0.0375000
4 0.4695313 0.4843750 0.0526042 0.0421875
3 0.5479167 0.3726563 0.0354167 0.0437500
0 0.6393229 0.0675781 0.0546875 0.0476562
0 0.5492187 0.3207031 0.0348958 0.0742188
1 0.5403646 0.2546875 0.0296875 0.0890625
0 0.3697917 0.7601562 0.0562500 0.0500000
0 0.5726562 0.5843750 0.0276042 0.0671875
5 0.6213542 0.2609375 0.0333333 0.0734375
3 0.7174479 0.5609375 0.0609375 0.0671875
3 0.6763021 0.5289063 0.0598958 0.0421875
2 0.3635417 0.3574219 0.0364583 0.0460938
3 0.3932292 0.6937500 0.0354167 0.0750000
0 0.4341146 0.8312500 0.0526042 0.0421875
3 0.2580729 0.3425781 0.0432292 0.0726563
4 0.4901042 0.6652344 0.0437500 0.0726563
3 0.4296875 0.7121094 0.0281250 0.0820312
0 0.3729167 0.5781250 0.0229167 0.0625000
1 0.2598958 0.5765625 0.0447917 0.0375000
4 0.7395833 0.5234375 0.0541667 0.0625000
0 0.5940104 0.7898437 0.0390625 0.0906250
1 0.4763021 0.7539062 0.0546875 0.0421875
0 0.6716146 0.7304688 0.0442708 0.0484375
4 0.5789062 0.7152344 0.0265625 0.0835937
3 0.4268229 0.8238281 0.0453125 0.0726563
4 0.6304688 0.8753906 0.0546875 0.0554687
3 0.5135417 0.6500000 0.0458333 0.0718750
3 0.5869792 0.5234375 0.0593750 0.0515625
0 0.4013021 0.5453125 0.0328125 0.0390625
0 0.6750000 0.2445313 0.0437500 0.0765625
4 0.5322917 0.1304687 0.0458333 0.0515625
1 0.5752604 0.6308594 0.0598958 0.0398437
1 0.4395833 0.1054688 0.0541667 0.0562500
2 0.6815104 0.3375000 0.0598958 0.0468750
0 0.5645833 0.9320312 0.0468750 0.0546875
0 0.4044271 0.3625000 0.0588542 0.0437500
7 0.5630208 0.7382812 0.0375000 0.0875000
9 0.3989583 0.1039063 0.0447917 0.0781250
6 0.2947917 0.4847656 0.0531250 0.0632812
6 0.4390625 0.6679688 0.0531250 0.0562500
9 0.4174479 0.8175781 0.0536458 0.0835937
7 0.5377604 0.3980469 0.0432292 0.0726563
6 0.7039062 0.5371094 0.0473958 0.0882813
7 0.7276042 0.4328125 0.0572917 0.0578125
10 0.6143229 0.6179687 0.0411458 0.0859375
8 0.7445312 0.6507812 0.0526042 0.0546875
9 0.6643229 0.4390625 0.0505208 0.0500000
10 0.6210938 0.9230469 0.0567708 0.0539063
10 0.6919271 0.6570312 0.0578125 0.0671875
11 0.6421875 0.4277344 0.0572917 0.0664062
10 0.6880208 0.4851563 0.0614583 0.0593750
8 0.5554687 0.5730469 0.0473958 0.0679687
6 0.6028646 0.2574219 0.0453125 0.0820312
11 0.6796875 0.6046875 0.0562500 0.0671875
7 0.3453125 0.5097656 0.0427083 0.0820312
