5 0.5000000 0.7074219 0.0625000 0.1554687
2 0.4515625 0.4628906 0.0572917 0.1179687
3 0.6132812 0.8960938 0.0744792 0.0953125
0 0.4057292 0.2847656 0.0697917 0.0867187
4 0.7510417 0.2175781 0.0614583 0.1742188
5 0.4153646 0.2234375 0.0869792 0.1359375
4 0.4817708 0.7140625 0.1218750 0.1000000
0 0.7117187 0.6500000 0.1140625 0.0890625
0 0.3119792 0.7480469 0.1083333 0.0867187
4 0.5671875 0.1800781 0.0645833 0.0820312
2 0.6078125 0.6320313 0.1125000 0.0890625
0 0.5244792 0.8039063 0.1083333 0.1093750
0 0.6997396 0.4812500 0.0557292 0.1000000
8 0.3153646 0.5589844 0.1078125 0.1054688
8 0.5411458 0.6277344 0.0750000 0.1695312
8 0.5442708 0.5023437 0.1093750 0.1093750
6 0.5481771 0.1218750 0.0796875 0.1609375
11 0.5992188 0.2085937 0.0661458 0.1562500
8 0.3395833 0.7164063 0.1031250 0.1000000
9 0.3651042 0.4710937 0.0718750 0.1203125
