0 0.6171875 0.5085937 0.0177083 0.0187500
5 0.4015625 0.5453125 0.0135417 0.0390625
3 0.5976562 0.7335938 0.0244792 0.0250000
5 0.5169271 0.6457031 0.0244792 0.0210938
4 0.4244792 0.2714844 0.0166667 0.0257812
3 0.6630208 0.1531250 0.0125000 0.0328125
3 0.7156250 0.4250000 0.0166667 0.0234375
3 0.4153646 0.6753906 0.0265625 0.0226562
2 0.7338542 0.6054688 0.0229167 0.0171875
6 0.6429687 0.2679687 0.0276042 0.0265625
9 0.7088542 0.4308594 0.0250000 0.0242188
8 0.6161458 0.1687500 0.0239583 0.0296875
6 0.6932292 0.5843750 0.0229167 0.0359375
11 0.5028646 0.8382812 0.0213542 0.0375000
7 0.3716146 0.4269531 0.0234375 0.0226562
11 0.6817708 0.6234375 0.0260417 0.0296875
7 0.5739583 0.7445312 0.0229167 0.0343750
7 0.5083333 0.1441406 0.0218750 0.0304687
9 0.3333333 0.6714844 0.0166667 0.0335937
