2 0.4544271 0.6953125 0.0255208 0.0187500
0 0.5098958 0.3093750 0.0187500 0.0390625
5 0.5731771 0.3460937 0.0286458 0.0234375
0 0.4934896 0.3292969 0.0192708 0.0242188
2 0.3354167 0.8023438 0.0145833 0.0437500
5 0.7859375 0.6347656 0.0260417 0.0273438
2 0.5763021 0.4382813 0.0307292 0.0250000
0 0.3111979 0.5683594 0.0265625 0.0195312
5 0.5333333 0.1718750 0.0229167 0.0203125
1 0.7375000 0.6925781 0.0281250 0.0226562
5 0.4148438 0.7890625 0.0161458 0.0390625
1 0.5760417 0.4515625 0.0197917 0.0390625
5 0.2947917 0.2082031 0.0281250 0.0210938
1 0.6885417 0.7851562 0.0281250 0.0203125
5 0.3497396 0.2207031 0.0286458 0.0289063
1 0.3843750 0.2210938 0.0281250 0.0187500
0 0.5390625 0.2703125 0.0250000 0.0250000
0 0.5619792 0.4371094 0.0260417 0.0210938
5 0.5960937 0.8464844 0.0244792 0.0273438
5 0.6963542 0.5445313 0.0291667 0.0234375
4 0.4994792 0.7191406 0.0177083 0.0226562
3 0.6890625 0.3683594 0.0218750 0.0304687
5 0.7783854 0.4964844 0.0244792 0.0273438
0 0.5088542 0.4707031 0.0125000 0.0289063
5 0.3872396 0.3812500 0.0244792 0.0375000
2 0.6054688 0.4347656 0.0161458 0.0382813
0 0.4518229 0.2246094 0.0192708 0.0273438
5 0.6401042 0.6890625 0.0197917 0.0312500
0 0.3044271 0.5285156 0.0265625 0.0242188
5 0.6861979 0.1867187 0.0140625 0.0375000
4 0.3875000 0.4472656 0.0229167 0.0242188
5 0.4718750 0.3871094 0.0239583 0.0226562
2 0.5010417 0.7214844 0.0177083 0.0304687
0 0.4815104 0.2039063 0.0171875 0.0359375
5 0.6710938 0.5980469 0.0296875 0.0257812
0 0.5739583 0.6414062 0.0104167 0.0234375
1 0.6971354 0.4531250 0.0244792 0.0171875
3 0.4492188 0.5750000 0.0244792 0.0187500
3 0.4830729 0.2605469 0.0119792 0.0210938
3 0.3796875 0.3382812 0.0145833 0.0203125
1 0.4273438 0.6117187 0.0182292 0.0312500
11 0.6322917 0.3187500 0.0291667 0.0343750
9 0.6541667 0.2828125 0.0229167 0.0406250
8 0.5010417 0.9097656 0.0218750 0.0351562
9 0.6026042 0.6988281 0.0291667 0.0414062
9 0.5208333 0.7250000 0.0218750 0.0343750
11 0.4080729 0.1121094 0.0255208 0.0351562
10 0.7054687 0.1000000 0.0255208 0.0328125
6 0.6515625 0.3453125 0.0281250 0.0265625
9 0.3690104 0.2753906 0.0276042 0.0367188
8 0.3632812 0.3523438 0.0286458 0.0281250
10 0.6197917 0.3421875 0.0270833 0.0421875
6 0.5861979 0.3769531 0.0213542 0.0335937
8 0.5906250 0.7976562 0.0250000 0.0250000
7 0.6377604 0.6972656 0.0161458 0.0367188
6 0.4041667 0.6488281 0.0177083 0.0398437
9 0.6031250 0.7121094 0.0270833 0.0273438
