3 0.5507812 0.8871094 0.0140625 0.0460938
2 0.6690104 0.6144531 0.0255208 0.0273438
3 0.6013021 0.3597656 0.0317708 0.0273438
2 0.3299479 0.8121094 0.0171875 0.0398437
3 0.3713542 0.6644531 0.0135417 0.0445313
5 0.3544271 0.8285156 0.0307292 0.0179687
4 0.4083333 0.7425781 0.0177083 0.0351562
2 0.7046875 0.6718750 0.0291667 0.0281250
5 0.7304688 0.5625000 0.0307292 0.0250000
3 0.6846354 0.9160156 0.0223958 0.0242188
3 0.6411458 0.2949219 0.0302083 0.0226562
1 0.6520833 0.7683594 0.0281250 0.0179687
5 0.4820313 0.7566406 0.0286458 0.0320312
0 0.5463542 0.5703125 0.0197917 0.0265625
2 0.6731771 0.3464844 0.0276042 0.0226562
3 0.4825521 0.3914063 0.0171875 0.0375000
3 0.6278646 0.7160156 0.0286458 0.0257812
4 0.2578125 0.5281250 0.0166667 0.0406250
0 0.6104167 0.3613281 0.0218750 0.0289063
2 0.4604167 0.6527344 0.0208333 0.0460938
2 0.6453125 0.7617188 0.0187500 0.0203125
1 0.4455729 0.5433594 0.0286458 0.0304687
0 0.5773438 0.7167969 0.0161458 0.0398437
5 0.4013021 0.7054687 0.0307292 0.0234375
0 0.6489583 0.2527344 0.0291667 0.0210938
1 0.4182292 0.8078125 0.0135417 0.0437500
5 0.5145833 0.6625000 0.0177083 0.0468750
4 0.6484375 0.6222656 0.0187500 0.0304687
1 0.5518229 0.4035156 0.0171875 0.0414062
2 0.4848958 0.2617188 0.0281250 0.0296875
5 0.5148438 0.2105469 0.0213542 0.0398437
3 0.5796875 0.4875000 0.0229167 0.0453125
3 0.4692708 0.6261719 0.0197917 0.0445313
2 0.2682292 0.4062500 0.0229167 0.0390625
0 0.7739583 0.4890625 0.0291667 0.0218750
5 0.5929688 0.6644531 0.0130208 0.0289063
3 0.2622396 0.4757812 0.0255208 0.0218750
3 0.6351562 0.5304688 0.0328125 0.0281250
0 0.5463542 0.2292969 0.0197917 0.0367188
4 0.4106771 0.4242187 0.0171875 0.0250000
1 0.4932292 0.2164062 0.0291667 0.0203125
4 0.4330729 0.6722656 0.0276042 0.0226562
4 0.6406250 0.4207031 0.0302083 0.0242188
1 0.5364583 0.4621094 0.0145833 0.0429688
5 0.6221354 0.3253906 0.0255208 0.0304687
0 0.2958333 0.6425781 0.0187500 0.0445313
3 0.4369792 0.4214844 0.0197917 0.0335937
5 0.6020833 0.4695313 0.0260417 0.0203125
5 0.5450521 0.5382813 0.0276042 0.0234375
1 0.6177083 0.0437500 0.0229167 0.0265625
5 0.4783854 0.7406250 0.0140625 0.0390625
1 0.2789063 0.4078125 0.0265625 0.0218750
5 0.6515625 0.4167969 0.0270833 0.0257812
4 0.5752604 0.3257813 0.0265625 0.0203125
1 0.5286458 0.4199219 0.0281250 0.0195312
1 0.5669271 0.7148438 0.0307292 0.0218750
4 0.4752604 0.2050781 0.0276042 0.0210938
2 0.5153646 0.3210938 0.0296875 0.0265625
5 0.4757812 0.4542969 0.0276042 0.0257812
1 0.5364583 0.7359375 0.0156250 0.0312500
7 0.5502604 0.3527344 0.0203125 0.0414062
6 0.6104167 0.6347656 0.0291667 0.0289063
6 0.6437500 0.3937500 0.0177083 0.0390625
9 0.5864583 0.3167969 0.0291667 0.0273438
10 0.7283854 0.4101562 0.0296875 0.0281250
10 0.5289063 0.4316406 0.0276042 0.0304687
8 0.7619792 0.6246094 0.0302083 0.0289063
9 0.4984375 0.2031250 0.0197917 0.0421875
10 0.7057292 0.3890625 0.0218750 0.0390625
10 0.5299479 0.8640625 0.0286458 0.0343750
11 0.3828125 0.3644531 0.0260417 0.0335937
9 0.4742188 0.2250000 0.0223958 0.0421875
8 0.3195312 0.4316406 0.0213542 0.0304687
