4 0.3244792 0.4769531 0.0802083 0.0914062
0 0.4255208 0.6453125 0.0583333 0.0734375
5 0.5552083 0.5820312 0.0531250 0.0843750
2 0.6635417 0.9234375 0.0854167 0.0593750
4 0.3859375 0.4820313 0.0968750 0.0671875
5 0.6091146 0.1945312 0.0578125 0.0984375
2 0.7942708 0.4003906 0.0895833 0.0929688
1 0.6523438 0.4640625 0.0734375 0.1265625
5 0.6867188 0.2500000 0.0776042 0.0734375
3 0.7164063 0.6265625 0.0953125 0.0875000
4 0.5361979 0.3937500 0.0484375 0.0828125
1 0.3523438 0.3875000 0.0640625 0.0906250
5 0.5283854 0.8417969 0.0911458 0.0679687
0 0.4544271 0.5613281 0.0421875 0.0757812
1 0.3111979 0.7730469 0.0442708 0.1226562
4 0.6671875 0.1925781 0.0604167 0.1164063
5 0.6184896 0.4433594 0.0432292 0.1117188
0 0.7476563 0.3347656 0.0661458 0.1164063
5 0.4815104 0.8410156 0.0807292 0.0726563
3 0.3057292 0.1718750 0.0354167 0.1312500
5 0.4765625 0.6968750 0.0458333 0.0640625
5 0.5098958 0.4628906 0.0854167 0.0523438
5 0.6085938 0.4320312 0.0901042 0.0609375
2 0.6843750 0.6347656 0.0791667 0.0851563
4 0.5872396 0.4175781 0.0869792 0.1023437
5 0.3825521 0.2742188 0.0494792 0.0625000
2 0.4630208 0.0953125 0.0635417 0.0906250
2 0.7640625 0.2132813 0.0875000 0.0703125
5 0.6270833 0.3843750 0.0614583 0.1078125
2 0.5268229 0.2691406 0.0890625 0.0617188
3 0.6877604 0.6605469 0.0796875 0.0929688
5 0.5432292 0.7257813 0.0541667 0.1328125
6 0.6226563 0.7203125 0.0911458 0.0984375
8 0.7544271 0.3785156 0.0942708 0.0914062
11 0.7432292 0.6386719 0.0864583 0.0851563
10 0.4140625 0.3304687 0.0625000 0.0906250
10 0.7466146 0.7453125 0.0869792 0.0812500
7 0.2992187 0.8542969 0.0848958 0.0835937
9 0.7361979 0.5960937 0.0890625 0.0875000
7 0.6114583 0.3117187 0.0875000 0.0859375
7 0.6966146 0.5261719 0.0703125 0.1195313
9 0.6208333 0.4175781 0.0541667 0.1226562
7 0.4382813 0.4781250 0.0765625 0.0890625
11 0.5440104 0.9359375 0.0838542 0.1140625
6 0.7343750 0.3488281 0.0864583 0.0914062
7 0.7093750 0.4613281 0.0875000 0.1273438
