0 0.5375000 0.4777344 0.1500000 0.1617187
4 0.7533854 0.5378906 0.1598958 0.1242188
0 0.4578125 0.0718750 0.1510417 0.1187500
5 0.2479167 0.5488281 0.0791667 0.1085938
3 0.6864583 0.2589844 0.1197917 0.1460937
1 0.7598958 0.2738281 0.1572917 0.1085938
1 0.2937500 0.6550781 0.1520833 0.1101562
3 0.3468750 0.1890625 0.1447917 0.1093750
3 0.4158854 0.5929688 0.1088542 0.2312500
2 0.2359375 0.2210938 0.1760417 0.1265625
3 0.6622396 0.8761719 0.0744792 0.1039063
1 0.5664062 0.7417969 0.1203125 0.2039063
3 0.2039063 0.5492187 0.1890625 0.1484375
5 0.6846354 0.2917969 0.1317708 0.1992188
5 0.6570312 0.5621094 0.0796875 0.1507813
0 0.3414063 0.7898437 0.1609375 0.1109375
4 0.6255208 0.8480469 0.1583333 0.0992187
3 0.7684896 0.4753906 0.1192708 0.1460937
1 0.3734375 0.8933594 0.1656250 0.1398437
5 0.7408854 0.7316406 0.1421875 0.1679688
0 0.7687500 0.5402344 0.1229167 0.1460937
4 0.6286458 0.6152344 0.1479167 0.1210938
0 0.4770833 0.5882812 0.1010417 0.2046875
0 0.5320312 0.6277344 0.1848958 0.1242188
2 0.6307292 0.4257812 0.1093750 0.1828125
0 0.2963542 0.6265625 0.1260417 0.1875000
2 0.7947917 0.3218750 0.0895833 0.2656250
3 0.6036458 0.7664062 0.0958333 0.1625000
1 0.5742188 0.6800781 0.1651042 0.1414063
0 0.7330729 0.7238281 0.1640625 0.1710937
3 0.4031250 0.5027344 0.1489583 0.1054688
0 0.2984375 0.3250000 0.1604167 0.1093750
2 0.6390625 0.4769531 0.1635417 0.1726563
4 0.7539062 0.5179687 0.1619792 0.1609375
4 0.6406250 0.7054687 0.1447917 0.1500000
5 0.4843750 0.8367187 0.1645833 0.1328125
5 0.7596354 0.5746094 0.1026042 0.1726563
0 0.5617188 0.7253906 0.1317708 0.1851562
3 0.4361979 0.4910156 0.0973958 0.2039063
1 0.5281250 0.8890625 0.1000000 0.2203125
2 0.7018229 0.7582031 0.1130208 0.1460937
0 0.6625000 0.7492188 0.1531250 0.1156250
5 0.3195312 0.7003906 0.1526042 0.1070312
5 0.4671875 0.3222656 0.1468750 0.1039063
4 0.6671875 0.6773438 0.1510417 0.1062500
3 0.5708333 0.6367188 0.1406250 0.1187500
2 0.4815104 0.1667969 0.1609375 0.1601562
0 0.5932292 0.6210938 0.0916667 0.1843750
2 0.6132812 0.9414062 0.1078125 0.1156250
5 0.4343750 0.9113281 0.0895833 0.1757812
0 0.2549479 0.5289063 0.1723958 0.1437500
3 0.5445313 0.4812500 0.1078125 0.1312500
5 0.6338542 0.7570313 0.0947917 0.1015625
3 0.3507812 0.5011719 0.1411458 0.1648438
4 0.7427083 0.6925781 0.1552083 0.1242188
1 0.6057292 0.3507812 0.1104167 0.2078125
3 0.7403646 0.4976563 0.0755208 0.1625000
5 0.6695313 0.2703125 0.1140625 0.1781250
3 0.6776042 0.4808594 0.1156250 0.1820313
1 0.5778646 0.3617187 0.1494792 0.1078125
0 0.3166667 0.4019531 0.1770833 0.1742188
3 0.5419271 0.6738281 0.1411458 0.1632812
2 0.6403646 0.4601562 0.1307292 0.1890625
4 0.4109375 0.8808594 0.0645833 0.2070312
1 0.4812500 0.2199219 0.1177083 0.1882813
2 0.7145833 0.5207031 0.0958333 0.1820313
6 0.3799479 0.2472656 0.1265625 0.2273438
9 0.1835938 0.6074219 0.1515625 0.1492188
8 0.4067708 0.4769531 0.0958333 0.2164062
10 0.4791667 0.4656250 0.0916667 0.1437500
7 0.5888021 0.6890625 0.1588542 0.2281250
11 0.3325521 0.4472656 0.1619792 0.1585938
7 0.5807292 0.1273438 0.1114583 0.2250000
9 0.5601563 0.9449219 0.1036458 0.1085938
10 0.3242188 0.7363281 0.1453125 0.1429688
7 0.3838542 0.4472656 0.1270833 0.1789062
9 0.5963542 0.5847656 0.1114583 0.1554687
10 0.6565104 0.4726562 0.1619792 0.1531250
