2 0.3619792 0.4925781 0.0354167 0.0632812
2 0.7015625 0.2218750 0.0531250 0.0421875
0 0.3718750 0.6562500 0.0531250 0.0578125
1 0.6828125 0.1078125 0.0552083 0.0390625
3 0.6859375 0.7039062 0.0552083 0.0640625
0 0.3085938 0.5257812 0.0567708 0.0671875
5 0.5153646 0.1675781 0.0567708 0.0476562
0 0.2046875 0.5894531 0.0510417 0.0695313
3 0.3916667 0.8746094 0.0395833 0.0960938
1 0.6395833 0.3003906 0.0562500 0.0460938
2 0.5822917 0.7414063 0.0437500 0.0734375
4 0.4684896 0.2445313 0.0317708 0.0421875
2 0.5200521 0.6570312 0.0609375 0.0468750
5 0.3377604 0.2832031 0.0390625 0.0429688
0 0.5817708 0.7867188 0.0541667 0.0343750
0 0.6632813 0.3894531 0.0515625 0.0773438
1 0.5736979 0.4644531 0.0588542 0.0445313
1 0.5674479 0.3601563 0.0598958 0.0453125
0 0.7179688 0.6281250 0.0296875 0.0875000
4 0.5098958 0.2398437 0.0260417 0.0875000
3 0.6632813 0.7085938 0.0265625 0.0453125
3 0.6843750 0.6152344 0.0270833 0.0617188
2 0.3312500 0.2675781 0.0468750 0.0460938
5 0.3005208 0.7269531 0.0604167 0.0351562
3 0.6085938 0.4050781 0.0359375 0.0898438
5 0.4822917 0.8035156 0.0406250 0.0742188
10 0.1489583 0.5257812 0.0427083 0.0515625
11 0.6458333 0.4160156 0.0520833 0.0507812
7 0.1841146 0.6562500 0.0598958 0.0578125
8 0.5645833 0.4015625 0.0510417 0.0687500
6 0.6953125 0.7945313 0.0541667 0.0515625
8 0.6122396 0.5921875 0.0546875 0.0531250
9 0.2523437 0.4566406 0.0536458 0.0757812
11 0.5015625 0.6667969 0.0354167 0.0648438
8 0.5445313 0.2843750 0.0546875 0.0843750
9 0.7130208 0.5820312 0.0531250 0.0515625
9 0.4708333 0.6757812 0.0520833 0.0515625
11 0.7111979 0.3394531 0.0505208 0.0492187
10 0.2531250 0.6253906 0.0343750 0.0789062
8 0.4187500 0.7511719 0.0437500 0.0804688
