2 0.5356771 0.1781250 0.0203125 0.0687500
2 0.3026042 0.1765625 0.0291667 0.0437500
4 0.5947917 0.6738281 0.0260417 0.0382813
0 0.3367188 0.4550781 0.0255208 0.0523438
1 0.6338542 0.6367188 0.0333333 0.0484375
3 0.3625000 0.3882813 0.0385417 0.0437500
3 0.6085938 0.7578125 0.0234375 0.0593750
4 0.3161458 0.3546875 0.0187500 0.0343750
4 0.6252604 0.1925781 0.0244792 0.0570312
1 0.4835937 0.5519531 0.0265625 0.0351562
5 0.4846354 0.5703125 0.0390625 0.0281250
4 0.6054688 0.4925781 0.0171875 0.0367188
8 0.6148438 0.3542969 0.0401042 0.0460938
9 0.5101562 0.5855469 0.0432292 0.0664062
9 0.4257812 0.4843750 0.0286458 0.0421875
8 0.3898437 0.2601562 0.0265625 0.0625000
10 0.4671875 0.5539063 0.0375000 0.0437500
8 0.7841146 0.4667969 0.0453125 0.0445313
6 0.5046875 0.3914063 0.0260417 0.0609375
10 0.4218750 0.8808594 0.0333333 0.0414062
8 0.2851562 0.8695312 0.0432292 0.0421875
6 0.3908854 0.5742188 0.0421875 0.0406250
6 0.5533854 0.7523437 0.0359375 0.0453125
8 0.5406250 0.5375000 0.0406250 0.0437500
10 0.3484375 0.4539063 0.0354167 0.0609375
8 0.6546875 0.2484375 0.0354167 0.0546875
