5 0.6562500 0.3144531 0.0208333 0.0585938
0 0.3750000 0.4890625 0.0187500 0.0359375
5 0.4372396 0.0460938 0.0338542 0.0343750
1 0.3966146 0.5808594 0.0401042 0.0273438
1 0.5671875 0.8679687 0.0437500 0.0359375
3 0.6447917 0.4343750 0.0260417 0.0500000
1 0.5265625 0.4953125 0.0427083 0.0343750
2 0.2679687 0.2273438 0.0442708 0.0296875
3 0.6622396 0.8246094 0.0244792 0.0523438
0 0.5492187 0.8570313 0.0390625 0.0375000
0 0.2802083 0.7152344 0.0187500 0.0570312
1 0.4411458 0.4242187 0.0291667 0.0328125
3 0.3947917 0.9050781 0.0197917 0.0601563
0 0.5544271 0.4910156 0.0255208 0.0601563
5 0.6726562 0.4972656 0.0276042 0.0304687
5 0.5984375 0.5574219 0.0416667 0.0398437
3 0.7143229 0.6394531 0.0411458 0.0273438
2 0.4848958 0.8476562 0.0239583 0.0656250
2 0.4481771 0.4582031 0.0276042 0.0523438
4 0.3132813 0.5562500 0.0234375 0.0437500
3 0.6908854 0.6246094 0.0213542 0.0414062
0 0.3104167 0.2632813 0.0427083 0.0281250
4 0.7190104 0.6167969 0.0390625 0.0273438
3 0.6815104 0.9101562 0.0453125 0.0312500
5 0.6627604 0.4449219 0.0359375 0.0351562
3 0.5343750 0.9574219 0.0437500 0.0335937
0 0.4500000 0.7906250 0.0375000 0.0296875
2 0.6455729 0.9437500 0.0380208 0.0312500
5 0.4627604 0.7726563 0.0359375 0.0468750
3 0.6036458 0.3140625 0.0239583 0.0515625
1 0.7231771 0.3804688 0.0390625 0.0453125
5 0.3721354 0.5011719 0.0328125 0.0445313
4 0.6473958 0.6562500 0.0354167 0.0453125
2 0.4132812 0.1753906 0.0390625 0.0539063
3 0.3622396 0.5203125 0.0411458 0.0328125
0 0.5552083 0.4039063 0.0270833 0.0343750
2 0.7898437 0.2320312 0.0244792 0.0609375
0 0.4447917 0.7343750 0.0375000 0.0328125
1 0.3557292 0.4347656 0.0218750 0.0351562
4 0.6419271 0.3628906 0.0192708 0.0429688
1 0.5885417 0.7921875 0.0270833 0.0562500
4 0.4125000 0.2785156 0.0208333 0.0539063
1 0.4291667 0.7515625 0.0250000 0.0265625
0 0.6458333 0.7277344 0.0270833 0.0273438
4 0.4273438 0.7121094 0.0234375 0.0289063
5 0.5671875 0.3441406 0.0406250 0.0289063
5 0.3731771 0.4242187 0.0390625 0.0250000
5 0.5578125 0.5820312 0.0447917 0.0359375
0 0.6010417 0.6738281 0.0156250 0.0335937
3 0.3830729 0.3625000 0.0244792 0.0296875
3 0.4364583 0.6296875 0.0343750 0.0421875
0 0.2828125 0.5097656 0.0218750 0.0445313
1 0.6054688 0.4847656 0.0453125 0.0320312
4 0.3390625 0.7515625 0.0395833 0.0265625
10 0.7138021 0.5273438 0.0401042 0.0421875
10 0.7281250 0.3101563 0.0395833 0.0390625
6 0.5302083 0.4617188 0.0395833 0.0500000
6 0.3351562 0.2335937 0.0265625 0.0593750
10 0.6583333 0.5878906 0.0281250 0.0445313
