0 0.6192708 0.4589844 0.0197917 0.0242188
1 0.5265625 0.4531250 0.0270833 0.0203125
4 0.6109375 0.2636719 0.0125000 0.0351562
3 0.5919271 0.3625000 0.0182292 0.0484375
4 0.6489583 0.5222656 0.0270833 0.0210938
0 0.4473958 0.6277344 0.0145833 0.0289063
1 0.6440104 0.3679688 0.0255208 0.0312500
1 0.6710938 0.5515625 0.0265625 0.0203125
1 0.3893229 0.6789063 0.0276042 0.0250000
4 0.5390625 0.7300781 0.0145833 0.0398437
1 0.5221354 0.5972656 0.0276042 0.0257812
2 0.5184896 0.2203125 0.0276042 0.0187500
0 0.6343750 0.3531250 0.0281250 0.0328125
11 0.8247396 0.5238281 0.0234375 0.0304687
10 0.4835937 0.2074219 0.0255208 0.0257812
8 0.4963542 0.5921875 0.0177083 0.0265625
8 0.4856771 0.2824219 0.0203125 0.0367188
6 0.3434896 0.6546875 0.0265625 0.0375000
8 0.6609375 0.6250000 0.0239583 0.0343750
9 0.4078125 0.4210937 0.0177083 0.0328125
6 0.4817708 0.5335937 0.0250000 0.0296875
8 0.4901042 0.1523438 0.0281250 0.0281250
7 0.4619792 0.5480469 0.0187500 0.0398437
11 0.5145833 0.7031250 0.0197917 0.0328125
11 0.4708333 0.4531250 0.0270833 0.0265625
6 0.6619792 0.3117187 0.0291667 0.0281250
8 0.2552083 0.5800781 0.0260417 0.0289063
11 0.4393229 0.6335937 0.0213542 0.0265625
6 0.6742187 0.7214844 0.0244792 0.0242188
10 0.5757813 0.4148438 0.0151042 0.0328125
