1 0.5705729 0.5167969 0.0286458 0.0585938
0 0.4184896 0.5164062 0.0463542 0.0437500
1 0.4257812 0.6957031 0.0536458 0.0789062
2 0.4276042 0.4742188 0.0322917 0.0953125
5 0.7138021 0.5054688 0.0671875 0.0593750
3 0.3401042 0.2531250 0.0604167 0.0468750
0 0.5513021 0.4242187 0.0369792 0.1000000
0 0.4393229 0.5890625 0.0692708 0.0500000
5 0.6361979 0.6996094 0.0328125 0.0757812
3 0.4911458 0.1226562 0.0614583 0.0546875
0 0.2744792 0.5515625 0.0656250 0.0484375
0 0.5643229 0.2925781 0.0411458 0.0445313
3 0.5893229 0.7722656 0.0630208 0.0460938
2 0.5455729 0.9457031 0.0369792 0.0617188
5 0.7026042 0.7402344 0.0635417 0.0664062
2 0.2945313 0.6312500 0.0578125 0.0718750
2 0.6125000 0.4800781 0.0625000 0.0617188
1 0.5773438 0.1570313 0.0609375 0.0640625
3 0.6635417 0.5878906 0.0677083 0.0460938
1 0.3083333 0.4789062 0.0645833 0.0718750
0 0.3247396 0.6585937 0.0692708 0.0515625
2 0.6028646 0.3777344 0.0619792 0.0445313
5 0.6432292 0.2917969 0.0635417 0.0414062
0 0.6247396 0.7718750 0.0463542 0.0562500
4 0.6080729 0.7425781 0.0348958 0.0960938
1 0.7322917 0.5542969 0.0656250 0.0664062
4 0.4588542 0.5324219 0.0479167 0.0476562
0 0.7403646 0.2843750 0.0453125 0.0765625
2 0.4419271 0.6488281 0.0484375 0.0570312
3 0.5455729 0.5066406 0.0328125 0.0976562
1 0.7114583 0.2636719 0.0656250 0.0429688
0 0.7705729 0.4203125 0.0609375 0.0718750
0 0.4492188 0.7082031 0.0411458 0.0929688
5 0.6151042 0.5402344 0.0416667 0.0695313
2 0.5843750 0.6968750 0.0520833 0.0578125
1 0.5437500 0.4109375 0.0687500 0.0656250
4 0.6721354 0.1765625 0.0578125 0.0687500
1 0.7346354 0.3578125 0.0338542 0.0578125
4 0.6919271 0.4925781 0.0651042 0.0476562
5 0.4005208 0.4667969 0.0385417 0.0835937
1 0.7255208 0.5804687 0.0625000 0.0437500
4 0.7880208 0.6058594 0.0395833 0.0789062
3 0.5994792 0.5460938 0.0437500 0.0703125
4 0.6677083 0.5820312 0.0625000 0.0375000
4 0.4513021 0.7042969 0.0432292 0.0867187
5 0.5914063 0.1160156 0.0348958 0.0945312
2 0.6864583 0.5082031 0.0385417 0.0554687
4 0.6575521 0.2386719 0.0630208 0.0398437
0 0.5580729 0.8250000 0.0640625 0.0531250
1 0.6692708 0.8304687 0.0302083 0.0390625
2 0.4804688 0.7835937 0.0473958 0.0531250
4 0.6658854 0.3546875 0.0359375 0.0937500
3 0.7218750 0.5421875 0.0687500 0.0484375
3 0.6765625 0.1671875 0.0562500 0.0468750
0 0.6533854 0.3953125 0.0609375 0.0578125
2 0.4539063 0.6070313 0.0557292 0.0500000
2 0.7432292 0.3636719 0.0322917 0.0929688
4 0.4044271 0.4105469 0.0588542 0.0382813
5 0.3531250 0.2289063 0.0604167 0.0453125
3 0.7825521 0.6046875 0.0609375 0.0531250
4 0.5098958 0.8972656 0.0437500 0.0648438
5 0.5140625 0.4347656 0.0500000 0.0648438
3 0.5710937 0.7804688 0.0380208 0.0687500
4 0.4354167 0.3468750 0.0604167 0.0468750
2 0.5361979 0.2011719 0.0651042 0.0460938
3 0.2302083 0.1792969 0.0645833 0.0367188
5 0.5989583 0.5589844 0.0364583 0.0414062
3 0.7596354 0.5824219 0.0630208 0.0507812
2 0.6638021 0.7261719 0.0630208 0.0382813
4 0.4591146 0.2976563 0.0348958 0.0625000
1 0.3989583 0.4527344 0.0656250 0.0445313
2 0.6841146 0.7546875 0.0276042 0.1031250
2 0.6645833 0.7886719 0.0656250 0.0382813
5 0.3281250 0.5378906 0.0625000 0.0679687
5 0.6145833 0.5929688 0.0510417 0.0812500
3 0.5783854 0.6792969 0.0692708 0.0523438
0 0.2687500 0.2035156 0.0302083 0.0914062
5 0.6843750 0.6992188 0.0697917 0.0468750
3 0.5981771 0.7148438 0.0713542 0.0546875
3 0.5653646 0.6394531 0.0411458 0.1039063
7 0.6854167 0.8398438 0.0583333 0.0671875
10 0.6299479 0.6132812 0.0411458 0.0656250
6 0.5828125 0.5148438 0.0427083 0.0875000
8 0.6669271 0.5808594 0.0598958 0.0585938
8 0.5450521 0.1554687 0.0442708 0.0890625
8 0.6664062 0.3464844 0.0421875 0.0976562
11 0.3929687 0.3296875 0.0619792 0.0625000
8 0.6611979 0.3664062 0.0619792 0.0859375
9 0.5562500 0.5914063 0.0677083 0.0765625
9 0.4432292 0.7250000 0.0625000 0.0703125
7 0.1888021 0.6031250 0.0671875 0.0625000
11 0.2648437 0.7179688 0.0703125 0.0656250
6 0.7291667 0.6796875 0.0656250 0.0640625
9 0.6908854 0.4562500 0.0588542 0.0656250
