2 0.3687500 0.3871094 0.0406250 0.0585938
2 0.6432292 0.3597656 0.0270833 0.0601563
5 0.2770833 0.3281250 0.0500000 0.0390625
3 0.4010417 0.7371094 0.0406250 0.0476562
3 0.4799479 0.4925781 0.0255208 0.0460938
0 0.6210938 0.3457031 0.0338542 0.0476562
0 0.6252604 0.2941406 0.0453125 0.0367188
1 0.3950521 0.8566406 0.0390625 0.0570312
2 0.2390625 0.3507812 0.0437500 0.0437500
2 0.6148438 0.1796875 0.0307292 0.0656250
4 0.3447917 0.4160156 0.0479167 0.0445313
4 0.7065104 0.4582031 0.0213542 0.0398437
3 0.4765625 0.6449219 0.0447917 0.0320312
5 0.5286458 0.6597656 0.0333333 0.0289063
4 0.5953125 0.5707031 0.0500000 0.0351562
2 0.5231771 0.3382812 0.0203125 0.0437500
4 0.3750000 0.7933594 0.0166667 0.0695313
1 0.6057292 0.6109375 0.0427083 0.0390625
0 0.5151042 0.5906250 0.0364583 0.0359375
4 0.5192708 0.7578125 0.0489583 0.0390625
4 0.6622396 0.5316406 0.0484375 0.0445313
4 0.5752604 0.3250000 0.0255208 0.0546875
3 0.5494792 0.1488281 0.0416667 0.0398437
3 0.5244792 0.6800781 0.0510417 0.0414062
1 0.3747396 0.3546875 0.0265625 0.0703125
4 0.6984375 0.4210937 0.0541667 0.0375000
1 0.6705729 0.4425781 0.0276042 0.0414062
2 0.4606771 0.9058594 0.0421875 0.0585938
3 0.2500000 0.6453125 0.0541667 0.0359375
5 0.5364583 0.1285156 0.0364583 0.0367188
2 0.5731771 0.4828125 0.0255208 0.0718750
4 0.4640625 0.7925781 0.0416667 0.0445313
2 0.4471354 0.5433594 0.0255208 0.0445313
5 0.6372396 0.2632813 0.0515625 0.0328125
0 0.6484375 0.2523437 0.0375000 0.0593750
4 0.5984375 0.5480469 0.0500000 0.0351562
2 0.6171875 0.4363281 0.0541667 0.0398437
1 0.4802083 0.8410156 0.0354167 0.0601563
4 0.6705729 0.5523438 0.0484375 0.0453125
5 0.6427083 0.7144531 0.0416667 0.0601563
5 0.5171875 0.4171875 0.0239583 0.0734375
0 0.2924479 0.5957031 0.0432292 0.0585938
0 0.5268229 0.5707031 0.0286458 0.0445313
1 0.6299479 0.3578125 0.0286458 0.0593750
3 0.2669271 0.4460938 0.0234375 0.0515625
0 0.3796875 0.6402344 0.0416667 0.0320312
5 0.3575521 0.4074219 0.0265625 0.0664062
1 0.4325521 0.2179687 0.0411458 0.0421875
4 0.7442708 0.5843750 0.0395833 0.0484375
2 0.6424479 0.8503906 0.0473958 0.0335937
3 0.6526042 0.2312500 0.0510417 0.0515625
5 0.5625000 0.3406250 0.0427083 0.0406250
0 0.5888021 0.2695312 0.0484375 0.0328125
1 0.4856771 0.3917969 0.0296875 0.0351562
4 0.4375000 0.7625000 0.0187500 0.0671875
0 0.6044271 0.3730469 0.0286458 0.0320312
2 0.5158854 0.1671875 0.0286458 0.0406250
4 0.5458333 0.8226562 0.0437500 0.0453125
4 0.5924479 0.1914062 0.0255208 0.0687500
0 0.4815104 0.2394531 0.0515625 0.0398437
1 0.4927083 0.6523438 0.0322917 0.0656250
5 0.5151042 0.3320312 0.0427083 0.0406250
3 0.4039063 0.7445312 0.0484375 0.0328125
5 0.7463542 0.4070313 0.0312500 0.0468750
2 0.4875000 0.3062500 0.0322917 0.0375000
4 0.6127604 0.5039062 0.0401042 0.0468750
3 0.3770833 0.4886719 0.0239583 0.0726563
6 0.3802083 0.6929688 0.0427083 0.0421875
9 0.5382813 0.7359375 0.0296875 0.0656250
6 0.5718750 0.5570312 0.0479167 0.0484375
9 0.7111979 0.4375000 0.0359375 0.0531250
11 0.6700521 0.2890625 0.0494792 0.0484375
10 0.4921875 0.0722656 0.0333333 0.0679687
9 0.4489583 0.1980469 0.0406250 0.0742188
8 0.2611979 0.3484375 0.0307292 0.0703125
10 0.4091146 0.8605469 0.0463542 0.0648438
10 0.5210938 0.6074219 0.0453125 0.0492187
9 0.6585937 0.7480469 0.0286458 0.0492187
7 0.4934896 0.2625000 0.0453125 0.0703125
