2 0.5432292 0.8660156 0.1135417 0.0679687
1 0.5513021 0.3335938 0.0755208 0.0750000
4 0.4536458 0.8402344 0.1145833 0.0789062
1 0.3513021 0.2355469 0.0578125 0.1148437
2 0.6932292 0.2457031 0.1166667 0.0820312
3 0.3437500 0.3593750 0.0875000 0.1421875
4 0.6994792 0.5492187 0.1052083 0.0828125
0 0.3794271 0.7093750 0.0609375 0.0937500
5 0.6190104 0.2304688 0.0984375 0.1234375
4 0.6903646 0.4003906 0.0598958 0.1148437
5 0.3244792 0.5734375 0.0968750 0.1234375
0 0.3028646 0.7128906 0.0713542 0.1023437
1 0.4294271 0.5570312 0.1276042 0.1203125
2 0.2723958 0.3339844 0.0708333 0.0882813
2 0.6075521 0.5140625 0.0557292 0.1140625
0 0.5471354 0.7738281 0.0588542 0.1054688
3 0.6458333 0.7257813 0.1083333 0.1359375
2 0.5804687 0.5476562 0.1057292 0.0812500
1 0.5713542 0.2910156 0.1395833 0.1226562
2 0.5260417 0.8312500 0.0635417 0.1921875
0 0.4114583 0.2875000 0.1322917 0.0953125
5 0.4338542 0.2347656 0.0593750 0.1601562
0 0.3815104 0.5011719 0.0567708 0.0945312
1 0.7455729 0.8195313 0.0838542 0.1515625
5 0.7593750 0.6125000 0.1052083 0.1343750
1 0.3476562 0.3617187 0.1119792 0.1312500
2 0.3122396 0.3644531 0.0598958 0.1132812
1 0.8002604 0.6777344 0.1078125 0.1101562
7 0.5875000 0.5839844 0.1072917 0.1054688
7 0.5401042 0.4265625 0.0822917 0.1500000
6 0.5539063 0.5156250 0.0932292 0.1093750
7 0.6757812 0.7015625 0.1036458 0.1343750
7 0.6408854 0.2820313 0.1171875 0.1453125
8 0.2955729 0.3863281 0.0755208 0.1679688
6 0.7158854 0.4082031 0.1067708 0.1132812
