2 0.4437500 0.5414062 0.0312500 0.0484375
4 0.4309896 0.3183594 0.0515625 0.0460938
2 0.2955729 0.5656250 0.0526042 0.0531250
4 0.6929688 0.7402344 0.0348958 0.0476562
4 0.6171875 0.4500000 0.0552083 0.0359375
3 0.4848958 0.6925781 0.0385417 0.0835937
1 0.6325521 0.3468750 0.0234375 0.0765625
5 0.5578125 0.4539063 0.0552083 0.0484375
1 0.6648437 0.7171875 0.0484375 0.0656250
3 0.6679688 0.4871094 0.0651042 0.0539063
3 0.2486979 0.5871094 0.0317708 0.0820312
0 0.4427083 0.6128906 0.0562500 0.0648438
4 0.6502604 0.6593750 0.0536458 0.0359375
2 0.7203125 0.3453125 0.0593750 0.0406250
4 0.6231771 0.8054687 0.0526042 0.0578125
0 0.5221354 0.5382813 0.0630208 0.0625000
1 0.6026042 0.6242188 0.0270833 0.0562500
5 0.4739583 0.3191406 0.0291667 0.0460938
5 0.5039062 0.3429687 0.0348958 0.0703125
4 0.4760417 0.2738281 0.0270833 0.0867187
1 0.6690104 0.6632813 0.0526042 0.0515625
3 0.6385417 0.5804687 0.0385417 0.0437500
0 0.5023437 0.1761719 0.0307292 0.0945312
0 0.5010417 0.2445313 0.0572917 0.0468750
0 0.7104167 0.4683594 0.0562500 0.0601563
4 0.4822917 0.7949219 0.0291667 0.0789062
2 0.5096354 0.6496094 0.0421875 0.0757812
5 0.5557292 0.7585937 0.0322917 0.0796875
3 0.4455729 0.7539062 0.0286458 0.0859375
2 0.3604167 0.3542969 0.0395833 0.0617188
4 0.6531250 0.5347656 0.0520833 0.0367188
4 0.6882812 0.4023438 0.0588542 0.0437500
5 0.5429688 0.8964844 0.0307292 0.0429688
0 0.4231771 0.5585938 0.0557292 0.0375000
1 0.3880208 0.1726563 0.0333333 0.0921875
4 0.4317708 0.5058594 0.0354167 0.0554687
3 0.3708333 0.7078125 0.0229167 0.0671875
1 0.3450521 0.5105469 0.0588542 0.0414062
2 0.3018229 0.6812500 0.0286458 0.0453125
1 0.5989583 0.3160156 0.0604167 0.0382813
2 0.3598958 0.5023437 0.0281250 0.0531250
2 0.4591146 0.6054688 0.0359375 0.0390625
2 0.6390625 0.7339844 0.0562500 0.0351562
1 0.4921875 0.8289062 0.0302083 0.0843750
3 0.4166667 0.1890625 0.0593750 0.0437500
5 0.7046875 0.2523437 0.0270833 0.0640625
4 0.3346354 0.7855469 0.0598958 0.0429688
2 0.4421875 0.6468750 0.0322917 0.0421875
3 0.4335938 0.2929688 0.0567708 0.0437500
4 0.6953125 0.3027344 0.0562500 0.0398437
4 0.6835938 0.5656250 0.0432292 0.0734375
1 0.6276042 0.7066406 0.0239583 0.0664062
4 0.7375000 0.6242188 0.0270833 0.0781250
8 0.4307292 0.9550781 0.0406250 0.0835937
11 0.5481771 0.8054687 0.0536458 0.0625000
7 0.5419271 0.5300781 0.0369792 0.0742188
7 0.5752604 0.5125000 0.0442708 0.0765625
10 0.2718750 0.5601563 0.0500000 0.0609375
10 0.6036458 0.3207031 0.0500000 0.0585938
10 0.3718750 0.1808594 0.0489583 0.0804688
11 0.2768229 0.4742188 0.0546875 0.0687500
11 0.7265625 0.5312500 0.0458333 0.0578125
9 0.5546875 0.1851562 0.0479167 0.0687500
10 0.6088542 0.6332031 0.0500000 0.0523438
11 0.5091146 0.6492187 0.0369792 0.0859375
9 0.6023437 0.4929688 0.0557292 0.0703125
9 0.7088542 0.3242188 0.0437500 0.0859375
7 0.6231771 0.7726563 0.0536458 0.0562500
7 0.6046875 0.5855469 0.0520833 0.0789062
6 0.5757813 0.7687500 0.0380208 0.0750000
7 0.6093750 0.5515625 0.0531250 0.0515625
6 0.5236979 0.8570313 0.0338542 0.0796875
