5 0.5856771 0.4445312 0.0442708 0.0468750
3 0.3919271 0.3527344 0.0463542 0.0335937
4 0.7500000 0.3167969 0.0395833 0.0414062
2 0.2622396 0.8167969 0.0515625 0.0351562
4 0.4598958 0.6207031 0.0385417 0.0726563
2 0.6106771 0.4910156 0.0453125 0.0320312
2 0.6041667 0.1613281 0.0322917 0.0648438
4 0.6583333 0.2078125 0.0489583 0.0328125
5 0.2609375 0.6421875 0.0479167 0.0500000
0 0.4085937 0.1742188 0.0453125 0.0453125
0 0.6666667 0.3585937 0.0406250 0.0593750
5 0.5450521 0.3976562 0.0494792 0.0343750
3 0.7632813 0.5468750 0.0432292 0.0453125
1 0.4494792 0.2843750 0.0500000 0.0390625
2 0.5971354 0.3828125 0.0307292 0.0468750
1 0.5273438 0.7234375 0.0432292 0.0453125
4 0.4781250 0.6843750 0.0260417 0.0296875
1 0.5757813 0.7546875 0.0515625 0.0406250
5 0.2315104 0.6410156 0.0484375 0.0601563
0 0.6015625 0.6417969 0.0500000 0.0476562
1 0.3875000 0.4433594 0.0291667 0.0742188
1 0.5330729 0.3410156 0.0484375 0.0382813
2 0.6645833 0.5753906 0.0510417 0.0398437
2 0.3059896 0.4242187 0.0234375 0.0703125
0 0.3468750 0.8179688 0.0520833 0.0296875
0 0.3643229 0.2542969 0.0411458 0.0539063
1 0.6661458 0.3210938 0.0260417 0.0406250
1 0.5372396 0.5238281 0.0359375 0.0445313
1 0.5406250 0.6640625 0.0333333 0.0718750
2 0.7184896 0.3621094 0.0526042 0.0429688
5 0.3348958 0.7839844 0.0208333 0.0773438
4 0.7252604 0.5316406 0.0515625 0.0351562
5 0.3760417 0.7023438 0.0250000 0.0687500
0 0.6341146 0.3832031 0.0473958 0.0382813
0 0.2776042 0.5488281 0.0500000 0.0414062
0 0.2502604 0.2816406 0.0234375 0.0742188
5 0.5507812 0.2703125 0.0567708 0.0359375
5 0.5361979 0.5812500 0.0328125 0.0625000
3 0.3143229 0.3632812 0.0463542 0.0406250
0 0.6489583 0.5386719 0.0520833 0.0367188
2 0.6606771 0.4562500 0.0286458 0.0390625
3 0.5281250 0.4234375 0.0354167 0.0562500
2 0.4625000 0.4582031 0.0562500 0.0414062
1 0.5484375 0.6648437 0.0312500 0.0718750
5 0.5932292 0.4847656 0.0447917 0.0351562
4 0.4687500 0.3886719 0.0333333 0.0664062
1 0.6127604 0.7167969 0.0473958 0.0492187
2 0.5682292 0.9195313 0.0343750 0.0453125
2 0.3307292 0.2953125 0.0552083 0.0406250
3 0.5101562 0.5265625 0.0557292 0.0453125
5 0.7197917 0.3195312 0.0479167 0.0453125
2 0.4098958 0.7421875 0.0250000 0.0406250
5 0.5736979 0.6375000 0.0359375 0.0468750
3 0.5924479 0.1425781 0.0453125 0.0601563
0 0.4247396 0.6886719 0.0494792 0.0351562
1 0.5664062 0.2246094 0.0265625 0.0335937
4 0.5721354 0.7476563 0.0223958 0.0421875
1 0.6781250 0.6054688 0.0531250 0.0437500
0 0.6184896 0.4367187 0.0286458 0.0359375
0 0.5140625 0.6148438 0.0291667 0.0718750
2 0.5645833 0.3375000 0.0520833 0.0390625
1 0.7375000 0.1187500 0.0250000 0.0750000
9 0.7544271 0.3238281 0.0338542 0.0789062
9 0.6752604 0.4242187 0.0494792 0.0484375
10 0.4322917 0.7488281 0.0458333 0.0726563
7 0.4898438 0.4824219 0.0286458 0.0429688
7 0.5528646 0.5164062 0.0328125 0.0765625
8 0.6130208 0.1167969 0.0322917 0.0726563
11 0.4914062 0.3097656 0.0369792 0.0710937
8 0.4179688 0.3953125 0.0515625 0.0562500
6 0.6041667 0.3503906 0.0385417 0.0445313
10 0.2234375 0.3160156 0.0437500 0.0585938
10 0.7000000 0.4980469 0.0468750 0.0460938
8 0.4557292 0.6449219 0.0312500 0.0710937
11 0.3635417 0.6824219 0.0364583 0.0695313
9 0.4169271 0.7164063 0.0338542 0.0718750
7 0.4963542 0.6226563 0.0510417 0.0500000
6 0.3739583 0.8593750 0.0322917 0.0734375
10 0.4114583 0.5027344 0.0500000 0.0539063
