3 0.5302083 0.5953125 0.0843750 0.0609375
4 0.4992187 0.2367188 0.0505208 0.0609375
3 0.4510417 0.2476562 0.0385417 0.1140625
4 0.4059896 0.5687500 0.0786458 0.0562500
5 0.6179687 0.8394531 0.0401042 0.1226562
4 0.4747396 0.5691406 0.0765625 0.0679687
1 0.5078125 0.2414062 0.0489583 0.0843750
2 0.4075521 0.2316406 0.0380208 0.0554687
3 0.5020833 0.8699219 0.0677083 0.0882813
1 0.5106771 0.8195313 0.0807292 0.0640625
4 0.6739583 0.5730469 0.0635417 0.0867187
1 0.5666667 0.7820312 0.0302083 0.0640625
1 0.4338542 0.3773437 0.0364583 0.1203125
0 0.4500000 0.9433594 0.0489583 0.1117188
0 0.7395833 0.4093750 0.0364583 0.0812500
2 0.5630208 0.4855469 0.0854167 0.0523438
2 0.6072917 0.4437500 0.0562500 0.1187500
4 0.4838542 0.5792969 0.0385417 0.0664062
3 0.6809896 0.6007813 0.0765625 0.0656250
2 0.6703125 0.3859375 0.0906250 0.0671875
1 0.7382812 0.6773438 0.0807292 0.0484375
0 0.6153646 0.3570313 0.0390625 0.1125000
2 0.4026042 0.6050781 0.0500000 0.1101562
0 0.5710937 0.4410156 0.0546875 0.0898438
5 0.5174479 0.7964844 0.0744792 0.0882813
4 0.5908854 0.4562500 0.0651042 0.1140625
2 0.5416667 0.3031250 0.0468750 0.1015625
4 0.5578125 0.6792969 0.0750000 0.0695313
0 0.5820312 0.3828125 0.0713542 0.0984375
4 0.4848958 0.1921875 0.0364583 0.0750000
5 0.4369792 0.5820312 0.0854167 0.0609375
3 0.3955729 0.4277344 0.0640625 0.1289062
3 0.4031250 0.1257813 0.0770833 0.0984375
4 0.6875000 0.4890625 0.0677083 0.1031250
1 0.5473958 0.2789063 0.0562500 0.0781250
0 0.3072917 0.7656250 0.0552083 0.0859375
1 0.6976562 0.6609375 0.0807292 0.0796875
2 0.7330729 0.5195312 0.0526042 0.1062500
2 0.5531250 0.6226563 0.0364583 0.1218750
2 0.2960937 0.6910156 0.0723958 0.0710937
2 0.7778646 0.4140625 0.0661458 0.0703125
5 0.7783854 0.3925781 0.0838542 0.0773438
5 0.2445313 0.5312500 0.0838542 0.0734375
1 0.4148438 0.5039062 0.0869792 0.0609375
5 0.5148438 0.4031250 0.0317708 0.0515625
4 0.3458333 0.6886719 0.0375000 0.1164063
3 0.4085937 0.7476563 0.0911458 0.0531250
5 0.4192708 0.7867188 0.0812500 0.0578125
5 0.4283854 0.4644531 0.0557292 0.0679687
0 0.4752604 0.4093750 0.0609375 0.1140625
4 0.6463542 0.5242187 0.0781250 0.0593750
2 0.6130208 0.2730469 0.0718750 0.0476562
1 0.3536458 0.4472656 0.0552083 0.1289062
2 0.5179687 0.3691406 0.0723958 0.0585938
4 0.5794271 0.5515625 0.0869792 0.0640625
2 0.6057292 0.6113281 0.0729167 0.0867187
3 0.5455729 0.1953125 0.0848958 0.0609375
4 0.6510417 0.5097656 0.0906250 0.0648438
4 0.6664062 0.5195312 0.0494792 0.0734375
4 0.6916667 0.5835938 0.0885417 0.0625000
2 0.5122396 0.5246094 0.0411458 0.0632812
0 0.4223958 0.7964844 0.0489583 0.0679687
4 0.3768229 0.1621094 0.0598958 0.1304687
0 0.7252604 0.4394531 0.0421875 0.0710937
5 0.5828125 0.1261719 0.0666667 0.0648438
9 0.3651042 0.7675781 0.0666667 0.1210938
10 0.5687500 0.8617187 0.0593750 0.1218750
11 0.6966146 0.3593750 0.0807292 0.0781250
10 0.6385417 0.5957031 0.0739583 0.0726563
9 0.6794271 0.3875000 0.0859375 0.0828125
7 0.2419271 0.6742187 0.0557292 0.1265625
9 0.3145833 0.5804687 0.0864583 0.0812500
7 0.5783854 0.8250000 0.0755208 0.0734375
7 0.7000000 0.7433594 0.0760417 0.1132812
9 0.5242187 0.3218750 0.0536458 0.0859375
9 0.3742187 0.8398438 0.0734375 0.1046875
6 0.4497396 0.2339844 0.0619792 0.1148437
