2 0.5625000 0.6652344 0.0364583 0.0257812
0 0.7721354 0.4078125 0.0348958 0.0359375
4 0.4760417 0.5210938 0.0270833 0.0328125
1 0.5031250 0.7753906 0.0166667 0.0492187
2 0.5760417 0.4042969 0.0239583 0.0335937
3 0.4158854 0.4988281 0.0203125 0.0382813
5 0.4718750 0.4617188 0.0354167 0.0250000
2 0.5052083 0.1664063 0.0312500 0.0359375
5 0.5937500 0.1445312 0.0343750 0.0250000
3 0.7106771 0.2738281 0.0359375 0.0210938
1 0.6744792 0.4070313 0.0333333 0.0390625
4 0.2671875 0.3593750 0.0208333 0.0250000
2 0.5789062 0.2714844 0.0161458 0.0523438
5 0.5651042 0.8828125 0.0343750 0.0265625
1 0.6289062 0.3890625 0.0192708 0.0390625
4 0.5424479 0.5589844 0.0348958 0.0226562
3 0.4929688 0.3652344 0.0307292 0.0226562
2 0.5692708 0.6003906 0.0197917 0.0570312
2 0.6177083 0.2722656 0.0322917 0.0210938
11 0.7367187 0.3855469 0.0317708 0.0304687
11 0.4601562 0.6468750 0.0328125 0.0484375
10 0.3927083 0.3261719 0.0239583 0.0523438
11 0.3484375 0.8902344 0.0343750 0.0335937
