2 0.6302083 0.4707031 0.0197917 0.0398437
1 0.3934896 0.6050781 0.0223958 0.0648438
0 0.4783854 0.3835938 0.0203125 0.0250000
3 0.5994792 0.6429687 0.0447917 0.0359375
4 0.5052083 0.6167969 0.0302083 0.0382813
5 0.4335938 0.4128906 0.0338542 0.0367188
2 0.6739583 0.6343750 0.0427083 0.0343750
2 0.6541667 0.6117187 0.0447917 0.0359375
2 0.3885417 0.6394531 0.0437500 0.0367188
2 0.5591146 0.4402344 0.0286458 0.0679687
0 0.6890625 0.2382812 0.0468750 0.0281250
4 0.6242188 0.3531250 0.0182292 0.0375000
3 0.3427083 0.4929688 0.0447917 0.0390625
2 0.6455729 0.7339844 0.0453125 0.0335937
0 0.5565104 0.0859375 0.0223958 0.0515625
0 0.4984375 0.2570312 0.0364583 0.0515625
4 0.5143229 0.6617188 0.0359375 0.0390625
1 0.6833333 0.3234375 0.0468750 0.0359375
0 0.7286458 0.4878906 0.0437500 0.0382813
5 0.4984375 0.2175781 0.0437500 0.0414062
4 0.8013021 0.6722656 0.0390625 0.0445313
0 0.6080729 0.3976562 0.0203125 0.0562500
2 0.5104167 0.6761719 0.0239583 0.0570312
3 0.6703125 0.1246094 0.0333333 0.0570312
3 0.7046875 0.4523437 0.0489583 0.0343750
3 0.3598958 0.3476562 0.0260417 0.0593750
0 0.8122396 0.4089844 0.0369792 0.0445313
5 0.3984375 0.7484375 0.0312500 0.0593750
1 0.7960938 0.4082031 0.0203125 0.0304687
3 0.7377604 0.4421875 0.0359375 0.0296875
0 0.3934896 0.5542969 0.0463542 0.0304687
2 0.6122396 0.6132812 0.0401042 0.0343750
4 0.3401042 0.3359375 0.0375000 0.0515625
5 0.2632813 0.3515625 0.0348958 0.0546875
0 0.3479167 0.3722656 0.0489583 0.0335937
1 0.4098958 0.2472656 0.0229167 0.0289063
1 0.6070313 0.4097656 0.0348958 0.0554687
2 0.3695312 0.5644531 0.0390625 0.0476562
2 0.5596354 0.5167969 0.0505208 0.0398437
3 0.4492188 0.2328125 0.0359375 0.0281250
5 0.4281250 0.6320313 0.0479167 0.0343750
1 0.6151042 0.1789062 0.0437500 0.0359375
5 0.3036458 0.6375000 0.0427083 0.0437500
4 0.4031250 0.5625000 0.0270833 0.0578125
2 0.5908854 0.7011719 0.0432292 0.0335937
5 0.3651042 0.8792969 0.0395833 0.0445313
2 0.7401042 0.5175781 0.0364583 0.0335937
1 0.6690104 0.3570313 0.0223958 0.0593750
2 0.5333333 0.1281250 0.0239583 0.0312500
5 0.5596354 0.6750000 0.0255208 0.0312500
5 0.5320312 0.2144531 0.0296875 0.0664062
3 0.6888021 0.5527344 0.0463542 0.0382813
5 0.5861979 0.5144531 0.0421875 0.0445313
4 0.4611979 0.5437500 0.0244792 0.0421875
1 0.4445312 0.6742187 0.0307292 0.0515625
7 0.3718750 0.8265625 0.0333333 0.0671875
10 0.4333333 0.8003906 0.0385417 0.0648438
7 0.5054688 0.7640625 0.0348958 0.0453125
10 0.4192708 0.4953125 0.0427083 0.0593750
6 0.4966146 0.7023438 0.0421875 0.0406250
7 0.5518229 0.4406250 0.0328125 0.0390625
11 0.6132812 0.7890625 0.0338542 0.0640625
