0 0.5632812 0.5800781 0.0265625 0.0367188
2 0.4940104 0.6046875 0.0348958 0.0500000
5 0.4854167 0.6269531 0.0416667 0.0304687
0 0.6596354 0.6847656 0.0453125 0.0304687
5 0.6268229 0.6757812 0.0401042 0.0328125
1 0.3791667 0.5582031 0.0229167 0.0398437
1 0.5174479 0.4796875 0.0432292 0.0312500
2 0.4898438 0.2562500 0.0296875 0.0312500
2 0.4880208 0.2464844 0.0250000 0.0320312
5 0.5963542 0.3277344 0.0333333 0.0304687
0 0.4263021 0.1785156 0.0411458 0.0289063
3 0.7184896 0.5902344 0.0380208 0.0273438
5 0.5591146 0.3378906 0.0453125 0.0382813
0 0.3617187 0.5367188 0.0234375 0.0281250
2 0.5007812 0.2289063 0.0296875 0.0406250
4 0.6963542 0.3449219 0.0406250 0.0304687
3 0.5002604 0.5847656 0.0401042 0.0289063
3 0.5447917 0.5097656 0.0187500 0.0539063
4 0.5091146 0.5179687 0.0234375 0.0515625
4 0.6565104 0.1746094 0.0453125 0.0335937
1 0.6242188 0.5906250 0.0296875 0.0406250
5 0.3950521 0.4695313 0.0296875 0.0421875
0 0.5833333 0.2359375 0.0447917 0.0312500
3 0.5161458 0.4464844 0.0395833 0.0273438
4 0.4171875 0.2929688 0.0416667 0.0281250
2 0.6497396 0.2503906 0.0317708 0.0414062
2 0.5747396 0.6152344 0.0442708 0.0367188
1 0.4085937 0.5585938 0.0234375 0.0343750
0 0.3067708 0.5964844 0.0364583 0.0539063
0 0.3653646 0.2496094 0.0359375 0.0398437
1 0.5247396 0.6585937 0.0317708 0.0421875
3 0.6867188 0.7460938 0.0401042 0.0375000
4 0.6200521 0.6656250 0.0192708 0.0312500
0 0.5226563 0.8039063 0.0286458 0.0531250
3 0.6802083 0.4730469 0.0416667 0.0476562
3 0.4528646 0.7929688 0.0203125 0.0609375
2 0.4213542 0.7648438 0.0395833 0.0390625
0 0.4640625 0.2140625 0.0250000 0.0312500
4 0.6028646 0.8562500 0.0307292 0.0265625
2 0.7388021 0.6523438 0.0442708 0.0328125
1 0.3854167 0.4785156 0.0218750 0.0367188
0 0.4416667 0.4277344 0.0270833 0.0398437
5 0.5817708 0.2863281 0.0395833 0.0320312
2 0.5270833 0.6363281 0.0270833 0.0617188
3 0.4736979 0.8089844 0.0213542 0.0664062
3 0.6895833 0.0953125 0.0427083 0.0296875
1 0.6828125 0.7750000 0.0364583 0.0250000
0 0.5000000 0.2796875 0.0416667 0.0359375
4 0.4500000 0.4886719 0.0385417 0.0429688
2 0.4864583 0.4214844 0.0281250 0.0601563
2 0.6841146 0.6351562 0.0442708 0.0328125
5 0.4843750 0.8253906 0.0239583 0.0289063
1 0.4606771 0.0187500 0.0307292 0.0375000
4 0.6221354 0.5234375 0.0390625 0.0265625
3 0.4479167 0.3250000 0.0364583 0.0312500
11 0.6072917 0.1820313 0.0375000 0.0406250
11 0.3640625 0.6835938 0.0354167 0.0359375
10 0.6179687 0.7242188 0.0390625 0.0375000
6 0.5375000 0.1046875 0.0281250 0.0625000
8 0.3369792 0.3812500 0.0437500 0.0437500
6 0.6432292 0.2042969 0.0364583 0.0398437
8 0.4312500 0.7683594 0.0281250 0.0585938
6 0.3526042 0.6000000 0.0375000 0.0375000
8 0.6578125 0.1113281 0.0395833 0.0523438
11 0.5882812 0.6296875 0.0380208 0.0375000
9 0.5497396 0.2382812 0.0390625 0.0421875
