1 0.7244792 0.3921875 0.0322917 0.0343750
2 0.5492187 0.7371094 0.0223958 0.0273438
7 0.3861979 0.5765625 0.0317708 0.0406250
11 0.3145833 0.8179688 0.0218750 0.0500000
6 0.3734375 0.2121094 0.0364583 0.0414062
6 0.4572917 0.7429687 0.0260417 0.0437500
10 0.6231771 0.5464844 0.0307292 0.0507812
9 0.6872396 0.6535156 0.0276042 0.0507812
9 0.3932292 0.2062500 0.0218750 0.0437500
7 0.3921875 0.5082031 0.0281250 0.0367188
10 0.5273438 0.5148438 0.0317708 0.0406250
8 0.6158854 0.4058594 0.0369792 0.0492187
6 0.5117188 0.7437500 0.0265625 0.0515625
6 0.4492188 0.4328125 0.0255208 0.0437500
9 0.3867188 0.1769531 0.0380208 0.0382813
6 0.4044271 0.1718750 0.0213542 0.0468750
7 0.6776042 0.6273437 0.0322917 0.0343750
