5 0.5140625 0.2839844 0.0750000 0.0492187
5 0.4898438 0.2656250 0.0526042 0.0531250
4 0.3322917 0.5328125 0.0854167 0.0718750
1 0.7578125 0.3578125 0.0812500 0.0687500
2 0.4830729 0.7566406 0.0453125 0.0617188
2 0.6216146 0.7511719 0.0453125 0.0757812
4 0.6114583 0.8769531 0.0677083 0.0789062
5 0.2882812 0.3140625 0.0807292 0.0718750
4 0.4195313 0.3105469 0.0463542 0.1039063
5 0.5861979 0.9160156 0.0432292 0.1164063
4 0.6161458 0.5500000 0.0875000 0.0593750
4 0.4031250 0.4164062 0.0520833 0.0828125
0 0.6528646 0.4199219 0.0401042 0.0726563
2 0.4903646 0.5507812 0.0317708 0.0609375
3 0.3359375 0.5750000 0.0541667 0.0921875
1 0.7328125 0.1644531 0.0333333 0.1195313
5 0.3020833 0.8175781 0.0770833 0.0726563
4 0.4166667 0.8160156 0.0437500 0.1210938
5 0.5690104 0.8074219 0.0442708 0.0648438
0 0.3401042 0.5308594 0.0802083 0.0679687
0 0.5635417 0.4714844 0.0718750 0.0539063
0 0.5731771 0.1863281 0.0619792 0.0539063
1 0.3476562 0.1941406 0.0692708 0.1007813
1 0.7250000 0.5652344 0.0781250 0.0632812
2 0.7434896 0.6035156 0.0786458 0.0507812
0 0.5841146 0.2601562 0.0432292 0.0765625
3 0.7010417 0.8898438 0.0770833 0.0484375
0 0.6786458 0.6484375 0.0572917 0.1250000
0 0.4393229 0.7488281 0.0838542 0.0585938
1 0.5052083 0.5410156 0.0718750 0.1117188
5 0.2630208 0.3863281 0.0562500 0.0742188
4 0.6117187 0.6292969 0.0786458 0.0648438
4 0.5148438 0.3902344 0.0776042 0.0695313
5 0.5757813 0.8320312 0.0536458 0.0718750
3 0.5174479 0.4464844 0.0598958 0.0570312
4 0.5854167 0.7574219 0.0781250 0.0539063
5 0.7507812 0.8265625 0.0786458 0.0609375
5 0.6588542 0.8386719 0.0791667 0.0648438
3 0.3260417 0.5781250 0.0687500 0.0546875
1 0.4541667 0.2808594 0.0520833 0.0554687
4 0.2973958 0.4871094 0.0343750 0.0804688
2 0.8677083 0.6257812 0.0614583 0.1093750
0 0.3018229 0.7582031 0.0786458 0.0679687
2 0.7127604 0.2375000 0.0473958 0.1031250
4 0.6520833 0.6781250 0.0489583 0.1093750
4 0.6947917 0.3648438 0.0760417 0.0531250
0 0.3973958 0.2312500 0.0427083 0.0640625
3 0.3580729 0.4613281 0.0463542 0.1164063
5 0.7075521 0.3753906 0.0786458 0.0929688
1 0.6278646 0.4929688 0.0776042 0.0609375
5 0.1739583 0.5511719 0.0552083 0.0664062
1 0.4145833 0.3343750 0.0520833 0.1250000
5 0.6380208 0.1437500 0.0479167 0.0718750
3 0.6864583 0.1808594 0.0729167 0.0679687
0 0.4921875 0.2914062 0.0697917 0.0750000
5 0.4018229 0.8039063 0.0359375 0.1203125
1 0.6403646 0.3265625 0.0473958 0.1234375
1 0.6960937 0.5824219 0.0713542 0.0742188
2 0.6059896 0.8062500 0.0765625 0.0750000
4 0.4609375 0.7093750 0.0614583 0.1109375
0 0.7010417 0.1847656 0.0791667 0.0601563
4 0.7200521 0.5375000 0.0776042 0.0531250
3 0.7578125 0.5000000 0.0802083 0.0750000
1 0.5763021 0.1558594 0.0494792 0.1164063
2 0.5380208 0.6101562 0.0510417 0.1109375
4 0.2705729 0.2402344 0.0505208 0.0601563
0 0.4981771 0.2550781 0.0588542 0.1164063
2 0.6151042 0.5257812 0.0322917 0.0671875
0 0.8026042 0.4164062 0.0697917 0.0859375
5 0.6544271 0.4378906 0.0807292 0.0570312
5 0.7473958 0.6921875 0.0708333 0.0765625
3 0.5138021 0.4964844 0.0744792 0.0664062
5 0.2531250 0.5601563 0.0614583 0.0671875
6 0.2601562 0.5113281 0.0526042 0.0742188
9 0.4007812 0.3878906 0.0713542 0.0898438
8 0.5914063 0.5375000 0.0494792 0.0828125
10 0.7083333 0.5511719 0.0708333 0.0867187
8 0.6622396 0.5250000 0.0744792 0.1000000
8 0.4119792 0.4738281 0.0489583 0.0914062
9 0.6304688 0.5972656 0.0755208 0.0757812
7 0.4531250 0.3683594 0.0645833 0.1148437
