1 0.3307292 0.4750000 0.0177083 0.0484375
3 0.5320312 0.0945312 0.0338542 0.0375000
0 0.5809896 0.3371094 0.0328125 0.0226562
4 0.3994792 0.7898437 0.0354167 0.0218750
0 0.6794271 0.4187500 0.0317708 0.0343750
3 0.3755208 0.7437500 0.0177083 0.0562500
3 0.7083333 0.6101562 0.0406250 0.0296875
0 0.6783854 0.8945312 0.0338542 0.0218750
2 0.3067708 0.1390625 0.0312500 0.0343750
5 0.4486979 0.3414063 0.0213542 0.0375000
2 0.5638021 0.4851563 0.0140625 0.0328125
5 0.7278646 0.4402344 0.0338542 0.0382813
2 0.4835937 0.8476562 0.0307292 0.0375000
5 0.5927083 0.4640625 0.0333333 0.0343750
4 0.3763021 0.7707031 0.0338542 0.0257812
5 0.2703125 0.3562500 0.0260417 0.0406250
1 0.5609375 0.5242187 0.0218750 0.0296875
0 0.4169271 0.7828125 0.0203125 0.0250000
2 0.6911458 0.6484375 0.0239583 0.0500000
3 0.5614583 0.3062500 0.0218750 0.0281250
1 0.3703125 0.4070313 0.0177083 0.0359375
0 0.6156250 0.5332031 0.0343750 0.0273438
6 0.6382813 0.3679688 0.0348958 0.0437500
7 0.4195313 0.1558594 0.0348958 0.0414062
9 0.4348958 0.6761719 0.0322917 0.0398437
11 0.6039062 0.5699219 0.0338542 0.0460938
10 0.3455729 0.4492188 0.0348958 0.0359375
8 0.6848958 0.8546875 0.0343750 0.0343750
10 0.3372396 0.4531250 0.0317708 0.0312500
9 0.5184896 0.6503906 0.0276042 0.0445313
11 0.4091146 0.1464844 0.0223958 0.0507812
8 0.5398437 0.6339844 0.0276042 0.0539063
7 0.5291667 0.4246094 0.0354167 0.0351562
