2 0.5765625 0.2910156 0.0250000 0.0304687
5 0.6611979 0.6015625 0.0244792 0.0265625
4 0.3054688 0.3812500 0.0286458 0.0312500
5 0.4221354 0.8882813 0.0151042 0.0375000
0 0.4583333 0.5941406 0.0187500 0.0445313
5 0.4981771 0.5843750 0.0151042 0.0359375
4 0.6164063 0.7273437 0.0265625 0.0390625
4 0.3822917 0.7925781 0.0187500 0.0320312
3 0.3804688 0.5585938 0.0161458 0.0234375
1 0.5877604 0.6167969 0.0255208 0.0273438
2 0.4156250 0.2968750 0.0270833 0.0328125
1 0.6734375 0.2917969 0.0322917 0.0273438
0 0.5671875 0.4257812 0.0177083 0.0359375
0 0.5851563 0.6203125 0.0161458 0.0281250
1 0.4760417 0.1304687 0.0166667 0.0234375
5 0.5528646 0.8078125 0.0161458 0.0453125
5 0.5354167 0.3191406 0.0177083 0.0507812
4 0.7552083 0.2414062 0.0343750 0.0203125
3 0.6210938 0.1847656 0.0286458 0.0195312
0 0.5408854 0.4332031 0.0307292 0.0335937
4 0.7143229 0.5515625 0.0307292 0.0343750
1 0.3242188 0.3187500 0.0223958 0.0218750
2 0.5497396 0.0503906 0.0213542 0.0382813
4 0.4354167 0.2164062 0.0166667 0.0437500
0 0.6776042 0.1613281 0.0125000 0.0382813
5 0.2750000 0.3117187 0.0302083 0.0234375
0 0.3250000 0.4031250 0.0187500 0.0250000
0 0.3106771 0.7652344 0.0286458 0.0210938
0 0.5710937 0.6320313 0.0296875 0.0187500
1 0.2815104 0.4593750 0.0296875 0.0234375
0 0.4973958 0.5355469 0.0166667 0.0429688
0 0.4153646 0.1410156 0.0244792 0.0289063
3 0.6098958 0.1050781 0.0281250 0.0257812
4 0.5947917 0.1746094 0.0270833 0.0304687
0 0.4742188 0.2250000 0.0213542 0.0406250
1 0.4940104 0.1871094 0.0192708 0.0445313
3 0.4776042 0.4710937 0.0135417 0.0375000
3 0.5695313 0.5867187 0.0171875 0.0312500
7 0.5661458 0.3257813 0.0302083 0.0296875
11 0.6218750 0.4976563 0.0302083 0.0437500
9 0.7736979 0.2921875 0.0223958 0.0453125
9 0.3705729 0.7417969 0.0276042 0.0273438
11 0.4601562 0.7210937 0.0286458 0.0500000
10 0.3809896 0.1285156 0.0203125 0.0414062
11 0.4466146 0.7070312 0.0286458 0.0296875
8 0.4036458 0.4207031 0.0187500 0.0414062
8 0.6247396 0.1972656 0.0317708 0.0335937
6 0.6718750 0.7460938 0.0312500 0.0390625
6 0.6140625 0.7632813 0.0208333 0.0468750
8 0.6148438 0.7871094 0.0276042 0.0289063
9 0.6565104 0.2796875 0.0182292 0.0265625
10 0.6986979 0.3425781 0.0265625 0.0257812
8 0.7031250 0.2035156 0.0302083 0.0320312
6 0.5531250 0.5554687 0.0250000 0.0312500
8 0.7145833 0.4617188 0.0312500 0.0312500
11 0.6322917 0.4898438 0.0270833 0.0343750
7 0.4822917 0.5023437 0.0291667 0.0375000
