0 0.6036458 0.5156250 0.0187500 0.0281250
5 0.5903646 0.5437500 0.0223958 0.0187500
1 0.6414062 0.5929688 0.0234375 0.0296875
4 0.4750000 0.2312500 0.0156250 0.0265625
2 0.2114583 0.4988281 0.0229167 0.0257812
2 0.2835937 0.6769531 0.0265625 0.0210938
2 0.4138021 0.5562500 0.0151042 0.0250000
4 0.4307292 0.5171875 0.0281250 0.0203125
0 0.3911458 0.5468750 0.0208333 0.0328125
5 0.5744792 0.4167969 0.0270833 0.0210938
3 0.3789062 0.3015625 0.0244792 0.0281250
3 0.4528646 0.6566406 0.0140625 0.0195312
2 0.6643229 0.5777344 0.0255208 0.0226562
5 0.7195312 0.4886719 0.0192708 0.0414062
2 0.6510417 0.2664063 0.0250000 0.0265625
0 0.5625000 0.1726563 0.0208333 0.0203125
1 0.6401042 0.4628906 0.0208333 0.0226562
4 0.7479167 0.6761719 0.0177083 0.0257812
2 0.3351562 0.4332031 0.0182292 0.0320312
5 0.4635417 0.3480469 0.0270833 0.0210938
3 0.5617188 0.7003906 0.0234375 0.0335937
0 0.4895833 0.4832031 0.0125000 0.0414062
5 0.6958333 0.4593750 0.0145833 0.0390625
1 0.5070313 0.4210937 0.0286458 0.0171875
1 0.6851563 0.6562500 0.0130208 0.0203125
0 0.6302083 0.3042969 0.0270833 0.0195312
5 0.6614583 0.4597656 0.0156250 0.0414062
5 0.5197917 0.6746094 0.0260417 0.0195312
4 0.3109375 0.4996094 0.0229167 0.0226562
5 0.5236979 0.2984375 0.0151042 0.0312500
3 0.3098958 0.1847656 0.0260417 0.0195312
5 0.6044271 0.6351562 0.0203125 0.0234375
0 0.5630208 0.4359375 0.0187500 0.0171875
3 0.4789062 0.3050781 0.0171875 0.0257812
0 0.6794271 0.8734375 0.0192708 0.0218750
5 0.5854167 0.1808594 0.0125000 0.0398437
0 0.5812500 0.2800781 0.0208333 0.0210938
6 0.4942708 0.7058594 0.0177083 0.0429688
10 0.5075521 0.5546875 0.0244792 0.0312500
10 0.6622396 0.1863281 0.0265625 0.0257812
8 0.4351563 0.4867187 0.0192708 0.0390625
11 0.6552083 0.3183594 0.0239583 0.0304687
6 0.4669271 0.4878906 0.0244792 0.0242188
8 0.5484375 0.5113281 0.0208333 0.0382813
7 0.4971354 0.6605469 0.0255208 0.0257812
11 0.6080729 0.2945313 0.0255208 0.0312500
10 0.5911458 0.4531250 0.0208333 0.0265625
6 0.6247396 0.5453125 0.0276042 0.0296875
9 0.6916667 0.8632812 0.0197917 0.0328125
6 0.5619792 0.9218750 0.0177083 0.0328125
7 0.3546875 0.3285156 0.0260417 0.0304687
10 0.3393229 0.5082031 0.0244792 0.0273438
9 0.6054688 0.7582031 0.0171875 0.0273438
8 0.3296875 0.4812500 0.0270833 0.0343750
6 0.3846354 0.4265625 0.0255208 0.0250000
7 0.5934896 0.3039062 0.0161458 0.0359375
