5 0.6989583 0.3101563 0.1114583 0.1109375
2 0.5713542 0.7441406 0.0531250 0.1335938
0 0.3562500 0.3925781 0.1229167 0.1179687
0 0.5648437 0.6191406 0.1046875 0.1070312
5 0.5127604 0.5230469 0.0682292 0.0804688
5 0.5924479 0.3281250 0.1223958 0.0875000
4 0.6703125 0.5867187 0.0635417 0.0828125
2 0.4458333 0.4562500 0.1239583 0.0906250
5 0.7565104 0.3695312 0.1151042 0.1140625
0 0.7072917 0.6050781 0.0666667 0.0882813
0 0.6953125 0.7160156 0.1375000 0.1179687
2 0.2880208 0.5570312 0.0875000 0.1765625
1 0.5851563 0.9210938 0.0973958 0.1562500
3 0.6200521 0.5539063 0.0651042 0.1656250
5 0.7927083 0.2601562 0.1260417 0.1171875
3 0.6919271 0.5132813 0.1151042 0.1171875
3 0.4906250 0.3144531 0.0687500 0.0976562
5 0.6473958 0.4468750 0.1229167 0.1343750
2 0.5109375 0.4324219 0.1312500 0.0976562
1 0.5682292 0.0703125 0.1312500 0.0953125
1 0.4901042 0.5144531 0.0947917 0.0867187
1 0.4304688 0.5257812 0.0609375 0.1234375
2 0.3463542 0.6875000 0.1302083 0.0781250
3 0.6911458 0.6105469 0.0937500 0.1742188
5 0.3229167 0.8187500 0.1354167 0.1125000
5 0.5726562 0.7476563 0.1192708 0.0781250
0 0.6572917 0.5851563 0.1135417 0.0859375
4 0.3523438 0.2515625 0.1192708 0.0703125
4 0.7062500 0.2605469 0.1312500 0.1335938
4 0.6533854 0.4925781 0.1286458 0.1085938
1 0.6143229 0.3074219 0.0755208 0.0929688
4 0.5690104 0.3910156 0.0723958 0.1554687
5 0.1989583 0.5878906 0.1395833 0.1179687
3 0.4268229 0.5300781 0.0671875 0.0945312
0 0.4666667 0.0933594 0.0989583 0.1632812
4 0.5549479 0.7183594 0.0859375 0.1054688
5 0.4890625 0.3042969 0.0822917 0.1710937
4 0.5028646 0.7011719 0.0796875 0.1898438
0 0.5684896 0.1585938 0.0932292 0.1421875
4 0.7046875 0.5292969 0.1031250 0.0882813
5 0.6236979 0.2277344 0.0765625 0.1507813
4 0.3625000 0.3976562 0.1343750 0.0875000
1 0.6796875 0.5457031 0.1250000 0.1445312
1 0.6020833 0.4679687 0.1375000 0.1015625
4 0.3346354 0.6035156 0.1057292 0.1570313
1 0.6018229 0.7199219 0.0630208 0.1039063
4 0.5218750 0.4601562 0.1156250 0.0765625
0 0.4632812 0.7171875 0.0828125 0.0984375
0 0.6815104 0.6117187 0.1338542 0.0921875
0 0.4260417 0.6312500 0.1187500 0.0718750
3 0.5984375 0.4277344 0.0895833 0.1101562
0 0.2674479 0.2433594 0.1390625 0.0945312
2 0.6067708 0.8183594 0.0656250 0.1679688
0 0.5250000 0.5488281 0.1260417 0.1054688
0 0.7002604 0.9593750 0.1223958 0.0796875
1 0.4213542 0.8687500 0.0708333 0.1203125
5 0.5231771 0.3617187 0.1265625 0.0859375
1 0.3041667 0.2117188 0.1166667 0.1453125
0 0.4994792 0.6988281 0.1156250 0.1507813
1 0.8169271 0.7027344 0.1421875 0.0992187
3 0.3635417 0.5421875 0.1010417 0.0937500
0 0.5794271 0.6152344 0.1119792 0.1757812
0 0.4968750 0.4421875 0.1000000 0.1109375
5 0.7184896 0.4625000 0.1348958 0.0921875
4 0.5226563 0.7128906 0.1119792 0.1085938
3 0.6734375 0.6773438 0.1208333 0.0859375
11 0.2635417 0.3832031 0.1166667 0.1523438
10 0.5705729 0.5769531 0.0838542 0.1242188
9 0.2549479 0.8593750 0.0817708 0.1937500
6 0.4023438 0.1203125 0.1057292 0.1703125
7 0.4286458 0.2863281 0.0708333 0.1070312
8 0.4476562 0.3128906 0.1078125 0.1492188
10 0.3893229 0.7488281 0.1067708 0.1132812
11 0.4846354 0.7378906 0.0973958 0.1335938
11 0.2997396 0.6992188 0.1036458 0.1125000
9 0.5554687 0.0750000 0.1140625 0.1500000
7 0.3778646 0.4097656 0.0713542 0.1539062
7 0.6895833 0.7875000 0.1197917 0.1437500
11 0.6768229 0.5585938 0.1171875 0.1156250
10 0.3463542 0.5996094 0.1250000 0.1242188
8 0.5388021 0.4460938 0.1026042 0.1390625
6 0.7937500 0.4347656 0.1052083 0.1617187
7 0.3312500 0.1484375 0.0781250 0.1781250
