3 0.2997396 0.7203125 0.0151042 0.0250000
4 0.5486979 0.3613281 0.0234375 0.0414062
3 0.6523438 0.2167969 0.0151042 0.0210938
5 0.4549479 0.8339844 0.0244792 0.0367188
5 0.6408854 0.2695312 0.0307292 0.0281250
4 0.6437500 0.7906250 0.0302083 0.0296875
3 0.5731771 0.6605469 0.0348958 0.0289063
2 0.5382813 0.1910156 0.0244792 0.0273438
1 0.5036458 0.6847656 0.0145833 0.0226562
4 0.3929687 0.2558594 0.0182292 0.0476562
2 0.4335938 0.3031250 0.0213542 0.0328125
4 0.5348958 0.3777344 0.0145833 0.0320312
5 0.5942708 0.4574219 0.0125000 0.0414062
5 0.3322917 0.7902344 0.0250000 0.0210938
4 0.2953125 0.2531250 0.0343750 0.0250000
1 0.5791667 0.7335938 0.0322917 0.0265625
8 0.6609375 0.3378906 0.0291667 0.0304687
10 0.5278646 0.4519531 0.0255208 0.0398437
7 0.6653646 0.6507812 0.0317708 0.0390625
9 0.5575521 0.4843750 0.0317708 0.0312500
