5 0.2820313 0.5019531 0.0421875 0.0539063
1 0.6151042 0.6457031 0.0458333 0.0695313
1 0.5552083 0.0179687 0.0354167 0.0359375
5 0.5046875 0.7523437 0.0302083 0.0734375
3 0.4130208 0.4082031 0.0354167 0.0585938
1 0.6489583 0.5593750 0.0239583 0.0890625
4 0.6346354 0.2339844 0.0463542 0.0414062
4 0.6901042 0.3304687 0.0375000 0.0671875
5 0.4843750 0.1707031 0.0468750 0.0617188
0 0.4138021 0.6820312 0.0526042 0.0359375
5 0.4403646 0.8722656 0.0369792 0.0601563
3 0.6343750 0.4796875 0.0406250 0.0750000
3 0.4424479 0.6511719 0.0359375 0.0648438
5 0.4385417 0.4328125 0.0572917 0.0546875
3 0.7065104 0.6113281 0.0276042 0.0460938
0 0.7364583 0.3093750 0.0302083 0.0500000
0 0.7338542 0.2175781 0.0333333 0.0742188
0 0.7195312 0.6179687 0.0484375 0.0421875
3 0.3669271 0.2761719 0.0265625 0.0679687
5 0.7054687 0.4308594 0.0515625 0.0398437
4 0.5638021 0.4117188 0.0390625 0.0468750
2 0.3588542 0.4957031 0.0270833 0.0398437
0 0.5395833 0.5375000 0.0291667 0.0390625
1 0.4979167 0.5066406 0.0291667 0.0507812
3 0.5867187 0.4945312 0.0390625 0.0640625
1 0.4455729 0.2878906 0.0390625 0.0289063
2 0.4296875 0.7984375 0.0552083 0.0390625
3 0.3872396 0.6679688 0.0255208 0.0765625
3 0.3169271 0.2261719 0.0255208 0.0460938
4 0.5070313 0.3859375 0.0505208 0.0546875
5 0.3708333 0.5320312 0.0500000 0.0531250
0 0.4526042 0.4187500 0.0416667 0.0328125
3 0.3434896 0.2453125 0.0307292 0.0609375
3 0.4921875 0.8039063 0.0479167 0.0375000
1 0.7276042 0.2781250 0.0520833 0.0406250
2 0.2414062 0.7335938 0.0223958 0.0750000
1 0.6390625 0.7652344 0.0322917 0.0664062
2 0.6151042 0.8792969 0.0281250 0.0789062
1 0.4653646 0.5613281 0.0234375 0.0710937
4 0.5458333 0.1968750 0.0489583 0.0343750
1 0.6989583 0.7804688 0.0520833 0.0375000
1 0.4179688 0.5996094 0.0515625 0.0382813
3 0.2934896 0.6746094 0.0536458 0.0398437
1 0.6846354 0.6332031 0.0505208 0.0351562
2 0.4445312 0.7890625 0.0286458 0.0718750
0 0.6091146 0.5964844 0.0421875 0.0335937
3 0.6184896 0.4601562 0.0244792 0.0453125
3 0.3416667 0.4917969 0.0500000 0.0429688
0 0.5140625 0.3992188 0.0354167 0.0531250
2 0.4666667 0.7613281 0.0541667 0.0414062
2 0.3598958 0.7660156 0.0281250 0.0867187
1 0.5218750 0.5824219 0.0500000 0.0351562
3 0.5476562 0.6761719 0.0296875 0.0585938
5 0.6393229 0.6710938 0.0526042 0.0546875
1 0.5578125 0.8035156 0.0416667 0.0695313
5 0.5757813 0.2734375 0.0296875 0.0718750
1 0.3005208 0.4457031 0.0562500 0.0507812
5 0.3940104 0.1511719 0.0411458 0.0335937
3 0.7151042 0.6859375 0.0239583 0.0781250
5 0.4041667 0.3890625 0.0239583 0.0671875
3 0.5291667 0.1945312 0.0479167 0.0437500
5 0.5877604 0.3769531 0.0328125 0.0492187
0 0.6132812 0.3441406 0.0401042 0.0414062
1 0.3867188 0.6265625 0.0286458 0.0437500
0 0.6848958 0.2476562 0.0229167 0.0812500
5 0.6343750 0.7164063 0.0281250 0.0343750
1 0.6979167 0.3714844 0.0437500 0.0757812
2 0.7421875 0.5875000 0.0343750 0.0546875
5 0.4481771 0.5675781 0.0463542 0.0523438
1 0.2906250 0.3562500 0.0583333 0.0343750
0 0.6739583 0.7281250 0.0322917 0.0421875
1 0.3843750 0.1894531 0.0312500 0.0742188
4 0.2250000 0.5820312 0.0520833 0.0390625
2 0.5239583 0.5394531 0.0416667 0.0617188
2 0.6848958 0.4847656 0.0364583 0.0695313
7 0.5658854 0.3367188 0.0505208 0.0500000
10 0.6260417 0.4183594 0.0406250 0.0617188
6 0.6807292 0.4035156 0.0354167 0.0476562
10 0.6541667 0.4621094 0.0479167 0.0507812
6 0.6901042 0.4375000 0.0458333 0.0703125
10 0.4338542 0.4464844 0.0343750 0.0757812
9 0.6348958 0.4351563 0.0520833 0.0734375
7 0.2742188 0.6601562 0.0484375 0.0484375
6 0.7343750 0.5843750 0.0333333 0.0500000
8 0.2419271 0.7722656 0.0328125 0.0664062
9 0.5216146 0.6242188 0.0317708 0.0546875
10 0.7265625 0.4773438 0.0500000 0.0578125
9 0.5789062 0.7187500 0.0380208 0.0703125
11 0.6380208 0.8214844 0.0395833 0.0757812
8 0.5317708 0.8328125 0.0541667 0.0593750
11 0.2848958 0.3312500 0.0510417 0.0484375
10 0.4955729 0.2453125 0.0442708 0.0609375
11 0.6085938 0.7671875 0.0380208 0.0703125
7 0.5604167 0.1363281 0.0406250 0.0773438
