2 0.3830729 0.3062500 0.0140625 0.0250000
3 0.3453125 0.3550781 0.0218750 0.0226562
1 0.4794271 0.2042969 0.0255208 0.0210938
1 0.4854167 0.6367188 0.0229167 0.0218750
0 0.7369792 0.5500000 0.0250000 0.0234375
5 0.6731771 0.7214844 0.0234375 0.0273438
1 0.3059896 0.4214844 0.0244792 0.0257812
5 0.6015625 0.2136719 0.0229167 0.0242188
4 0.5273438 0.3519531 0.0265625 0.0257812
4 0.3791667 0.2636719 0.0187500 0.0351562
2 0.6507812 0.4417969 0.0130208 0.0257812
3 0.5450521 0.3046875 0.0223958 0.0312500
0 0.4085937 0.6605469 0.0140625 0.0414062
5 0.5367188 0.6687500 0.0223958 0.0218750
1 0.5210938 0.8941406 0.0182292 0.0335937
2 0.6953125 0.5882812 0.0177083 0.0250000
4 0.3111979 0.3371094 0.0265625 0.0195312
1 0.6218750 0.5222656 0.0135417 0.0210938
1 0.2791667 0.5812500 0.0229167 0.0187500
4 0.6343750 0.7542969 0.0156250 0.0304687
2 0.3020833 0.6843750 0.0208333 0.0203125
3 0.5098958 0.1894531 0.0166667 0.0320312
3 0.6333333 0.5773438 0.0229167 0.0281250
5 0.5244792 0.4378906 0.0114583 0.0164063
0 0.4414062 0.6265625 0.0213542 0.0312500
1 0.6494792 0.2871094 0.0177083 0.0273438
5 0.5927083 0.9109375 0.0208333 0.0234375
1 0.5859375 0.7609375 0.0166667 0.0281250
4 0.7036458 0.5136719 0.0270833 0.0164063
5 0.5888021 0.6554688 0.0161458 0.0359375
3 0.6411458 0.2914062 0.0270833 0.0187500
3 0.6677083 0.6757812 0.0260417 0.0203125
5 0.4591146 0.5871094 0.0223958 0.0195312
4 0.5476562 0.5183594 0.0234375 0.0164063
1 0.4421875 0.4390625 0.0125000 0.0281250
2 0.5934896 0.4855469 0.0203125 0.0289063
2 0.4989583 0.2250000 0.0166667 0.0359375
5 0.3968750 0.3957031 0.0218750 0.0210938
1 0.7028646 0.4187500 0.0255208 0.0171875
5 0.3536458 0.5148438 0.0239583 0.0265625
2 0.3106771 0.5996094 0.0192708 0.0289063
4 0.6078125 0.3035156 0.0218750 0.0257812
5 0.3942708 0.6109375 0.0166667 0.0359375
2 0.6471354 0.4601562 0.0203125 0.0234375
5 0.7125000 0.7812500 0.0208333 0.0281250
2 0.5690104 0.2957031 0.0161458 0.0242188
2 0.2984375 0.3730469 0.0197917 0.0257812
2 0.3114583 0.3722656 0.0156250 0.0289063
1 0.7346354 0.8488281 0.0265625 0.0226562
1 0.5757813 0.5542969 0.0276042 0.0226562
3 0.6848958 0.4113281 0.0229167 0.0289063
0 0.4200521 0.2437500 0.0151042 0.0343750
5 0.3518229 0.4015625 0.0234375 0.0218750
3 0.5848958 0.7535156 0.0291667 0.0179687
5 0.6380208 0.4519531 0.0281250 0.0226562
4 0.3247396 0.6656250 0.0098958 0.0343750
4 0.6664062 0.1812500 0.0244792 0.0234375
0 0.6286458 0.4925781 0.0208333 0.0335937
4 0.3927083 0.8960938 0.0270833 0.0281250
5 0.6500000 0.2980469 0.0281250 0.0179687
0 0.4796875 0.3070312 0.0156250 0.0328125
2 0.6822917 0.4222656 0.0156250 0.0398437
4 0.5067708 0.4222656 0.0156250 0.0382813
10 0.5401042 0.5386719 0.0197917 0.0289063
8 0.6114583 0.2542969 0.0250000 0.0351562
7 0.4289062 0.6535156 0.0171875 0.0382813
9 0.5734375 0.7269531 0.0239583 0.0242188
6 0.3072917 0.3492188 0.0260417 0.0265625
10 0.5390625 0.3007812 0.0218750 0.0359375
9 0.5546875 0.4257812 0.0250000 0.0312500
7 0.7437500 0.7636719 0.0250000 0.0242188
