4 0.6125000 0.7121094 0.0479167 0.0335937
5 0.7096354 0.2265625 0.0296875 0.0281250
0 0.6057292 0.5734375 0.0458333 0.0312500
5 0.3312500 0.7007813 0.0395833 0.0453125
2 0.4718750 0.8656250 0.0395833 0.0562500
2 0.6924479 0.6125000 0.0380208 0.0390625
1 0.3398438 0.3535156 0.0171875 0.0414062
5 0.6257812 0.5636719 0.0244792 0.0601563
4 0.5132813 0.5011719 0.0359375 0.0398437
1 0.6565104 0.2339844 0.0296875 0.0632812
2 0.6289062 0.3882813 0.0401042 0.0390625
0 0.5343750 0.1695312 0.0333333 0.0390625
3 0.4572917 0.8757812 0.0479167 0.0328125
0 0.4385417 0.4781250 0.0239583 0.0546875
3 0.3976562 0.4832031 0.0369792 0.0351562
4 0.5664062 0.3019531 0.0328125 0.0445313
1 0.5690104 0.4699219 0.0265625 0.0476562
5 0.5945312 0.5789062 0.0390625 0.0296875
5 0.6213542 0.4445312 0.0447917 0.0359375
2 0.2731771 0.3769531 0.0286458 0.0554687
1 0.6085938 0.4613281 0.0203125 0.0601563
5 0.3755208 0.2265625 0.0427083 0.0328125
2 0.5445313 0.3246094 0.0244792 0.0664062
4 0.4450521 0.7414063 0.0432292 0.0453125
1 0.5395833 0.5734375 0.0416667 0.0234375
2 0.6367188 0.3515625 0.0276042 0.0593750
3 0.5122396 0.2175781 0.0182292 0.0570312
1 0.5447917 0.5703125 0.0489583 0.0421875
7 0.6682292 0.4441406 0.0395833 0.0429688
9 0.3502604 0.5398437 0.0296875 0.0625000
11 0.5416667 0.7589844 0.0406250 0.0398437
10 0.7166667 0.4566406 0.0427083 0.0507812
7 0.6395833 0.2820313 0.0333333 0.0671875
9 0.3963542 0.7929688 0.0364583 0.0578125
7 0.6250000 0.3292969 0.0385417 0.0429688
11 0.6330729 0.4601562 0.0473958 0.0468750
6 0.5070313 0.6734375 0.0369792 0.0390625
6 0.6046875 0.2574219 0.0354167 0.0664062
