1 0.2927083 0.4347656 0.0125000 0.0335937
0 0.5739583 0.1796875 0.0281250 0.0234375
4 0.5450521 0.5621094 0.0140625 0.0445313
3 0.5867187 0.1472656 0.0307292 0.0210938
3 0.5044271 0.5914063 0.0338542 0.0250000
2 0.5658854 0.7351562 0.0265625 0.0328125
4 0.6169271 0.2531250 0.0192708 0.0234375
2 0.5580729 0.6894531 0.0171875 0.0210938
0 0.6747396 0.2878906 0.0151042 0.0320312
0 0.4072917 0.7152344 0.0135417 0.0242188
3 0.5273438 0.6574219 0.0244792 0.0210938
0 0.3812500 0.3933594 0.0218750 0.0367188
0 0.6028646 0.5109375 0.0307292 0.0281250
5 0.7388021 0.5734375 0.0338542 0.0234375
1 0.3283854 0.4250000 0.0328125 0.0281250
2 0.3580729 0.3496094 0.0265625 0.0367188
2 0.5239583 0.3386719 0.0208333 0.0226562
0 0.2700521 0.5496094 0.0234375 0.0335937
5 0.5453125 0.7660156 0.0145833 0.0273438
0 0.7348958 0.4117188 0.0187500 0.0328125
5 0.5309896 0.8062500 0.0223958 0.0375000
5 0.5325521 0.1500000 0.0234375 0.0359375
2 0.4807292 0.7519531 0.0135417 0.0429688
0 0.3434896 0.5136719 0.0203125 0.0210938
2 0.5127604 0.4285156 0.0213542 0.0367188
2 0.4492188 0.4187500 0.0192708 0.0312500
3 0.3239583 0.6011719 0.0135417 0.0304687
0 0.3989583 0.0296875 0.0187500 0.0390625
1 0.4526042 0.7601562 0.0312500 0.0218750
0 0.6820312 0.4703125 0.0171875 0.0250000
4 0.5523438 0.7238281 0.0182292 0.0351562
4 0.3619792 0.6765625 0.0177083 0.0187500
3 0.3450521 0.5566406 0.0286458 0.0335937
1 0.4484375 0.4070313 0.0177083 0.0296875
3 0.5013021 0.3851562 0.0328125 0.0281250
0 0.3614583 0.8246094 0.0114583 0.0445313
5 0.3554688 0.6742187 0.0276042 0.0312500
2 0.5565104 0.2316406 0.0265625 0.0320312
0 0.6187500 0.6625000 0.0322917 0.0265625
1 0.7500000 0.5785156 0.0218750 0.0257812
5 0.2622396 0.4359375 0.0276042 0.0265625
3 0.3372396 0.8722656 0.0130208 0.0210938
4 0.6187500 0.6964844 0.0312500 0.0226562
2 0.6796875 0.5515625 0.0291667 0.0234375
4 0.4682292 0.2859375 0.0218750 0.0203125
5 0.4867187 0.6632813 0.0151042 0.0421875
0 0.3687500 0.9199219 0.0322917 0.0273438
3 0.5520833 0.7789063 0.0270833 0.0296875
1 0.5106771 0.3570313 0.0171875 0.0500000
4 0.6359375 0.5332031 0.0156250 0.0367188
5 0.5231771 0.2164062 0.0296875 0.0187500
2 0.5554687 0.2242187 0.0192708 0.0406250
4 0.7789063 0.4968750 0.0286458 0.0265625
4 0.5281250 0.2996094 0.0291667 0.0195312
3 0.5450521 0.1730469 0.0223958 0.0304687
1 0.3403646 0.6042969 0.0328125 0.0210938
1 0.2179687 0.4433594 0.0338542 0.0242188
10 0.6075521 0.3835938 0.0255208 0.0312500
8 0.5096354 0.6625000 0.0182292 0.0312500
10 0.5911458 0.5855469 0.0187500 0.0257812
11 0.6304688 0.2816406 0.0203125 0.0304687
