3 0.6604167 0.4328125 0.0208333 0.0359375
3 0.5908854 0.3191406 0.0401042 0.0351562
2 0.4588542 0.0250000 0.0239583 0.0500000
3 0.4773438 0.7687500 0.0244792 0.0671875
4 0.5369792 0.4667969 0.0250000 0.0273438
3 0.3013021 0.4582031 0.0223958 0.0335937
1 0.4473958 0.6675781 0.0281250 0.0414062
5 0.5359375 0.7304688 0.0281250 0.0625000
4 0.6924479 0.4859375 0.0369792 0.0328125
3 0.4606771 0.7406250 0.0213542 0.0593750
3 0.3580729 0.6464844 0.0380208 0.0273438
5 0.5291667 0.1714844 0.0395833 0.0273438
2 0.5598958 0.3980469 0.0260417 0.0304687
2 0.5736979 0.1855469 0.0411458 0.0320312
4 0.6354167 0.7238281 0.0364583 0.0226562
5 0.4890625 0.1953125 0.0312500 0.0281250
1 0.3197917 0.6992188 0.0197917 0.0578125
4 0.4268229 0.5230469 0.0213542 0.0210938
0 0.6398438 0.4210937 0.0369792 0.0390625
4 0.4664063 0.4207031 0.0286458 0.0507812
2 0.4541667 0.2996094 0.0239583 0.0445313
5 0.6442708 0.4937500 0.0427083 0.0296875
2 0.4072917 0.5910156 0.0229167 0.0429688
5 0.7156250 0.5234375 0.0312500 0.0437500
5 0.3317708 0.3328125 0.0208333 0.0328125
0 0.4778646 0.3710938 0.0390625 0.0453125
2 0.5361979 0.3062500 0.0369792 0.0281250
2 0.4916667 0.4257812 0.0156250 0.0265625
2 0.3856771 0.4015625 0.0244792 0.0609375
1 0.4992187 0.6562500 0.0151042 0.0359375
4 0.3953125 0.5113281 0.0375000 0.0351562
5 0.5322917 0.6375000 0.0166667 0.0515625
4 0.4356771 0.5445313 0.0348958 0.0375000
5 0.4153646 0.5074219 0.0234375 0.0414062
1 0.3906250 0.5675781 0.0218750 0.0445313
1 0.6122396 0.6648437 0.0411458 0.0312500
2 0.4773438 0.7210937 0.0255208 0.0453125
2 0.5763021 0.0910156 0.0234375 0.0414062
0 0.3846354 0.7562500 0.0244792 0.0546875
0 0.4135417 0.5734375 0.0427083 0.0328125
3 0.2802083 0.3875000 0.0177083 0.0546875
2 0.4281250 0.6894531 0.0333333 0.0273438
2 0.6507812 0.2707031 0.0255208 0.0570312
0 0.5041667 0.5726562 0.0197917 0.0250000
5 0.6398438 0.7203125 0.0213542 0.0359375
1 0.4760417 0.2136719 0.0250000 0.0242188
0 0.5906250 0.7273437 0.0218750 0.0640625
3 0.3427083 0.6117187 0.0197917 0.0609375
2 0.5924479 0.1308594 0.0348958 0.0335937
11 0.4036458 0.6605469 0.0364583 0.0445313
9 0.5281250 0.6351562 0.0364583 0.0437500
9 0.6096354 0.5628906 0.0369792 0.0382813
8 0.5807292 0.5894531 0.0395833 0.0382813
9 0.4729167 0.4519531 0.0375000 0.0414062
7 0.6825521 0.4339844 0.0265625 0.0382813
7 0.7843750 0.4246094 0.0322917 0.0445313
11 0.5786458 0.4386719 0.0375000 0.0476562
6 0.5950521 0.4207031 0.0369792 0.0539063
8 0.5716146 0.5800781 0.0348958 0.0398437
7 0.4346354 0.4355469 0.0401042 0.0601563
11 0.5520833 0.3796875 0.0270833 0.0484375
8 0.5843750 0.5777344 0.0354167 0.0351562
7 0.5075521 0.4042969 0.0265625 0.0460938
