3 0.4348958 0.8324219 0.1010417 0.1101562
5 0.5101562 0.6386719 0.0703125 0.1429688
5 0.7838542 0.6191406 0.1187500 0.1976563
1 0.7080729 0.8343750 0.1213542 0.1843750
9 0.6710938 0.3457031 0.1119792 0.1367188
9 0.7122396 0.3191406 0.1307292 0.1664063
8 0.6143229 0.8062500 0.1359375 0.1484375
11 0.3734375 0.5335937 0.1260417 0.1515625
9 0.3401042 0.4808594 0.1250000 0.1257813
8 0.3341146 0.2695312 0.0932292 0.2203125
11 0.4414062 0.8871094 0.1057292 0.2054688
9 0.8539062 0.8390625 0.1244792 0.1375000
11 0.6109375 0.5964844 0.0937500 0.1398437
6 0.6893229 0.8140625 0.1286458 0.1265625
6 0.7046875 0.8230469 0.0864583 0.1804688
11 0.4434896 0.9214844 0.1005208 0.1554687
