1 0.4497396 0.5671875 0.0223958 0.0203125
2 0.4231771 0.8691406 0.0234375 0.0210938
2 0.5265625 0.8238281 0.0218750 0.0210938
4 0.3671875 0.5011719 0.0145833 0.0351562
0 0.6093750 0.4832031 0.0239583 0.0210938
4 0.6093750 0.1621094 0.0250000 0.0179687
0 0.5242187 0.4132812 0.0244792 0.0203125
2 0.6606771 0.4503906 0.0161458 0.0273438
5 0.5557292 0.5207031 0.0135417 0.0257812
4 0.3684896 0.7847656 0.0130208 0.0398437
1 0.5703125 0.7636719 0.0145833 0.0382813
5 0.5291667 0.7214844 0.0125000 0.0320312
4 0.4020833 0.6644531 0.0177083 0.0289063
4 0.4757812 0.7953125 0.0213542 0.0171875
4 0.6190104 0.7308594 0.0286458 0.0195312
2 0.3278646 0.6085938 0.0130208 0.0296875
4 0.4828125 0.6527344 0.0218750 0.0132812
3 0.5835938 0.5082031 0.0265625 0.0257812
2 0.4885417 0.3304687 0.0229167 0.0296875
2 0.5138021 0.3226562 0.0140625 0.0296875
5 0.5453125 0.3472656 0.0187500 0.0195312
2 0.7406250 0.5246094 0.0135417 0.0257812
3 0.3322917 0.5332031 0.0156250 0.0367188
4 0.5070313 0.6207031 0.0244792 0.0179687
2 0.6213542 0.6046875 0.0260417 0.0203125
1 0.5078125 0.4285156 0.0145833 0.0210938
2 0.7247396 0.6800781 0.0255208 0.0210938
1 0.4799479 0.3125000 0.0161458 0.0156250
5 0.3929687 0.5988281 0.0182292 0.0335937
5 0.3864583 0.3429687 0.0156250 0.0390625
1 0.4437500 0.7664062 0.0135417 0.0343750
0 0.6942708 0.2710938 0.0166667 0.0375000
3 0.5804687 0.2652344 0.0140625 0.0414062
4 0.4044271 0.7332031 0.0171875 0.0320312
1 0.6075521 0.5214844 0.0119792 0.0367188
2 0.3018229 0.2246094 0.0192708 0.0273438
5 0.5921875 0.6292969 0.0177083 0.0304687
0 0.5966146 0.6859375 0.0255208 0.0171875
4 0.6697917 0.1933594 0.0281250 0.0179687
5 0.5505208 0.5675781 0.0114583 0.0226562
5 0.5437500 0.5613281 0.0166667 0.0195312
2 0.6083333 0.5488281 0.0208333 0.0320312
3 0.3856771 0.3449219 0.0151042 0.0382813
3 0.6049479 0.4167969 0.0223958 0.0195312
0 0.6398438 0.8035156 0.0255208 0.0164063
2 0.5911458 0.4824219 0.0270833 0.0148437
0 0.2851562 0.3531250 0.0265625 0.0203125
3 0.3669271 0.2042969 0.0182292 0.0351562
3 0.8007812 0.5316406 0.0192708 0.0289063
0 0.5500000 0.5648437 0.0114583 0.0171875
1 0.6804687 0.6015625 0.0244792 0.0234375
2 0.4028646 0.5257812 0.0265625 0.0250000
2 0.6096354 0.4964844 0.0255208 0.0210938
5 0.7164063 0.1886719 0.0151042 0.0367188
4 0.7179688 0.5011719 0.0223958 0.0257812
2 0.4924479 0.8527344 0.0265625 0.0179687
3 0.6070313 0.8707031 0.0276042 0.0179687
1 0.4533854 0.4964844 0.0151042 0.0226562
1 0.6059896 0.5144531 0.0234375 0.0164063
1 0.6221354 0.4230469 0.0255208 0.0195312
1 0.6098958 0.7625000 0.0187500 0.0359375
5 0.4315104 0.1957031 0.0130208 0.0320312
4 0.3757813 0.3125000 0.0234375 0.0140625
0 0.6786458 0.6031250 0.0239583 0.0171875
8 0.5299479 0.2550781 0.0171875 0.0257812
10 0.2710938 0.3035156 0.0161458 0.0351562
6 0.2901042 0.3144531 0.0218750 0.0226562
10 0.4307292 0.4851563 0.0260417 0.0250000
7 0.6835938 0.6355469 0.0244792 0.0242188
11 0.3395833 0.6242188 0.0156250 0.0328125
7 0.6190104 0.5968750 0.0171875 0.0250000
7 0.6432292 0.2703125 0.0250000 0.0234375
6 0.3007812 0.2437500 0.0192708 0.0328125
