4 0.5783854 0.3226562 0.0234375 0.0187500
4 0.3049479 0.5980469 0.0119792 0.0273438
1 0.4768229 0.3351562 0.0265625 0.0187500
5 0.3200521 0.5699219 0.0223958 0.0195312
2 0.4080729 0.2359375 0.0161458 0.0375000
1 0.7057292 0.3421875 0.0291667 0.0203125
1 0.5234375 0.3621094 0.0125000 0.0242188
0 0.3861979 0.2992187 0.0234375 0.0187500
5 0.2505208 0.3660156 0.0145833 0.0257812
0 0.5247396 0.6023437 0.0213542 0.0328125
3 0.3864583 0.0886719 0.0177083 0.0195312
1 0.6218750 0.1917969 0.0239583 0.0210938
4 0.4770833 0.1976563 0.0229167 0.0187500
5 0.4960938 0.7992187 0.0182292 0.0343750
5 0.5343750 0.3597656 0.0250000 0.0289063
4 0.4195313 0.8152344 0.0182292 0.0148437
4 0.5875000 0.3230469 0.0239583 0.0164063
1 0.6822917 0.6070313 0.0250000 0.0140625
1 0.6809896 0.7808594 0.0255208 0.0164063
1 0.5445313 0.6222656 0.0296875 0.0242188
2 0.5567708 0.5863281 0.0177083 0.0242188
2 0.6364583 0.9386719 0.0177083 0.0335937
1 0.6440104 0.7472656 0.0182292 0.0179687
0 0.5601563 0.3402344 0.0140625 0.0257812
5 0.6453125 0.4976563 0.0156250 0.0234375
4 0.3684896 0.3015625 0.0130208 0.0343750
0 0.7585937 0.5792969 0.0255208 0.0257812
4 0.4950521 0.5800781 0.0151042 0.0382813
0 0.3658854 0.7667969 0.0161458 0.0382813
2 0.5804687 0.9218750 0.0192708 0.0296875
0 0.7515625 0.5121094 0.0260417 0.0226562
3 0.4427083 0.8300781 0.0208333 0.0226562
5 0.3861979 0.4289062 0.0244792 0.0234375
10 0.6651042 0.4964844 0.0239583 0.0226562
10 0.7117187 0.5148438 0.0255208 0.0250000
6 0.6830729 0.2984375 0.0171875 0.0406250
11 0.6242188 0.4199219 0.0223958 0.0304687
7 0.6424479 0.8035156 0.0213542 0.0242188
10 0.5520833 0.4019531 0.0166667 0.0351562
