4 0.4544271 0.2914062 0.0328125 0.0562500
5 0.6046875 0.2968750 0.0281250 0.0484375
3 0.4609375 0.2289063 0.0364583 0.0765625
5 0.2325521 0.7042969 0.0265625 0.0789062
5 0.5731771 0.6730469 0.0432292 0.0367188
3 0.5067708 0.6664062 0.0302083 0.0375000
5 0.3515625 0.7542969 0.0500000 0.0476562
4 0.2744792 0.3429687 0.0510417 0.0343750
3 0.6651042 0.2722656 0.0302083 0.0492187
5 0.4302083 0.8015625 0.0458333 0.0593750
4 0.5523438 0.3242188 0.0255208 0.0781250
2 0.6695313 0.4531250 0.0411458 0.0531250
1 0.4286458 0.5449219 0.0208333 0.0476562
2 0.5377604 0.2414062 0.0401042 0.0375000
4 0.5789062 0.8593750 0.0276042 0.0531250
4 0.6559896 0.8675781 0.0401042 0.0476562
0 0.4440104 0.2738281 0.0244792 0.0742188
5 0.6565104 0.5089844 0.0390625 0.0742188
2 0.7768229 0.7000000 0.0348958 0.0390625
5 0.2843750 0.5593750 0.0302083 0.0531250
5 0.8046875 0.6027344 0.0500000 0.0523438
4 0.4875000 0.7480469 0.0437500 0.0460938
2 0.3903646 0.7593750 0.0473958 0.0343750
4 0.4250000 0.8308594 0.0333333 0.0695313
1 0.4179688 0.7335938 0.0203125 0.0578125
2 0.7080729 0.5078125 0.0276042 0.0406250
4 0.4880208 0.3339844 0.0302083 0.0476562
5 0.3028646 0.6054688 0.0473958 0.0328125
4 0.5598958 0.6093750 0.0229167 0.0640625
5 0.7377604 0.5179687 0.0473958 0.0453125
5 0.4322917 0.5640625 0.0281250 0.0437500
5 0.4893229 0.2371094 0.0328125 0.0804688
5 0.6606771 0.0992187 0.0463542 0.0390625
4 0.5671875 0.4203125 0.0500000 0.0343750
0 0.7986979 0.4667969 0.0369792 0.0570312
2 0.5174479 0.4394531 0.0296875 0.0570312
2 0.6005208 0.3890625 0.0239583 0.0671875
2 0.2744792 0.5316406 0.0541667 0.0492187
1 0.5393229 0.3023438 0.0463542 0.0359375
0 0.3007812 0.9082031 0.0494792 0.0351562
2 0.3885417 0.7125000 0.0333333 0.0625000
2 0.3565104 0.5101562 0.0453125 0.0484375
4 0.4044271 0.3566406 0.0338542 0.0570312
1 0.8195313 0.6609375 0.0546875 0.0406250
3 0.6565104 0.8492188 0.0473958 0.0359375
0 0.4822917 0.2890625 0.0447917 0.0296875
0 0.3783854 0.7980469 0.0359375 0.0679687
2 0.3320312 0.7828125 0.0203125 0.0609375
3 0.6067708 0.6468750 0.0447917 0.0562500
3 0.3322917 0.3523438 0.0427083 0.0468750
1 0.4291667 0.0722656 0.0187500 0.0570312
1 0.6309896 0.5265625 0.0442708 0.0343750
1 0.5333333 0.7597656 0.0406250 0.0570312
4 0.2908854 0.6125000 0.0265625 0.0703125
1 0.5546875 0.2281250 0.0218750 0.0718750
1 0.3401042 0.6640625 0.0239583 0.0531250
2 0.6091146 0.2500000 0.0328125 0.0671875
3 0.6981771 0.6886719 0.0411458 0.0382813
2 0.4135417 0.1589844 0.0322917 0.0695313
3 0.6218750 0.5210938 0.0447917 0.0359375
5 0.3903646 0.2640625 0.0546875 0.0406250
3 0.6393229 0.7753906 0.0494792 0.0414062
1 0.5023437 0.4238281 0.0494792 0.0335937
4 0.4250000 0.3164062 0.0489583 0.0484375
7 0.3700521 0.4023438 0.0401042 0.0484375
10 0.3489583 0.3550781 0.0437500 0.0460938
7 0.7005208 0.5523438 0.0531250 0.0625000
8 0.5882812 0.7820312 0.0369792 0.0453125
11 0.4763021 0.8210937 0.0432292 0.0453125
7 0.3848958 0.6097656 0.0416667 0.0632812
10 0.7651042 0.3550781 0.0458333 0.0585938
8 0.3419271 0.3535156 0.0505208 0.0539063
