3 0.7091146 0.3527344 0.0151042 0.0398437
1 0.7466146 0.6730469 0.0171875 0.0382813
5 0.3085938 0.3531250 0.0265625 0.0234375
0 0.6890625 0.3730469 0.0260417 0.0382813
3 0.5466146 0.6625000 0.0192708 0.0312500
5 0.6408854 0.3617187 0.0140625 0.0484375
4 0.2929688 0.5492187 0.0328125 0.0218750
2 0.4796875 0.5332031 0.0208333 0.0304687
0 0.5861979 0.7300781 0.0265625 0.0320312
4 0.4127604 0.4500000 0.0317708 0.0250000
0 0.4356771 0.7457031 0.0213542 0.0398437
3 0.5385417 0.6335937 0.0281250 0.0265625
4 0.3375000 0.5175781 0.0281250 0.0164063
1 0.5299479 0.7140625 0.0130208 0.0453125
4 0.6062500 0.1695312 0.0229167 0.0296875
1 0.7059896 0.7496094 0.0171875 0.0320312
5 0.2885417 0.4675781 0.0291667 0.0210938
2 0.4739583 0.5718750 0.0229167 0.0265625
1 0.6005208 0.6437500 0.0260417 0.0359375
4 0.7015625 0.1269531 0.0302083 0.0226562
0 0.6338542 0.5191406 0.0333333 0.0242188
5 0.4369792 0.2640625 0.0322917 0.0265625
1 0.7369792 0.4808594 0.0322917 0.0226562
4 0.4791667 0.7160156 0.0197917 0.0226562
5 0.2328125 0.3199219 0.0291667 0.0257812
0 0.6859375 0.4578125 0.0208333 0.0390625
1 0.6796875 0.4453125 0.0208333 0.0390625
3 0.3875000 0.7167969 0.0156250 0.0445313
2 0.7864583 0.5933594 0.0333333 0.0273438
2 0.6679688 0.8761719 0.0161458 0.0398437
0 0.6809896 0.2429688 0.0119792 0.0453125
0 0.4351563 0.6847656 0.0203125 0.0242188
4 0.2859375 0.1859375 0.0291667 0.0234375
3 0.5679688 0.4972656 0.0265625 0.0257812
4 0.5820312 0.5226563 0.0317708 0.0203125
3 0.4958333 0.4789062 0.0166667 0.0375000
3 0.5799479 0.5050781 0.0130208 0.0257812
3 0.2966146 0.7628906 0.0234375 0.0210938
3 0.5244792 0.4140625 0.0260417 0.0343750
1 0.4856771 0.4378906 0.0265625 0.0320312
1 0.4625000 0.5113281 0.0218750 0.0289063
0 0.5158854 0.5710937 0.0255208 0.0234375
3 0.2726562 0.6125000 0.0151042 0.0437500
5 0.4497396 0.6648437 0.0223958 0.0281250
2 0.5802083 0.5140625 0.0145833 0.0406250
0 0.5466146 0.7050781 0.0276042 0.0257812
1 0.4992187 0.1945312 0.0244792 0.0328125
4 0.5859375 0.1210938 0.0260417 0.0390625
5 0.5549479 0.6343750 0.0265625 0.0250000
3 0.5361979 0.5382813 0.0276042 0.0265625
4 0.5057292 0.3320312 0.0187500 0.0203125
1 0.7440104 0.4207031 0.0151042 0.0273438
0 0.4190104 0.8394531 0.0234375 0.0210938
0 0.6244792 0.2195313 0.0145833 0.0375000
4 0.3252604 0.3550781 0.0151042 0.0304687
1 0.4148438 0.4992187 0.0307292 0.0250000
3 0.5757813 0.6027344 0.0161458 0.0320312
1 0.5921875 0.2437500 0.0197917 0.0375000
4 0.7994792 0.5230469 0.0291667 0.0304687
0 0.4718750 0.6359375 0.0229167 0.0421875
9 0.3997396 0.1082031 0.0192708 0.0382813
6 0.6979167 0.3511719 0.0208333 0.0445313
6 0.3393229 0.4171875 0.0265625 0.0265625
10 0.7851562 0.4382813 0.0296875 0.0281250
11 0.3174479 0.6496094 0.0244792 0.0398437
6 0.5794271 0.4968750 0.0182292 0.0343750
