5 0.4627604 0.6894531 0.0296875 0.0601563
4 0.4796875 0.8402344 0.0302083 0.0460938
3 0.4539063 0.6183594 0.0369792 0.0585938
1 0.5731771 0.7089844 0.0338542 0.0476562
3 0.2864583 0.4667969 0.0447917 0.0742188
1 0.3950521 0.4308594 0.0453125 0.0414062
2 0.4114583 0.4304688 0.0604167 0.0421875
0 0.6013021 0.4765625 0.0557292 0.0421875
4 0.4794271 0.8609375 0.0536458 0.0375000
5 0.4367187 0.4507813 0.0255208 0.0609375
1 0.5231771 0.6117187 0.0526042 0.0343750
5 0.6276042 0.5250000 0.0489583 0.0406250
2 0.7424479 0.6484375 0.0578125 0.0421875
1 0.7286458 0.4906250 0.0541667 0.0484375
2 0.4611979 0.4472656 0.0244792 0.0773438
2 0.4166667 0.8890625 0.0375000 0.0765625
2 0.7539062 0.5222656 0.0557292 0.0554687
3 0.5330729 0.4968750 0.0411458 0.0578125
1 0.3695312 0.4988281 0.0359375 0.0695313
2 0.5669271 0.6914062 0.0578125 0.0421875
0 0.3125000 0.5421875 0.0468750 0.0453125
0 0.6523438 0.5019531 0.0588542 0.0414062
2 0.5908854 0.3648438 0.0380208 0.0562500
1 0.5880208 0.8000000 0.0510417 0.0343750
4 0.6296875 0.5820312 0.0427083 0.0734375
4 0.3460937 0.6808594 0.0265625 0.0789062
0 0.3205729 0.7437500 0.0380208 0.0781250
2 0.8427083 0.2308594 0.0437500 0.0351562
3 0.6375000 0.2511719 0.0364583 0.0773438
0 0.3906250 0.1421875 0.0281250 0.0437500
0 0.7375000 0.6089844 0.0447917 0.0585938
3 0.3179688 0.5867187 0.0505208 0.0421875
4 0.4500000 0.4839844 0.0270833 0.0554687
3 0.7382812 0.4929688 0.0286458 0.0781250
5 0.5236979 0.6835938 0.0244792 0.0609375
5 0.3992188 0.6914062 0.0317708 0.0765625
2 0.6731771 0.7855469 0.0484375 0.0367188
4 0.6169271 0.5011719 0.0286458 0.0601563
3 0.6979167 0.4160156 0.0322917 0.0695313
5 0.4903646 0.8796875 0.0255208 0.0781250
5 0.4489583 0.3570313 0.0510417 0.0390625
4 0.5822917 0.7367187 0.0583333 0.0453125
5 0.6239583 0.2910156 0.0354167 0.0492187
0 0.5817708 0.6359375 0.0489583 0.0375000
3 0.5687500 0.3191406 0.0302083 0.0429688
1 0.4786458 0.5042969 0.0552083 0.0351562
5 0.4919271 0.7078125 0.0296875 0.0796875
1 0.4213542 0.3671875 0.0302083 0.0468750
1 0.7356771 0.4957031 0.0578125 0.0492187
3 0.5187500 0.7703125 0.0552083 0.0468750
4 0.6247396 0.3984375 0.0307292 0.0500000
0 0.2997396 0.5925781 0.0328125 0.0710937
2 0.5549479 0.2726562 0.0421875 0.0718750
0 0.4697917 0.6339844 0.0531250 0.0367188
5 0.6234375 0.6871094 0.0302083 0.0851563
5 0.4867187 0.7601562 0.0567708 0.0343750
5 0.4890625 0.4902344 0.0291667 0.0445313
1 0.6135417 0.1144531 0.0229167 0.0617188
2 0.6049479 0.7175781 0.0578125 0.0398437
3 0.4367187 0.5269531 0.0390625 0.0429688
2 0.4763021 0.3988281 0.0515625 0.0445313
2 0.3934896 0.1093750 0.0286458 0.0875000
0 0.5192708 0.1132812 0.0500000 0.0484375
5 0.2815104 0.2738281 0.0276042 0.0742188
3 0.5187500 0.2222656 0.0572917 0.0398437
0 0.3364583 0.8273438 0.0572917 0.0453125
5 0.3283854 0.4628906 0.0255208 0.0351562
0 0.6950521 0.4082031 0.0276042 0.0835937
4 0.3861979 0.5414062 0.0557292 0.0390625
0 0.3908854 0.3070312 0.0380208 0.0640625
1 0.4510417 0.7929688 0.0541667 0.0328125
1 0.4473958 0.6957031 0.0250000 0.0757812
3 0.4885417 0.7175781 0.0479167 0.0460938
5 0.6088542 0.6437500 0.0520833 0.0359375
9 0.2445313 0.4429688 0.0588542 0.0750000
7 0.6096354 0.5039062 0.0317708 0.0718750
10 0.5322917 0.4554687 0.0406250 0.0593750
