4 0.6859375 0.7703125 0.0364583 0.0281250
1 0.6026042 0.2175781 0.0281250 0.0554687
3 0.5747396 0.4128906 0.0265625 0.0554687
3 0.4182292 0.8500000 0.0218750 0.0531250
3 0.4226563 0.6472656 0.0317708 0.0289063
3 0.4820313 0.7269531 0.0421875 0.0320312
3 0.5421875 0.5972656 0.0260417 0.0289063
3 0.3690104 0.2464844 0.0338542 0.0570312
5 0.6294271 0.2156250 0.0244792 0.0312500
2 0.3794271 0.6800781 0.0192708 0.0429688
0 0.5424479 0.7308594 0.0380208 0.0367188
5 0.4986979 0.2769531 0.0338542 0.0445313
2 0.6570312 0.2339844 0.0369792 0.0351562
1 0.5276042 0.3156250 0.0270833 0.0343750
2 0.6335937 0.4132812 0.0307292 0.0531250
5 0.3778646 0.5175781 0.0276042 0.0445313
0 0.6625000 0.5968750 0.0343750 0.0375000
1 0.4708333 0.6085938 0.0416667 0.0281250
2 0.5781250 0.4687500 0.0406250 0.0250000
1 0.6403646 0.7636719 0.0359375 0.0351562
3 0.3684896 0.2390625 0.0286458 0.0593750
5 0.6367188 0.7917969 0.0213542 0.0601563
2 0.7703125 0.3191406 0.0437500 0.0351562
1 0.5309896 0.1914062 0.0401042 0.0390625
1 0.7848958 0.5804687 0.0333333 0.0421875
4 0.5013021 0.7937500 0.0213542 0.0250000
4 0.3195312 0.5265625 0.0203125 0.0281250
5 0.3679688 0.7488281 0.0265625 0.0601563
4 0.6804687 0.4464844 0.0411458 0.0335937
5 0.6106771 0.6523438 0.0432292 0.0343750
4 0.4736979 0.3414063 0.0203125 0.0343750
3 0.3736979 0.3199219 0.0359375 0.0351562
4 0.5083333 0.5089844 0.0239583 0.0335937
2 0.5794271 0.3296875 0.0276042 0.0421875
2 0.2145833 0.3832031 0.0291667 0.0585938
0 0.5768229 0.1304687 0.0286458 0.0593750
2 0.5393229 0.9007812 0.0203125 0.0312500
5 0.3664062 0.7554688 0.0255208 0.0515625
0 0.6286458 0.1832031 0.0447917 0.0304687
0 0.6697917 0.8355469 0.0406250 0.0226562
4 0.2888021 0.4472656 0.0390625 0.0382813
4 0.7747396 0.5289063 0.0317708 0.0546875
5 0.6169271 0.4316406 0.0265625 0.0335937
5 0.6093750 0.2753906 0.0395833 0.0289063
5 0.6656250 0.6132812 0.0385417 0.0359375
5 0.8018229 0.6511719 0.0338542 0.0429688
3 0.6700521 0.6242188 0.0223958 0.0609375
4 0.3734375 0.7015625 0.0406250 0.0281250
5 0.3054688 0.5128906 0.0463542 0.0351562
3 0.5210938 0.1597656 0.0307292 0.0539063
4 0.5703125 0.3167969 0.0375000 0.0242188
1 0.6320313 0.5960937 0.0380208 0.0281250
3 0.7190104 0.3511719 0.0203125 0.0570312
4 0.4992187 0.3039062 0.0317708 0.0312500
3 0.3914063 0.3238281 0.0244792 0.0601563
0 0.6520833 0.5398437 0.0385417 0.0281250
1 0.4901042 0.5085937 0.0260417 0.0250000
2 0.6132812 0.5062500 0.0348958 0.0500000
3 0.5924479 0.6914062 0.0244792 0.0421875
1 0.3093750 0.6316406 0.0427083 0.0289063
3 0.5968750 0.4550781 0.0187500 0.0351562
5 0.5179687 0.7011719 0.0223958 0.0382813
1 0.6052083 0.4968750 0.0343750 0.0296875
0 0.5067708 0.3714844 0.0281250 0.0320312
10 0.5190104 0.1847656 0.0380208 0.0523438
7 0.6869792 0.5347656 0.0260417 0.0601563
9 0.4429688 0.1371094 0.0328125 0.0398437
11 0.4809896 0.1734375 0.0265625 0.0500000
9 0.6036458 0.3652344 0.0312500 0.0507812
7 0.4091146 0.5292969 0.0276042 0.0570312
10 0.6372396 0.4765625 0.0390625 0.0375000
8 0.2945313 0.3085938 0.0390625 0.0375000
11 0.4757812 0.6718750 0.0359375 0.0375000
8 0.3359375 0.1285156 0.0406250 0.0492187
11 0.6348958 0.5714844 0.0375000 0.0367188
7 0.5820312 0.6003906 0.0348958 0.0492187
11 0.6598958 0.4628906 0.0364583 0.0492187
11 0.4539063 0.0789062 0.0401042 0.0546875
8 0.3552083 0.5757813 0.0281250 0.0578125
8 0.5085937 0.3847656 0.0348958 0.0367188
10 0.5036458 0.7179688 0.0322917 0.0515625
