2 0.4187500 0.3890625 0.0593750 0.0359375
5 0.5234375 0.6011719 0.0531250 0.0445313
4 0.4630208 0.3316406 0.0489583 0.0539063
3 0.4953125 0.7976562 0.0239583 0.0453125
1 0.3208333 0.5890625 0.0395833 0.0703125
2 0.5614583 0.4726562 0.0656250 0.0453125
5 0.3578125 0.1519531 0.0416667 0.0804688
2 0.3075521 0.4539063 0.0390625 0.0796875
0 0.5468750 0.2847656 0.0520833 0.0867187
1 0.5919271 0.2003906 0.0359375 0.0679687
5 0.4278646 0.1894531 0.0453125 0.0507812
1 0.6393229 0.4359375 0.0369792 0.0531250
4 0.4382813 0.7562500 0.0651042 0.0468750
2 0.7096354 0.9132813 0.0692708 0.0484375
3 0.6335937 0.2355469 0.0640625 0.0539063
5 0.4161458 0.4410156 0.0312500 0.0867187
5 0.4552083 0.4570312 0.0416667 0.0437500
4 0.5833333 0.9082031 0.0437500 0.0757812
0 0.6661458 0.5890625 0.0437500 0.0765625
2 0.4489583 0.8183594 0.0604167 0.0367188
2 0.5583333 0.4953125 0.0375000 0.0687500
2 0.7111979 0.4972656 0.0713542 0.0492187
4 0.6695313 0.3289063 0.0401042 0.0984375
4 0.7479167 0.6824219 0.0489583 0.0554687
0 0.5229167 0.5023437 0.0302083 0.0546875
2 0.4705729 0.3550781 0.0598958 0.0539063
3 0.5651042 0.8667969 0.0677083 0.0476562
2 0.6515625 0.4414062 0.0614583 0.0453125
5 0.6864583 0.3980469 0.0322917 0.0617188
4 0.5174479 0.8679687 0.0307292 0.0500000
3 0.3986979 0.8992187 0.0619792 0.0625000
2 0.6549479 0.4636719 0.0578125 0.0710937
3 0.7518229 0.4121094 0.0671875 0.0554687
4 0.6531250 0.2386719 0.0645833 0.0507812
0 0.5973958 0.7863281 0.0572917 0.0429688
0 0.6901042 0.6382813 0.0354167 0.0531250
5 0.6031250 0.4156250 0.0635417 0.0484375
2 0.6664062 0.4964844 0.0359375 0.0617188
5 0.5643229 0.1609375 0.0692708 0.0468750
3 0.5416667 0.6839844 0.0614583 0.0460938
0 0.2356771 0.3128906 0.0369792 0.0929688
2 0.5106771 0.0722656 0.0588542 0.0664062
1 0.7244792 0.1953125 0.0375000 0.0906250
4 0.5562500 0.8125000 0.0593750 0.0375000
1 0.4963542 0.8625000 0.0583333 0.0421875
2 0.6283854 0.3554688 0.0338542 0.0937500
3 0.6437500 0.9316406 0.0604167 0.0445313
1 0.6799479 0.2570312 0.0630208 0.0609375
1 0.5250000 0.4804688 0.0541667 0.0781250
3 0.7184896 0.7101563 0.0630208 0.0515625
5 0.4598958 0.6609375 0.0364583 0.0859375
5 0.4809896 0.3035156 0.0453125 0.0429688
3 0.6937500 0.6140625 0.0614583 0.0578125
0 0.2882812 0.4902344 0.0348958 0.0726563
4 0.2611979 0.4406250 0.0453125 0.0687500
5 0.6614583 0.2863281 0.0645833 0.0507812
4 0.3828125 0.2964844 0.0510417 0.0492187
3 0.6445312 0.2132813 0.0598958 0.0703125
1 0.7401042 0.5109375 0.0520833 0.0859375
0 0.3554688 0.8414063 0.0432292 0.0765625
1 0.5992188 0.6437500 0.0380208 0.0500000
2 0.3820312 0.7800781 0.0369792 0.0570312
4 0.6143229 0.4214844 0.0307292 0.0976562
0 0.5947917 0.3320312 0.0322917 0.0578125
0 0.4776042 0.6433594 0.0614583 0.0414062
5 0.5669271 0.6617188 0.0255208 0.0437500
3 0.5981771 0.6488281 0.0411458 0.0570312
2 0.3505208 0.4605469 0.0385417 0.0523438
5 0.6013021 0.1910156 0.0588542 0.0601563
11 0.6544271 0.5468750 0.0484375 0.0640625
10 0.4127604 0.1851562 0.0546875 0.0562500
6 0.3882813 0.6402344 0.0598958 0.0929688
11 0.3567708 0.3941406 0.0510417 0.0992187
9 0.6286458 0.7734375 0.0552083 0.0875000
6 0.6929688 0.4410156 0.0619792 0.0617188
8 0.6205729 0.3031250 0.0473958 0.0875000
8 0.2710938 0.5238281 0.0546875 0.0757812
6 0.4934896 0.4566406 0.0473958 0.0539063
11 0.4101562 0.5550781 0.0619792 0.0757812
9 0.4476562 0.2570312 0.0369792 0.0890625
6 0.3554688 0.6714844 0.0484375 0.0898438
11 0.4921875 0.1730469 0.0416667 0.0929688
10 0.5473958 0.4660156 0.0364583 0.0742188
