4 0.5546875 0.1183594 0.0197917 0.0304687
1 0.3643229 0.4949219 0.0192708 0.0539063
0 0.5510417 0.5652344 0.0291667 0.0351562
5 0.6463542 0.7421875 0.0343750 0.0343750
3 0.4697917 0.7792969 0.0291667 0.0414062
4 0.4432292 0.3738281 0.0281250 0.0304687
5 0.6177083 0.2503906 0.0322917 0.0257812
9 0.5286458 0.6593750 0.0229167 0.0421875
7 0.3875000 0.3945312 0.0218750 0.0500000
10 0.4692708 0.0632812 0.0343750 0.0531250
7 0.6091146 0.3722656 0.0276042 0.0492187
6 0.7007813 0.6718750 0.0255208 0.0343750
9 0.3778646 0.7269531 0.0348958 0.0367188
7 0.4434896 0.4023438 0.0307292 0.0375000
7 0.6263021 0.2945313 0.0244792 0.0484375
9 0.3442708 0.4437500 0.0260417 0.0546875
8 0.5585938 0.3667969 0.0348958 0.0398437
10 0.3953125 0.6492187 0.0239583 0.0562500
