2 0.5992188 0.3062500 0.0390625 0.0343750
2 0.4911458 0.4824219 0.0354167 0.0351562
5 0.4088542 0.3726563 0.0270833 0.0578125
1 0.5479167 0.6140625 0.0385417 0.0296875
3 0.5648437 0.3910156 0.0161458 0.0523438
1 0.5841146 0.5082031 0.0255208 0.0632812
0 0.3916667 0.7277344 0.0302083 0.0523438
1 0.5763021 0.1890625 0.0265625 0.0562500
3 0.5562500 0.4632812 0.0312500 0.0421875
5 0.4544271 0.7523437 0.0338542 0.0312500
4 0.3770833 0.3140625 0.0333333 0.0390625
5 0.6312500 0.3925781 0.0395833 0.0304687
1 0.6638021 0.6839844 0.0411458 0.0351562
1 0.2481771 0.4917969 0.0338542 0.0351562
3 0.5708333 0.8867188 0.0312500 0.0578125
0 0.5893229 0.1707031 0.0296875 0.0367188
5 0.4101562 0.4328125 0.0390625 0.0390625
5 0.2770833 0.6703125 0.0229167 0.0453125
2 0.6234375 0.7496094 0.0416667 0.0289063
0 0.5007812 0.2601562 0.0255208 0.0468750
3 0.3114583 0.4929688 0.0395833 0.0296875
5 0.3093750 0.1949219 0.0375000 0.0320312
1 0.3960938 0.7546875 0.0161458 0.0265625
6 0.5354167 0.6539063 0.0250000 0.0578125
8 0.4575521 0.6390625 0.0307292 0.0359375
10 0.4533854 0.3609375 0.0317708 0.0546875
