2 0.6718750 0.2066406 0.0427083 0.0289063
0 0.4002604 0.6152344 0.0223958 0.0617188
2 0.7119792 0.6843750 0.0416667 0.0437500
2 0.3830729 0.3406250 0.0296875 0.0468750
4 0.4221354 0.3882813 0.0296875 0.0578125
0 0.5911458 0.4453125 0.0427083 0.0343750
1 0.4411458 0.3906250 0.0333333 0.0515625
4 0.4854167 0.5929688 0.0229167 0.0640625
2 0.2994792 0.5593750 0.0166667 0.0312500
5 0.4859375 0.5437500 0.0312500 0.0515625
1 0.5403646 0.4328125 0.0411458 0.0515625
2 0.3093750 0.7148438 0.0270833 0.0687500
1 0.4744792 0.9304687 0.0437500 0.0390625
0 0.6768229 0.1617187 0.0244792 0.0515625
0 0.4104167 0.4042969 0.0229167 0.0476562
1 0.2783854 0.3386719 0.0296875 0.0710937
4 0.3984375 0.2800781 0.0260417 0.0367188
2 0.4505208 0.8589844 0.0218750 0.0289063
1 0.5622396 0.6296875 0.0411458 0.0265625
3 0.6377604 0.8015625 0.0411458 0.0234375
2 0.4875000 0.5843750 0.0260417 0.0281250
3 0.7531250 0.3769531 0.0437500 0.0382813
2 0.5932292 0.2871094 0.0427083 0.0429688
3 0.6164063 0.4636719 0.0421875 0.0320312
4 0.7000000 0.8792969 0.0281250 0.0382813
3 0.6473958 0.7414063 0.0260417 0.0343750
0 0.3322917 0.6425781 0.0250000 0.0351562
3 0.6330729 0.3160156 0.0223958 0.0351562
0 0.7677083 0.6503906 0.0291667 0.0585938
4 0.4302083 0.6628906 0.0239583 0.0351562
3 0.6841146 0.3164062 0.0223958 0.0593750
0 0.3091146 0.3734375 0.0203125 0.0500000
4 0.5299479 0.6460938 0.0328125 0.0421875
3 0.6221354 0.3039062 0.0369792 0.0296875
2 0.3781250 0.5871094 0.0375000 0.0351562
1 0.3117187 0.3906250 0.0432292 0.0296875
4 0.3354167 0.2203125 0.0218750 0.0296875
3 0.6903646 0.3011719 0.0286458 0.0570312
2 0.5218750 0.1753906 0.0218750 0.0382813
5 0.6507812 0.6843750 0.0255208 0.0343750
4 0.6244792 0.5683594 0.0218750 0.0367188
2 0.5177083 0.7671875 0.0385417 0.0421875
2 0.4973958 0.1777344 0.0312500 0.0617188
4 0.3265625 0.5785156 0.0270833 0.0523438
5 0.6565104 0.4468750 0.0390625 0.0312500
4 0.4653646 0.4894531 0.0401042 0.0414062
2 0.6643229 0.6128906 0.0307292 0.0648438
4 0.6809896 0.2531250 0.0401042 0.0359375
4 0.4442708 0.5515625 0.0427083 0.0312500
5 0.5830729 0.2546875 0.0442708 0.0312500
0 0.5697917 0.5136719 0.0385417 0.0414062
4 0.3830729 0.2035156 0.0432292 0.0289063
5 0.6148438 0.7101563 0.0473958 0.0343750
4 0.5377604 0.2886719 0.0411458 0.0414062
1 0.1968750 0.6218750 0.0427083 0.0390625
2 0.5429688 0.5781250 0.0328125 0.0328125
2 0.6429687 0.5183594 0.0182292 0.0351562
2 0.5729167 0.6296875 0.0447917 0.0390625
4 0.6354167 0.2882812 0.0437500 0.0437500
3 0.6002604 0.4351563 0.0401042 0.0281250
3 0.5929688 0.8574219 0.0421875 0.0351562
4 0.3598958 0.3304687 0.0208333 0.0406250
0 0.2528646 0.2871094 0.0369792 0.0445313
2 0.6971354 0.5121094 0.0453125 0.0289063
4 0.7716146 0.4796875 0.0265625 0.0296875
1 0.6078125 0.3023438 0.0364583 0.0484375
1 0.4481771 0.7460938 0.0255208 0.0578125
3 0.5070313 0.8140625 0.0442708 0.0296875
5 0.6013021 0.6835938 0.0359375 0.0578125
0 0.4763021 0.7085938 0.0265625 0.0546875
5 0.5424479 0.3710938 0.0328125 0.0328125
4 0.3000000 0.3785156 0.0218750 0.0476562
1 0.5539063 0.6097656 0.0473958 0.0320312
3 0.3531250 0.6320313 0.0260417 0.0359375
0 0.7158854 0.8367187 0.0328125 0.0390625
3 0.2463542 0.5828125 0.0416667 0.0390625
0 0.5781250 0.5097656 0.0427083 0.0335937
5 0.7059896 0.6078125 0.0442708 0.0500000
7 0.2893229 0.2964844 0.0411458 0.0414062
9 0.6369792 0.7195312 0.0427083 0.0500000
11 0.5648437 0.7585937 0.0411458 0.0421875
11 0.7114583 0.3378906 0.0437500 0.0429688
11 0.6643229 0.6855469 0.0421875 0.0398437
11 0.4494792 0.8152344 0.0270833 0.0539063
8 0.5669271 0.6660156 0.0432292 0.0507812
10 0.2919271 0.6101562 0.0328125 0.0468750
11 0.3916667 0.7960938 0.0385417 0.0578125
10 0.4914062 0.5640625 0.0276042 0.0593750
7 0.2682292 0.6628906 0.0427083 0.0398437
10 0.4484375 0.6289062 0.0239583 0.0562500
8 0.3770833 0.2386719 0.0395833 0.0382813
10 0.3518229 0.4824219 0.0348958 0.0492187
11 0.4348958 0.3414063 0.0416667 0.0609375
6 0.4455729 0.6531250 0.0411458 0.0562500
6 0.5135417 0.8320312 0.0343750 0.0671875
10 0.6148438 0.7957031 0.0338542 0.0476562
