3 0.6703125 0.3816406 0.0416667 0.0304687
5 0.5203125 0.5355469 0.0270833 0.0445313
0 0.6088542 0.6250000 0.0354167 0.0500000
4 0.4325521 0.6570312 0.0463542 0.0296875
5 0.6390625 0.7105469 0.0489583 0.0476562
1 0.5643229 0.2781250 0.0463542 0.0312500
2 0.4559896 0.6660156 0.0276042 0.0710937
2 0.6997396 0.6304688 0.0453125 0.0328125
2 0.6742187 0.7234375 0.0473958 0.0437500
0 0.7895833 0.3550781 0.0250000 0.0492187
0 0.3867188 0.2917969 0.0359375 0.0695313
1 0.3377604 0.8527344 0.0213542 0.0367188
4 0.4164062 0.6683594 0.0453125 0.0398437
0 0.3338542 0.6949219 0.0208333 0.0257812
2 0.5135417 0.2835937 0.0458333 0.0390625
5 0.4638021 0.5472656 0.0411458 0.0429688
1 0.4830729 0.2941406 0.0380208 0.0367188
5 0.4750000 0.6226563 0.0270833 0.0718750
1 0.6065104 0.2714844 0.0401042 0.0382813
1 0.7164063 0.5550781 0.0515625 0.0367188
2 0.5580729 0.5011719 0.0432292 0.0335937
3 0.6966146 0.4640625 0.0296875 0.0609375
2 0.4812500 0.3949219 0.0427083 0.0320312
0 0.5895833 0.3140625 0.0291667 0.0625000
5 0.4664063 0.5089844 0.0255208 0.0617188
0 0.6984375 0.3449219 0.0500000 0.0289063
1 0.4388021 0.2187500 0.0484375 0.0375000
0 0.4658854 0.3156250 0.0317708 0.0375000
4 0.7346354 0.4726562 0.0213542 0.0453125
3 0.7559896 0.4437500 0.0411458 0.0531250
0 0.4085937 0.5371094 0.0484375 0.0398437
4 0.5877604 0.3410156 0.0307292 0.0460938
0 0.7026042 0.7613281 0.0250000 0.0710937
0 0.6955729 0.4144531 0.0484375 0.0460938
10 0.3226562 0.6253906 0.0453125 0.0460938
11 0.5984375 0.6734375 0.0291667 0.0656250
10 0.6924479 0.5019531 0.0286458 0.0585938
11 0.3851562 0.5691406 0.0432292 0.0414062
9 0.5187500 0.3191406 0.0406250 0.0632812
