1 0.7398438 0.7226562 0.1005208 0.1015625
1 0.5270833 0.5558594 0.0989583 0.0585938
11 0.2671875 0.4792969 0.0708333 0.1164063
6 0.6182292 0.7300781 0.0947917 0.1054688
8 0.3846354 0.6261719 0.0630208 0.1289062
8 0.7648438 0.3460937 0.0651042 0.1484375
6 0.2942708 0.3675781 0.1072917 0.1070312
7 0.7161458 0.5070313 0.0843750 0.1281250
10 0.3203125 0.6917969 0.0625000 0.1289062
8 0.6442708 0.4789062 0.0947917 0.0937500
6 0.3539062 0.3425781 0.0848958 0.1617187
7 0.5020833 0.2714844 0.0718750 0.1085938
8 0.6916667 0.1832031 0.1031250 0.1492188
6 0.5640625 0.3531250 0.0677083 0.1187500
