0 0.4416667 0.5277344 0.0135417 0.0210938
5 0.3872396 0.4789062 0.0213542 0.0234375
0 0.6789063 0.5054688 0.0234375 0.0187500
3 0.4109375 0.6242188 0.0114583 0.0359375
4 0.7213542 0.6722656 0.0239583 0.0226562
1 0.5351562 0.6738281 0.0192708 0.0304687
3 0.6796875 0.5230469 0.0250000 0.0148437
0 0.5820312 0.7285156 0.0109375 0.0335937
5 0.5221354 0.2847656 0.0192708 0.0195312
4 0.6877604 0.6156250 0.0192708 0.0171875
2 0.5507812 0.5558594 0.0244792 0.0179687
2 0.4247396 0.7023438 0.0109375 0.0343750
4 0.5684896 0.4601562 0.0265625 0.0156250
5 0.5335937 0.8664063 0.0140625 0.0359375
5 0.3942708 0.5386719 0.0250000 0.0242188
5 0.2690104 0.5320312 0.0213542 0.0187500
5 0.6205729 0.7878906 0.0130208 0.0351562
4 0.6861979 0.6132812 0.0182292 0.0250000
4 0.2723958 0.5554687 0.0166667 0.0203125
5 0.3986979 0.5289063 0.0234375 0.0234375
3 0.6541667 0.3105469 0.0229167 0.0179687
0 0.6898437 0.4453125 0.0234375 0.0171875
3 0.7080729 0.5074219 0.0213542 0.0195312
0 0.6854167 0.6687500 0.0250000 0.0218750
1 0.3807292 0.5742188 0.0125000 0.0218750
5 0.6161458 0.4792969 0.0197917 0.0257812
3 0.6588542 0.3378906 0.0135417 0.0257812
3 0.5820312 0.5253906 0.0234375 0.0179687
5 0.4533854 0.7664062 0.0234375 0.0234375
2 0.3213542 0.5019531 0.0229167 0.0179687
5 0.4971354 0.1261719 0.0203125 0.0226562
1 0.4338542 0.5464844 0.0104167 0.0132812
1 0.6992188 0.3960938 0.0234375 0.0171875
3 0.4744792 0.1468750 0.0187500 0.0250000
4 0.5796875 0.7191406 0.0166667 0.0335937
2 0.5927083 0.7394531 0.0145833 0.0335937
2 0.3437500 0.2507813 0.0166667 0.0203125
3 0.3992188 0.4882812 0.0109375 0.0265625
5 0.4523437 0.9093750 0.0203125 0.0328125
1 0.4437500 0.8128906 0.0125000 0.0351562
1 0.2861979 0.2167969 0.0255208 0.0148437
2 0.6781250 0.7363281 0.0250000 0.0179687
4 0.6088542 0.6722656 0.0114583 0.0335937
0 0.6408854 0.6828125 0.0213542 0.0140625
5 0.6335937 0.1527344 0.0151042 0.0351562
2 0.6348958 0.8605469 0.0135417 0.0273438
3 0.4554687 0.4808594 0.0192708 0.0273438
4 0.6036458 0.5191406 0.0197917 0.0226562
2 0.3898437 0.1859375 0.0119792 0.0234375
1 0.5182292 0.6910156 0.0239583 0.0179687
3 0.6434896 0.6894531 0.0244792 0.0195312
2 0.6460938 0.8953125 0.0244792 0.0171875
1 0.4044271 0.2996094 0.0151042 0.0210938
2 0.5473958 0.4730469 0.0239583 0.0179687
0 0.7575521 0.3941406 0.0192708 0.0242188
3 0.6104167 0.6035156 0.0145833 0.0210938
4 0.4104167 0.8316406 0.0156250 0.0273438
1 0.4403646 0.1792969 0.0161458 0.0351562
2 0.2997396 0.5425781 0.0265625 0.0195312
5 0.6489583 0.6839844 0.0229167 0.0210938
4 0.3580729 0.6105469 0.0234375 0.0179687
5 0.3632812 0.1984375 0.0109375 0.0250000
0 0.4919271 0.3539062 0.0130208 0.0328125
1 0.4815104 0.4093750 0.0244792 0.0218750
3 0.3091146 0.7027344 0.0119792 0.0367188
4 0.3041667 0.7804688 0.0239583 0.0156250
0 0.6747396 0.7468750 0.0213542 0.0218750
5 0.5088542 0.6421875 0.0218750 0.0187500
1 0.4354167 0.4738281 0.0187500 0.0242188
7 0.4218750 0.4042969 0.0145833 0.0351562
8 0.8070312 0.3878906 0.0223958 0.0226562
9 0.6690104 0.6406250 0.0223958 0.0234375
