0 0.2669271 0.4617188 0.0973958 0.1468750
2 0.4335938 0.8937500 0.1067708 0.1343750
4 0.5434896 0.7945313 0.0786458 0.1765625
1 0.5106771 0.1558594 0.1161458 0.1382812
3 0.6419271 0.3648438 0.0869792 0.1953125
4 0.2335937 0.7730469 0.1317708 0.0976562
2 0.4533854 0.1941406 0.0734375 0.2210938
3 0.3299479 0.6261719 0.0901042 0.1867187
4 0.4656250 0.2652344 0.0750000 0.1289062
4 0.7197917 0.3218750 0.1020833 0.1406250
1 0.5484375 0.4910156 0.1229167 0.0929688
3 0.4645833 0.1609375 0.0833333 0.1140625
5 0.4627604 0.9421875 0.1286458 0.0984375
0 0.2643229 0.7328125 0.1515625 0.1093750
1 0.4111979 0.1316406 0.1317708 0.0835937
5 0.4179688 0.7062500 0.1234375 0.1125000
5 0.3289063 0.5378906 0.0932292 0.1867187
3 0.3742187 0.5421875 0.1276042 0.1250000
1 0.6437500 0.6367188 0.1447917 0.1000000
3 0.5760417 0.2761719 0.0697917 0.1929687
5 0.3036458 0.4933594 0.0927083 0.0929688
4 0.4588542 0.5375000 0.0885417 0.1078125
4 0.4265625 0.7988281 0.1364583 0.0960938
1 0.5950521 0.1957031 0.0901042 0.1804688
5 0.3278646 0.6753906 0.1276042 0.1710937
3 0.2278646 0.2605469 0.1411458 0.1601562
0 0.5768229 0.5175781 0.1473958 0.0945312
2 0.7078125 0.4484375 0.1343750 0.1281250
3 0.5333333 0.2757812 0.0781250 0.1953125
1 0.5289063 0.3191406 0.1098958 0.1242188
4 0.4268229 0.8957031 0.1328125 0.1632812
0 0.6132812 0.5105469 0.1505208 0.1148437
1 0.4393229 0.3468750 0.1161458 0.1203125
4 0.7544271 0.3636719 0.0630208 0.1070312
2 0.4127604 0.5910156 0.1078125 0.1914062
5 0.5682292 0.8593750 0.0729167 0.1625000
0 0.5401042 0.5980469 0.0927083 0.1210938
3 0.7497396 0.3875000 0.1151042 0.1546875
2 0.6614583 0.2648437 0.0614583 0.1640625
3 0.5119792 0.7664062 0.0729167 0.1296875
5 0.3765625 0.5070313 0.0677083 0.1234375
4 0.7044271 0.2343750 0.1359375 0.1031250
1 0.7947917 0.4750000 0.1395833 0.1156250
5 0.6888021 0.5496094 0.1161458 0.1554687
4 0.6567708 0.6773438 0.1447917 0.1046875
2 0.3674479 0.2480469 0.1265625 0.0929688
2 0.5648437 0.2164062 0.0734375 0.1312500
0 0.5403646 0.1492188 0.1182292 0.0875000
0 0.7221354 0.8714844 0.1442708 0.0976562
1 0.2544271 0.6058594 0.0703125 0.2085937
3 0.3747396 0.7375000 0.1369792 0.1312500
4 0.3585937 0.1257813 0.0890625 0.2015625
0 0.5059896 0.6019531 0.0828125 0.1117188
9 0.5979167 0.5265625 0.1166667 0.1156250
10 0.4111979 0.7507812 0.1213542 0.1765625
7 0.4541667 0.9683594 0.0812500 0.0617188
7 0.4289062 0.5914063 0.1234375 0.1296875
