2 0.6026042 0.8363281 0.0291667 0.0226562
3 0.5093750 0.4695313 0.0177083 0.0328125
3 0.6635417 0.6886719 0.0281250 0.0164063
0 0.7546875 0.5253906 0.0229167 0.0335937
0 0.5369792 0.6058594 0.0291667 0.0226562
4 0.4411458 0.2714844 0.0145833 0.0398437
3 0.6325521 0.8113281 0.0265625 0.0179687
4 0.4015625 0.7984375 0.0281250 0.0218750
2 0.2888021 0.2144531 0.0161458 0.0476562
4 0.5971354 0.5000000 0.0255208 0.0359375
3 0.6049479 0.6171875 0.0255208 0.0187500
5 0.3000000 0.2378906 0.0208333 0.0382813
2 0.6083333 0.3152344 0.0177083 0.0414062
2 0.3518229 0.7273437 0.0171875 0.0312500
3 0.4627604 0.6253906 0.0171875 0.0445313
4 0.6341146 0.2691406 0.0286458 0.0179687
3 0.4455729 0.5183594 0.0192708 0.0195312
3 0.3085938 0.1089844 0.0171875 0.0445313
0 0.5635417 0.3160156 0.0145833 0.0351562
0 0.6059896 0.7414063 0.0203125 0.0250000
8 0.5231771 0.5539063 0.0276042 0.0265625
11 0.5401042 0.3523438 0.0239583 0.0281250
11 0.5611979 0.3984375 0.0265625 0.0312500
7 0.6895833 0.6742187 0.0270833 0.0265625
7 0.2940104 0.7394531 0.0171875 0.0398437
7 0.4458333 0.3500000 0.0281250 0.0343750
7 0.6687500 0.2093750 0.0281250 0.0281250
7 0.4763021 0.7597656 0.0255208 0.0289063
6 0.5174479 0.2105469 0.0276042 0.0335937
