0 0.4223958 0.4109375 0.0166667 0.0218750
2 0.4000000 0.1964844 0.0260417 0.0195312
2 0.3229167 0.6496094 0.0260417 0.0179687
3 0.4518229 0.6433594 0.0223958 0.0195312
5 0.4494792 0.3671875 0.0166667 0.0265625
1 0.6257812 0.5722656 0.0140625 0.0195312
5 0.5369792 0.5968750 0.0239583 0.0187500
4 0.7122396 0.5136719 0.0192708 0.0226562
3 0.5890625 0.7734375 0.0250000 0.0250000
5 0.4763021 0.4035156 0.0109375 0.0320312
2 0.5755208 0.6316406 0.0239583 0.0226562
1 0.6028646 0.2742188 0.0223958 0.0250000
2 0.5117188 0.2890625 0.0265625 0.0218750
5 0.6901042 0.7132812 0.0250000 0.0203125
3 0.6132812 0.5164062 0.0223958 0.0218750
1 0.6109375 0.4843750 0.0104167 0.0328125
1 0.6976562 0.6816406 0.0244792 0.0195312
5 0.6440104 0.6304688 0.0244792 0.0156250
1 0.5864583 0.5316406 0.0145833 0.0242188
4 0.5955729 0.4640625 0.0213542 0.0187500
2 0.4992187 0.1773437 0.0151042 0.0203125
5 0.8083333 0.7089844 0.0239583 0.0210938
2 0.4276042 0.8355469 0.0135417 0.0179687
5 0.5250000 0.8273438 0.0229167 0.0234375
2 0.3533854 0.7476563 0.0234375 0.0203125
0 0.6294271 0.8035156 0.0151042 0.0179687
3 0.3815104 0.4683594 0.0234375 0.0210938
5 0.5033854 0.7218750 0.0213542 0.0234375
3 0.5671875 0.6429687 0.0250000 0.0156250
5 0.5731771 0.5343750 0.0203125 0.0250000
0 0.4179688 0.7355469 0.0171875 0.0273438
5 0.6111979 0.4335938 0.0244792 0.0203125
2 0.5466146 0.0492187 0.0234375 0.0187500
4 0.3932292 0.4097656 0.0208333 0.0210938
3 0.5598958 0.4031250 0.0208333 0.0156250
1 0.5471354 0.2933594 0.0151042 0.0226562
1 0.7210937 0.4398437 0.0234375 0.0203125
0 0.5213542 0.1964844 0.0250000 0.0164063
4 0.5802083 0.2503906 0.0239583 0.0195312
1 0.6828125 0.6949219 0.0135417 0.0148437
0 0.5669271 0.2167969 0.0255208 0.0195312
3 0.6114583 0.2386719 0.0239583 0.0242188
2 0.6203125 0.5566406 0.0145833 0.0148437
3 0.5335937 0.3785156 0.0130208 0.0257812
4 0.5869792 0.6960937 0.0187500 0.0359375
5 0.5320312 0.8699219 0.0223958 0.0195312
4 0.3372396 0.7855469 0.0203125 0.0164063
3 0.4057292 0.1839844 0.0145833 0.0335937
0 0.5416667 0.6300781 0.0135417 0.0289063
0 0.7278646 0.4570312 0.0171875 0.0312500
1 0.6226563 0.7085938 0.0151042 0.0359375
11 0.5893229 0.1816406 0.0171875 0.0320312
10 0.4085937 0.7882813 0.0161458 0.0265625
6 0.6968750 0.2039063 0.0229167 0.0250000
6 0.2976563 0.3984375 0.0203125 0.0296875
10 0.3854167 0.7828125 0.0239583 0.0312500
8 0.6684896 0.2933594 0.0213542 0.0242188
10 0.4005208 0.2695312 0.0229167 0.0265625
6 0.2041667 0.5617188 0.0187500 0.0343750
8 0.3447917 0.7382812 0.0229167 0.0281250
11 0.5044271 0.5679688 0.0182292 0.0281250
8 0.5151042 0.6304688 0.0156250 0.0250000
8 0.5562500 0.3093750 0.0208333 0.0296875
10 0.4570312 0.5261719 0.0203125 0.0320312
11 0.4286458 0.3429687 0.0229167 0.0359375
11 0.6463542 0.3289063 0.0239583 0.0234375
8 0.5606771 0.8195313 0.0213542 0.0234375
11 0.5226563 0.6406250 0.0151042 0.0234375
11 0.5197917 0.4703125 0.0177083 0.0234375
10 0.5023437 0.3636719 0.0161458 0.0304687
11 0.6966146 0.5109375 0.0213542 0.0312500
