5 0.4742188 0.4964844 0.0223958 0.0210938
3 0.4856771 0.2769531 0.0171875 0.0414062
3 0.5101562 0.7113281 0.0213542 0.0195312
4 0.6419271 0.5796875 0.0234375 0.0187500
0 0.6658854 0.2937500 0.0098958 0.0265625
3 0.4213542 0.8949219 0.0114583 0.0242188
4 0.6356771 0.7226562 0.0213542 0.0281250
3 0.5252604 0.2132813 0.0203125 0.0281250
4 0.4651042 0.4632812 0.0229167 0.0140625
1 0.4554687 0.3066406 0.0192708 0.0179687
3 0.6953125 0.1906250 0.0229167 0.0203125
3 0.6929688 0.5808594 0.0161458 0.0226562
3 0.5848958 0.5300781 0.0114583 0.0351562
1 0.6346354 0.6277344 0.0161458 0.0273438
4 0.4593750 0.5734375 0.0083333 0.0187500
4 0.4755208 0.7824219 0.0125000 0.0414062
2 0.6330729 0.3964844 0.0255208 0.0195312
2 0.4359375 0.5574219 0.0229167 0.0179687
3 0.6205729 0.5421875 0.0130208 0.0234375
5 0.5273438 0.8000000 0.0234375 0.0171875
0 0.5843750 0.5550781 0.0197917 0.0164063
2 0.2572917 0.4367187 0.0135417 0.0343750
3 0.6908854 0.2859375 0.0130208 0.0375000
4 0.6716146 0.5140625 0.0265625 0.0203125
1 0.4190104 0.5476562 0.0109375 0.0250000
5 0.6257812 0.0578125 0.0203125 0.0234375
5 0.4445312 0.2855469 0.0203125 0.0351562
2 0.6411458 0.6453125 0.0239583 0.0218750
2 0.6791667 0.5613281 0.0166667 0.0398437
1 0.3794271 0.3628906 0.0130208 0.0289063
5 0.5088542 0.7921875 0.0208333 0.0250000
2 0.3296875 0.5484375 0.0218750 0.0156250
3 0.4817708 0.1750000 0.0156250 0.0187500
2 0.4549479 0.4132812 0.0203125 0.0203125
4 0.5065104 0.4363281 0.0140625 0.0351562
1 0.4992187 0.2914062 0.0151042 0.0187500
1 0.5703125 0.2949219 0.0260417 0.0164063
4 0.5622396 0.4593750 0.0151042 0.0203125
0 0.4984375 0.1894531 0.0125000 0.0273438
3 0.4968750 0.4800781 0.0239583 0.0195312
4 0.6778646 0.7546875 0.0234375 0.0156250
1 0.4111979 0.9210938 0.0234375 0.0250000
4 0.3361979 0.7234375 0.0088542 0.0265625
4 0.6109375 0.3226562 0.0250000 0.0187500
1 0.3692708 0.7363281 0.0218750 0.0164063
0 0.4794271 0.5847656 0.0234375 0.0195312
1 0.6153646 0.4710937 0.0119792 0.0375000
5 0.5315104 0.3812500 0.0151042 0.0375000
4 0.7151042 0.5226563 0.0156250 0.0234375
5 0.5270833 0.3003906 0.0239583 0.0179687
0 0.6572917 0.5226563 0.0114583 0.0359375
0 0.7078125 0.4851563 0.0229167 0.0171875
3 0.5322917 0.3015625 0.0197917 0.0187500
2 0.3877604 0.7398438 0.0255208 0.0187500
4 0.3854167 0.3101563 0.0239583 0.0265625
0 0.6609375 0.4949219 0.0239583 0.0195312
1 0.4861979 0.7226562 0.0130208 0.0359375
2 0.5877604 0.6710938 0.0255208 0.0234375
7 0.5072917 0.2863281 0.0187500 0.0304687
11 0.5770833 0.6386719 0.0239583 0.0335937
9 0.4864583 0.6726562 0.0197917 0.0250000
8 0.3210938 0.2945313 0.0192708 0.0234375
6 0.5679688 0.6886719 0.0244792 0.0242188
8 0.3585937 0.6515625 0.0171875 0.0250000
11 0.7484375 0.5273438 0.0239583 0.0343750
10 0.6395833 0.6019531 0.0218750 0.0226562
6 0.4221354 0.4570312 0.0244792 0.0281250
