4 0.4684896 0.4601562 0.0213542 0.0546875
2 0.5067708 0.3632812 0.0187500 0.0406250
3 0.6018229 0.7183594 0.0213542 0.0226562
5 0.4734375 0.5199219 0.0291667 0.0382813
3 0.6445312 0.7921875 0.0244792 0.0437500
2 0.6059896 0.4359375 0.0348958 0.0265625
0 0.4716146 0.2679687 0.0359375 0.0234375
2 0.7296875 0.6914062 0.0364583 0.0328125
3 0.4583333 0.6535156 0.0291667 0.0507812
3 0.5273438 0.5261719 0.0223958 0.0414062
2 0.2658854 0.1687500 0.0244792 0.0437500
2 0.7317708 0.6839844 0.0364583 0.0289063
3 0.3606771 0.6820312 0.0359375 0.0250000
0 0.6981771 0.2941406 0.0390625 0.0242188
0 0.5945312 0.4140625 0.0203125 0.0421875
4 0.6013021 0.3804688 0.0369792 0.0250000
2 0.3072917 0.6433594 0.0156250 0.0351562
0 0.6619792 0.5843750 0.0322917 0.0328125
3 0.5239583 0.6234375 0.0197917 0.0531250
5 0.4260417 0.9250000 0.0364583 0.0390625
4 0.4809896 0.3437500 0.0182292 0.0359375
4 0.6393229 0.5730469 0.0296875 0.0429688
5 0.3286458 0.4679687 0.0333333 0.0234375
1 0.6638021 0.6257812 0.0317708 0.0250000
5 0.6187500 0.6019531 0.0364583 0.0226562
5 0.6432292 0.5050781 0.0333333 0.0242188
5 0.6307292 0.6082031 0.0385417 0.0304687
3 0.6015625 0.5972656 0.0343750 0.0398437
0 0.4317708 0.2460938 0.0333333 0.0328125
3 0.6330729 0.3312500 0.0338542 0.0437500
4 0.5645833 0.7234375 0.0385417 0.0312500
3 0.4781250 0.6480469 0.0166667 0.0507812
1 0.4528646 0.4988281 0.0369792 0.0257812
4 0.4872396 0.2398437 0.0192708 0.0531250
2 0.7109375 0.5218750 0.0385417 0.0234375
0 0.4440104 0.6375000 0.0182292 0.0515625
2 0.5088542 0.6660156 0.0302083 0.0289063
5 0.3565104 0.4273438 0.0223958 0.0546875
2 0.5830729 0.8511719 0.0244792 0.0585938
3 0.4757812 0.5460938 0.0276042 0.0296875
4 0.4359375 0.7441406 0.0322917 0.0335937
1 0.5463542 0.5847656 0.0364583 0.0414062
0 0.5994792 0.4894531 0.0343750 0.0367188
0 0.3333333 0.4980469 0.0364583 0.0242188
4 0.6614583 0.4386719 0.0406250 0.0367188
2 0.5447917 0.7230469 0.0281250 0.0445313
8 0.5580729 0.1937500 0.0359375 0.0359375
11 0.5627604 0.1625000 0.0317708 0.0515625
11 0.4463542 0.5476562 0.0322917 0.0328125
6 0.2575521 0.3664062 0.0390625 0.0437500
8 0.5997396 0.5023437 0.0234375 0.0500000
8 0.4236979 0.1699219 0.0369792 0.0382813
10 0.5838542 0.6625000 0.0312500 0.0312500
11 0.3953125 0.4730469 0.0239583 0.0429688
7 0.3713542 0.5773438 0.0312500 0.0359375
6 0.6270833 0.4597656 0.0270833 0.0335937
9 0.6895833 0.1878906 0.0343750 0.0335937
8 0.4320312 0.6808594 0.0307292 0.0445313
6 0.5330729 0.6488281 0.0348958 0.0335937
