2 0.5546875 0.4125000 0.0885417 0.0812500
2 0.5114583 0.8171875 0.0750000 0.0734375
1 0.4817708 0.3343750 0.0708333 0.0968750
2 0.3604167 0.7375000 0.0520833 0.0984375
2 0.7471354 0.6714844 0.0859375 0.0867187
2 0.5757813 0.7039062 0.0807292 0.0656250
2 0.4367187 0.2937500 0.0526042 0.1125000
3 0.3651042 0.4718750 0.0697917 0.0687500
1 0.6598958 0.4492188 0.0927083 0.0718750
3 0.6335937 0.3546875 0.0494792 0.0796875
2 0.6804687 0.2582031 0.0765625 0.0820312
1 0.7890625 0.4917969 0.0906250 0.0804688
3 0.7244792 0.3308594 0.0385417 0.1367188
1 0.3796875 0.3738281 0.0916667 0.0585938
5 0.5000000 0.0578125 0.0739583 0.1156250
5 0.7322917 0.1851562 0.0875000 0.0593750
2 0.6065104 0.6984375 0.0984375 0.0765625
5 0.2184896 0.2511719 0.0609375 0.1132812
1 0.4614583 0.8386719 0.0781250 0.1195313
2 0.6682292 0.2046875 0.0989583 0.0656250
3 0.7033854 0.4933594 0.0932292 0.0679687
0 0.5221354 0.2156250 0.0973958 0.0687500
2 0.6940104 0.6875000 0.0713542 0.1265625
2 0.6351562 0.7324219 0.0630208 0.1148437
1 0.6515625 0.6804687 0.0729167 0.0531250
5 0.5325521 0.5484375 0.0901042 0.0593750
1 0.5755208 0.4953125 0.0854167 0.0750000
3 0.5278646 0.6945313 0.0494792 0.1343750
3 0.5432292 0.8816406 0.0677083 0.1179687
4 0.2458333 0.4093750 0.1041667 0.0718750
3 0.6359375 0.3761719 0.0937500 0.0773438
5 0.4109375 0.1164063 0.0541667 0.0656250
1 0.5578125 0.6648437 0.0739583 0.0562500
0 0.6335937 0.3234375 0.0973958 0.0687500
2 0.6786458 0.8742188 0.1000000 0.0796875
0 0.4630208 0.4132812 0.0916667 0.0796875
3 0.6216146 0.6972656 0.0953125 0.0679687
3 0.2942708 0.5074219 0.1072917 0.0820312
1 0.5934896 0.3703125 0.0494792 0.0906250
1 0.1934896 0.3933594 0.0765625 0.0898438
4 0.6507812 0.3261719 0.0588542 0.1335938
5 0.6354167 0.7960938 0.0677083 0.0546875
3 0.5611979 0.5343750 0.0619792 0.1234375
1 0.6601562 0.6828125 0.0619792 0.1375000
2 0.2289063 0.6984375 0.1015625 0.0687500
3 0.4367187 0.7835937 0.0598958 0.0796875
2 0.5791667 0.6714844 0.0416667 0.0664062
1 0.4221354 0.4265625 0.0473958 0.0671875
2 0.3958333 0.5628906 0.0416667 0.1382812
0 0.5505208 0.2566406 0.0791667 0.0945312
3 0.3411458 0.3843750 0.0447917 0.1406250
1 0.5377604 0.3113281 0.0609375 0.0695313
3 0.6307292 0.4964844 0.0479167 0.1429688
2 0.3898437 0.6503906 0.0505208 0.0914062
1 0.2421875 0.5320312 0.0979167 0.0640625
0 0.7291667 0.2800781 0.0500000 0.1398437
0 0.6013021 0.2843750 0.0890625 0.0609375
3 0.5268229 0.7351562 0.0442708 0.0734375
3 0.6744792 0.6242188 0.0906250 0.0750000
3 0.2645833 0.4656250 0.0927083 0.0609375
2 0.5710937 0.9476562 0.0536458 0.1031250
1 0.5106771 0.1707031 0.0421875 0.0992187
1 0.6562500 0.3460937 0.0916667 0.0656250
4 0.6453125 0.3945312 0.0854167 0.0703125
2 0.7328125 0.6062500 0.0989583 0.0718750
4 0.2984375 0.6515625 0.0406250 0.0843750
2 0.7856771 0.4851563 0.0807292 0.0812500
4 0.6523438 0.6167969 0.0807292 0.0648438
5 0.6861979 0.7648438 0.0890625 0.0687500
0 0.7434896 0.3988281 0.0880208 0.0679687
3 0.4848958 0.4332031 0.0489583 0.1085938
4 0.7325521 0.4847656 0.0994792 0.0710937
4 0.4278646 0.0820312 0.0776042 0.0968750
3 0.4888021 0.7507812 0.0692708 0.0687500
3 0.3809896 0.7703125 0.0723958 0.0984375
0 0.2500000 0.5976562 0.0562500 0.1203125
7 0.5718750 0.2589844 0.0656250 0.1304687
6 0.4476562 0.3042969 0.0776042 0.1210938
9 0.5882812 0.5156250 0.0630208 0.1000000
7 0.6130208 0.6339844 0.0843750 0.0820312
6 0.5690104 0.2406250 0.0536458 0.1265625
