0 0.3804688 0.7445312 0.0359375 0.0218750
0 0.4104167 0.5437500 0.0218750 0.0546875
5 0.5401042 0.8390625 0.0187500 0.0546875
3 0.6677083 0.5250000 0.0229167 0.0359375
1 0.5609375 0.6308594 0.0166667 0.0398437
2 0.4651042 0.7089844 0.0322917 0.0304687
5 0.4234375 0.3843750 0.0208333 0.0484375
5 0.5643229 0.8542969 0.0265625 0.0398437
5 0.6268229 0.6296875 0.0348958 0.0265625
4 0.3317708 0.5347656 0.0354167 0.0335937
3 0.5468750 0.4828125 0.0354167 0.0250000
4 0.5705729 0.6343750 0.0192708 0.0390625
1 0.2966146 0.4730469 0.0223958 0.0335937
3 0.4320312 0.6023437 0.0348958 0.0250000
3 0.5656250 0.4820313 0.0177083 0.0312500
5 0.7005208 0.5398437 0.0406250 0.0296875
2 0.3333333 0.7371094 0.0177083 0.0445313
4 0.4846354 0.5207031 0.0338542 0.0226562
5 0.6734375 0.6402344 0.0385417 0.0289063
0 0.6231771 0.2410156 0.0171875 0.0210938
0 0.4695313 0.8476562 0.0203125 0.0546875
4 0.7010417 0.8414063 0.0375000 0.0265625
2 0.4072917 0.2664063 0.0197917 0.0500000
2 0.5309896 0.3085938 0.0265625 0.0328125
5 0.3385417 0.4324219 0.0166667 0.0304687
4 0.4445312 0.7000000 0.0276042 0.0390625
1 0.3049479 0.2621094 0.0328125 0.0320312
5 0.5786458 0.4679687 0.0364583 0.0359375
5 0.5645833 0.4656250 0.0208333 0.0531250
1 0.5442708 0.4277344 0.0145833 0.0257812
5 0.6713542 0.6500000 0.0354167 0.0234375
1 0.3622396 0.3503906 0.0213542 0.0539063
0 0.5979167 0.3148437 0.0229167 0.0296875
4 0.5044271 0.4902344 0.0359375 0.0257812
6 0.4848958 0.7734375 0.0208333 0.0500000
10 0.6002604 0.3199219 0.0265625 0.0492187
9 0.6252604 0.4703125 0.0296875 0.0484375
6 0.5143229 0.8375000 0.0296875 0.0437500
10 0.2940104 0.7082031 0.0328125 0.0382813
10 0.5960937 0.8109375 0.0296875 0.0484375
