5 0.3638021 0.4691406 0.0171875 0.0351562
5 0.4765625 0.0718750 0.0208333 0.0343750
5 0.6320313 0.4640625 0.0161458 0.0265625
0 0.4549479 0.8039063 0.0161458 0.0312500
5 0.2476562 0.5062500 0.0265625 0.0265625
0 0.4174479 0.8503906 0.0151042 0.0445313
1 0.4020833 0.8378906 0.0291667 0.0164063
3 0.6338542 0.2949219 0.0177083 0.0414062
4 0.3635417 0.4792969 0.0197917 0.0382813
1 0.5093750 0.4003906 0.0250000 0.0210938
3 0.3304687 0.7050781 0.0140625 0.0179687
3 0.3773437 0.4425781 0.0130208 0.0367188
4 0.5447917 0.7375000 0.0166667 0.0187500
1 0.4528646 0.7695312 0.0296875 0.0203125
3 0.3924479 0.2730469 0.0119792 0.0304687
5 0.3950521 0.8863281 0.0182292 0.0445313
1 0.4794271 0.6781250 0.0171875 0.0375000
1 0.5966146 0.3789062 0.0328125 0.0234375
1 0.6502604 0.8320312 0.0255208 0.0218750
0 0.4158854 0.3664062 0.0276042 0.0203125
0 0.5789062 0.0812500 0.0255208 0.0234375
1 0.4338542 0.6359375 0.0145833 0.0312500
1 0.3302083 0.4042969 0.0208333 0.0273438
5 0.5567708 0.4089844 0.0197917 0.0320312
1 0.4380208 0.6773438 0.0229167 0.0203125
4 0.6018229 0.2664063 0.0317708 0.0250000
2 0.5380208 0.1882813 0.0218750 0.0234375
5 0.5429688 0.7050781 0.0244792 0.0304687
0 0.6958333 0.7429687 0.0218750 0.0312500
2 0.5127604 0.7566406 0.0182292 0.0320312
2 0.2692708 0.5386719 0.0218750 0.0210938
4 0.4010417 0.3425781 0.0156250 0.0335937
0 0.3557292 0.2648437 0.0187500 0.0359375
5 0.5244792 0.9117188 0.0156250 0.0312500
5 0.5679688 0.7214844 0.0203125 0.0320312
2 0.5635417 0.1332031 0.0187500 0.0382813
0 0.7263021 0.2863281 0.0296875 0.0210938
1 0.6739583 0.5914063 0.0145833 0.0250000
5 0.4234375 0.7761719 0.0281250 0.0179687
2 0.6263021 0.5375000 0.0317708 0.0250000
2 0.4401042 0.7644531 0.0125000 0.0351562
1 0.6028646 0.3800781 0.0286458 0.0226562
1 0.6635417 0.6050781 0.0125000 0.0226562
1 0.7539062 0.5777344 0.0234375 0.0414062
4 0.4898438 0.6953125 0.0255208 0.0171875
2 0.6044271 0.5417969 0.0223958 0.0195312
3 0.5885417 0.7238281 0.0208333 0.0242188
4 0.3994792 0.7167969 0.0156250 0.0367188
0 0.6786458 0.4687500 0.0312500 0.0218750
2 0.4531250 0.2988281 0.0302083 0.0242188
4 0.5255208 0.7292969 0.0177083 0.0148437
3 0.2578125 0.4554687 0.0218750 0.0218750
4 0.5812500 0.3019531 0.0125000 0.0429688
1 0.3744792 0.2292969 0.0166667 0.0414062
3 0.5072917 0.1968750 0.0135417 0.0218750
0 0.5770833 0.7515625 0.0302083 0.0234375
3 0.5833333 0.1695312 0.0177083 0.0281250
4 0.3390625 0.2800781 0.0156250 0.0210938
0 0.5330729 0.2902344 0.0213542 0.0414062
3 0.6348958 0.4074219 0.0270833 0.0320312
1 0.2864583 0.4031250 0.0312500 0.0234375
0 0.4341146 0.4121094 0.0307292 0.0195312
0 0.6062500 0.2894531 0.0312500 0.0226562
5 0.5820312 0.6613281 0.0151042 0.0304687
0 0.2742188 0.6277344 0.0276042 0.0210938
5 0.5945312 0.3941406 0.0255208 0.0273438
0 0.5648437 0.1093750 0.0161458 0.0421875
10 0.5421875 0.4511719 0.0187500 0.0304687
10 0.7221354 0.4519531 0.0276042 0.0304687
11 0.5164062 0.6125000 0.0203125 0.0296875
8 0.5768229 0.1750000 0.0265625 0.0390625
6 0.7164063 0.3667969 0.0255208 0.0257812
9 0.3557292 0.8144531 0.0197917 0.0445313
8 0.5013021 0.6156250 0.0276042 0.0328125
9 0.3283854 0.5648437 0.0244792 0.0265625
10 0.7520833 0.4027344 0.0291667 0.0304687
7 0.5101562 0.5039062 0.0255208 0.0328125
7 0.5395833 0.7191406 0.0270833 0.0273438
9 0.6421875 0.4750000 0.0218750 0.0375000
9 0.4671875 0.6652344 0.0166667 0.0382813
