0 0.4601562 0.3867188 0.1005208 0.0906250
1 0.5979167 0.6761719 0.0802083 0.0992187
5 0.6031250 0.4746094 0.0916667 0.0773438
4 0.5520833 0.6417969 0.0635417 0.1710937
3 0.5833333 0.6589844 0.0718750 0.1460937
0 0.5416667 0.5855469 0.1156250 0.0867187
1 0.4593750 0.2289063 0.0625000 0.0562500
5 0.5742188 0.3378906 0.0526042 0.1257813
8 0.4570312 0.7093750 0.0609375 0.1390625
11 0.5424479 0.6066406 0.0973958 0.1242188
10 0.6033854 0.5718750 0.0921875 0.1406250
11 0.4010417 0.9023438 0.1020833 0.1625000
9 0.5046875 0.6097656 0.0895833 0.1570313
8 0.6585937 0.2828125 0.1015625 0.0984375
9 0.5304688 0.6644531 0.0817708 0.0914062
8 0.8276042 0.5484375 0.0906250 0.1218750
10 0.6721354 0.4191406 0.0859375 0.1335938
