4 0.6299479 0.4097656 0.0796875 0.0757812
0 0.5934896 0.3503906 0.0744792 0.0679687
4 0.7023438 0.5839844 0.0723958 0.0539063
1 0.6458333 0.1894531 0.0750000 0.0539063
1 0.5273438 0.0218750 0.0411458 0.0437500
5 0.3783854 0.4496094 0.0661458 0.0929688
0 0.5679688 0.6000000 0.0609375 0.0671875
3 0.5648437 0.6746094 0.0401042 0.1335938
3 0.6335937 0.4390625 0.0807292 0.0671875
2 0.5166667 0.8949219 0.0562500 0.0960938
0 0.7950521 0.5214844 0.0734375 0.0648438
1 0.5127604 0.1457031 0.0578125 0.0664062
4 0.6458333 0.4324219 0.0677083 0.1023437
3 0.4015625 0.3636719 0.0843750 0.0632812
2 0.3559896 0.3828125 0.0473958 0.0640625
4 0.5981771 0.9117188 0.0734375 0.0781250
4 0.4828125 0.6324219 0.0645833 0.0664062
4 0.5489583 0.4656250 0.0489583 0.0609375
3 0.6945313 0.3074219 0.0786458 0.0585938
4 0.2109375 0.7121094 0.0552083 0.1085938
2 0.3843750 0.7179688 0.0447917 0.1187500
0 0.3213542 0.2804687 0.0718750 0.0859375
5 0.6643229 0.2964844 0.0786458 0.0617188
4 0.6955729 0.5984375 0.0776042 0.0593750
0 0.3231771 0.3355469 0.0640625 0.0898438
4 0.3156250 0.2207031 0.0729167 0.0867187
2 0.4434896 0.8781250 0.0755208 0.0500000
2 0.6916667 0.8984375 0.0791667 0.0593750
0 0.5080729 0.7855469 0.0401042 0.0554687
0 0.3523438 0.7132812 0.0817708 0.0593750
0 0.5018229 0.1722656 0.0421875 0.1070312
2 0.5046875 0.6851563 0.0552083 0.0640625
2 0.7252604 0.6535156 0.0401042 0.0742188
1 0.4507813 0.7117187 0.0317708 0.1125000
0 0.3830729 0.5097656 0.0411458 0.0726563
4 0.5335937 0.0320312 0.0536458 0.0640625
3 0.3666667 0.5011719 0.0864583 0.0570312
5 0.5859375 0.1347656 0.0458333 0.1117188
2 0.4031250 0.5964844 0.0770833 0.0570312
5 0.4239583 0.7660156 0.0479167 0.1070312
3 0.4406250 0.5742188 0.0614583 0.0453125
0 0.7242188 0.6195312 0.0713542 0.0796875
2 0.2880208 0.7816406 0.0447917 0.1085938
2 0.6484375 0.4335938 0.0437500 0.0734375
4 0.6989583 0.5128906 0.0687500 0.0757812
3 0.3294271 0.5496094 0.0515625 0.1132812
3 0.5549479 0.1722656 0.0390625 0.1101562
1 0.5502604 0.6183594 0.0744792 0.0539063
0 0.6661458 0.5089844 0.0552083 0.0695313
5 0.6395833 0.2621094 0.0708333 0.0835937
1 0.6973958 0.2890625 0.0635417 0.0484375
9 0.4135417 0.2222656 0.0760417 0.0914062
9 0.5005208 0.6550781 0.0583333 0.1226562
6 0.4281250 0.2265625 0.0708333 0.1187500
10 0.4658854 0.3410156 0.0536458 0.0679687
10 0.4492188 0.8046875 0.0578125 0.1000000
9 0.5744792 0.1804688 0.0729167 0.1187500
10 0.4861979 0.7269531 0.0494792 0.1148437
6 0.5622396 0.5902344 0.0661458 0.0664062
6 0.3328125 0.7410156 0.0458333 0.1054688
9 0.4020833 0.7390625 0.0520833 0.1093750
6 0.3747396 0.8164062 0.0765625 0.0765625
11 0.2153646 0.2718750 0.0598958 0.1062500
10 0.7119792 0.6761719 0.0468750 0.1085938
8 0.4817708 0.3453125 0.0645833 0.0656250
11 0.6093750 0.4902344 0.0552083 0.1101562
11 0.4843750 0.5914063 0.0500000 0.1140625
11 0.5640625 0.2175781 0.0781250 0.0851563
11 0.6427083 0.7500000 0.0500000 0.1140625
11 0.3244792 0.5785156 0.0729167 0.0835937
7 0.3776042 0.5882812 0.0562500 0.1125000
