4 0.5601563 0.6535156 0.0213542 0.0289063
0 0.5848958 0.4679687 0.0406250 0.0265625
2 0.6846354 0.5371094 0.0182292 0.0460938
2 0.5468750 0.7226562 0.0156250 0.0484375
4 0.4528646 0.7539062 0.0213542 0.0515625
3 0.5367188 0.8148437 0.0286458 0.0250000
1 0.4921875 0.4894531 0.0177083 0.0242188
5 0.5020833 0.3824219 0.0260417 0.0445313
0 0.5955729 0.2847656 0.0265625 0.0226562
5 0.3434896 0.3234375 0.0171875 0.0453125
1 0.5880208 0.8925781 0.0208333 0.0445313
1 0.5041667 0.4085937 0.0197917 0.0312500
3 0.7791667 0.7441406 0.0375000 0.0382813
2 0.5705729 0.6820312 0.0234375 0.0281250
1 0.6343750 0.4703125 0.0312500 0.0406250
4 0.7479167 0.7390625 0.0166667 0.0531250
3 0.5330729 0.2015625 0.0265625 0.0531250
0 0.5140625 0.8281250 0.0312500 0.0421875
1 0.5520833 0.3753906 0.0385417 0.0289063
3 0.5640625 0.4714844 0.0156250 0.0335937
1 0.6583333 0.7242188 0.0354167 0.0359375
5 0.6992188 0.7953125 0.0255208 0.0343750
2 0.7781250 0.3933594 0.0354167 0.0320312
0 0.6554688 0.2617188 0.0203125 0.0390625
4 0.4190104 0.1421875 0.0192708 0.0578125
0 0.6218750 0.3554688 0.0395833 0.0328125
3 0.5481771 0.6175781 0.0213542 0.0570312
5 0.5710937 0.8320312 0.0192708 0.0578125
4 0.6283854 0.4597656 0.0390625 0.0335937
2 0.6710938 0.2687500 0.0359375 0.0250000
4 0.3921875 0.5210938 0.0375000 0.0468750
1 0.1778646 0.4941406 0.0348958 0.0257812
10 0.3229167 0.4996094 0.0354167 0.0367188
