2 0.7093750 0.3167969 0.0229167 0.0179687
1 0.4070313 0.3093750 0.0223958 0.0140625
4 0.4304688 0.5914063 0.0213542 0.0156250
3 0.4619792 0.7375000 0.0156250 0.0281250
2 0.7075521 0.4445312 0.0234375 0.0156250
3 0.3046875 0.7097656 0.0250000 0.0179687
1 0.5377604 0.4843750 0.0213542 0.0187500
2 0.5497396 0.5003906 0.0192708 0.0320312
2 0.5270833 0.6785156 0.0197917 0.0226562
4 0.3411458 0.2667969 0.0218750 0.0148437
0 0.6859375 0.5675781 0.0197917 0.0273438
0 0.6604167 0.4207031 0.0260417 0.0179687
1 0.7059896 0.4640625 0.0171875 0.0281250
5 0.4000000 0.4019531 0.0125000 0.0304687
0 0.3869792 0.3050781 0.0239583 0.0179687
4 0.4580729 0.5875000 0.0119792 0.0343750
3 0.5541667 0.4972656 0.0229167 0.0179687
5 0.5437500 0.2632813 0.0135417 0.0359375
0 0.6169271 0.6105469 0.0161458 0.0257812
5 0.6528646 0.5992188 0.0223958 0.0171875
1 0.6354167 0.5816406 0.0125000 0.0148437
3 0.6054688 0.4343750 0.0223958 0.0156250
1 0.2950521 0.7531250 0.0223958 0.0156250
2 0.5036458 0.7769531 0.0104167 0.0242188
5 0.4645833 0.2992187 0.0187500 0.0187500
1 0.6718750 0.3585937 0.0250000 0.0187500
1 0.6200521 0.5652344 0.0203125 0.0195312
2 0.4979167 0.4000000 0.0166667 0.0156250
4 0.2763021 0.3351562 0.0098958 0.0343750
7 0.3856771 0.5957031 0.0161458 0.0320312
11 0.2333333 0.6601562 0.0239583 0.0234375
7 0.3664062 0.2097656 0.0213542 0.0226562
6 0.5526042 0.3656250 0.0135417 0.0312500
11 0.4614583 0.3593750 0.0145833 0.0281250
10 0.4919271 0.3550781 0.0234375 0.0320312
6 0.2197917 0.6089844 0.0229167 0.0226562
