5 0.5888021 0.6195312 0.0244792 0.0171875
0 0.2057292 0.3847656 0.0145833 0.0351562
2 0.6872396 0.4207031 0.0234375 0.0148437
4 0.3963542 0.3480469 0.0218750 0.0164063
2 0.2817708 0.6093750 0.0125000 0.0312500
4 0.7049479 0.4910156 0.0140625 0.0242188
2 0.6942708 0.4968750 0.0197917 0.0296875
2 0.5627604 0.4042969 0.0140625 0.0179687
4 0.6630208 0.9738281 0.0218750 0.0195312
2 0.3781250 0.5007812 0.0239583 0.0187500
2 0.7742187 0.5949219 0.0192708 0.0226562
1 0.3244792 0.5601563 0.0125000 0.0281250
4 0.7682292 0.4957031 0.0218750 0.0210938
4 0.5283854 0.5132813 0.0213542 0.0156250
4 0.6973958 0.5042969 0.0166667 0.0195312
3 0.5671875 0.6363281 0.0197917 0.0242188
4 0.4125000 0.6558594 0.0197917 0.0242188
3 0.3281250 0.6917969 0.0114583 0.0226562
3 0.6351562 0.5437500 0.0223958 0.0187500
0 0.7026042 0.4066406 0.0250000 0.0179687
1 0.5513021 0.6410156 0.0234375 0.0210938
2 0.2963542 0.3511719 0.0239583 0.0179687
0 0.6434896 0.5714844 0.0161458 0.0242188
2 0.5187500 0.4718750 0.0114583 0.0296875
1 0.6119792 0.5453125 0.0197917 0.0203125
0 0.6385417 0.5933594 0.0187500 0.0242188
3 0.6296875 0.4937500 0.0145833 0.0343750
5 0.4804688 0.5468750 0.0223958 0.0171875
7 0.6598958 0.5167969 0.0218750 0.0257812
8 0.4294271 0.2421875 0.0161458 0.0218750
6 0.5585938 0.6300781 0.0171875 0.0242188
6 0.5283854 0.6144531 0.0244792 0.0242188
9 0.5359375 0.6539063 0.0187500 0.0250000
9 0.3651042 0.4976563 0.0218750 0.0218750
11 0.3023438 0.4125000 0.0192708 0.0234375
10 0.6078125 0.8308594 0.0229167 0.0304687
10 0.3473958 0.4753906 0.0208333 0.0195312
8 0.6533854 0.7132812 0.0151042 0.0343750
10 0.4929688 0.5593750 0.0213542 0.0312500
9 0.2856771 0.3285156 0.0203125 0.0210938
8 0.5145833 0.4046875 0.0218750 0.0218750
7 0.6643229 0.2796875 0.0213542 0.0234375
6 0.4580729 0.2476562 0.0203125 0.0234375
10 0.5166667 0.6089844 0.0218750 0.0367188
7 0.5757813 0.7136719 0.0151042 0.0257812
