0 0.4341146 0.5125000 0.0161458 0.0250000
5 0.6158854 0.6875000 0.0182292 0.0265625
0 0.4638021 0.4199219 0.0223958 0.0257812
1 0.4747396 0.3003906 0.0140625 0.0414062
3 0.6338542 0.8464844 0.0291667 0.0226562
5 0.5497396 0.5542969 0.0140625 0.0335937
1 0.5218750 0.6574219 0.0229167 0.0320312
4 0.7140625 0.2074219 0.0156250 0.0414062
4 0.4075521 0.1765625 0.0286458 0.0203125
5 0.5971354 0.7621094 0.0182292 0.0210938
0 0.6106771 0.6078125 0.0276042 0.0203125
3 0.3473958 0.2878906 0.0156250 0.0429688
5 0.5093750 0.5558594 0.0239583 0.0242188
0 0.3132813 0.6390625 0.0213542 0.0312500
4 0.5515625 0.5703125 0.0114583 0.0234375
2 0.4335938 0.6097656 0.0140625 0.0289063
1 0.3557292 0.3554688 0.0250000 0.0281250
4 0.3966146 0.7804688 0.0286458 0.0203125
3 0.3851562 0.6656250 0.0286458 0.0187500
4 0.4606771 0.4363281 0.0213542 0.0179687
3 0.5367188 0.3578125 0.0255208 0.0187500
4 0.4234375 0.1238281 0.0270833 0.0179687
4 0.5247396 0.4683594 0.0286458 0.0226562
3 0.5911458 0.5156250 0.0177083 0.0296875
3 0.4572917 0.5464844 0.0218750 0.0195312
4 0.5684896 0.3464844 0.0130208 0.0351562
4 0.5791667 0.7816406 0.0208333 0.0382813
5 0.6718750 0.4097656 0.0229167 0.0351562
3 0.4315104 0.5136719 0.0265625 0.0242188
0 0.5109375 0.4261719 0.0135417 0.0273438
0 0.6807292 0.4738281 0.0260417 0.0179687
5 0.6208333 0.5558594 0.0239583 0.0320312
2 0.4986979 0.4355469 0.0161458 0.0304687
2 0.6947917 0.3707031 0.0197917 0.0257812
3 0.2718750 0.2164062 0.0291667 0.0265625
1 0.3033854 0.7382812 0.0286458 0.0203125
1 0.4968750 0.5132813 0.0135417 0.0234375
0 0.5966146 0.3121094 0.0223958 0.0289063
3 0.6432292 0.5281250 0.0156250 0.0234375
3 0.6789063 0.1546875 0.0286458 0.0218750
1 0.5044271 0.7375000 0.0265625 0.0171875
5 0.6833333 0.5000000 0.0281250 0.0234375
5 0.5065104 0.3886719 0.0171875 0.0273438
2 0.4583333 0.7503906 0.0166667 0.0429688
3 0.5109375 0.3703125 0.0250000 0.0187500
1 0.4447917 0.1644531 0.0270833 0.0289063
3 0.6427083 0.6679688 0.0135417 0.0437500
1 0.6026042 0.6195312 0.0260417 0.0203125
3 0.2895833 0.7386719 0.0208333 0.0273438
3 0.2648437 0.5441406 0.0276042 0.0320312
0 0.5463542 0.3355469 0.0156250 0.0429688
1 0.2851562 0.4644531 0.0140625 0.0351562
2 0.4518229 0.6046875 0.0255208 0.0187500
2 0.3744792 0.4828125 0.0208333 0.0218750
3 0.2695312 0.6703125 0.0296875 0.0187500
5 0.6968750 0.4980469 0.0291667 0.0195312
3 0.5651042 0.3710938 0.0270833 0.0218750
3 0.5046875 0.7890625 0.0187500 0.0390625
2 0.6291667 0.4910156 0.0260417 0.0210938
5 0.7067708 0.3441406 0.0260417 0.0210938
2 0.4312500 0.5410156 0.0135417 0.0273438
1 0.3596354 0.7003906 0.0234375 0.0398437
1 0.6591146 0.8269531 0.0255208 0.0289063
3 0.5911458 0.6257812 0.0177083 0.0312500
8 0.6705729 0.7828125 0.0276042 0.0312500
9 0.6466146 0.3566406 0.0255208 0.0304687
9 0.6393229 0.6886719 0.0255208 0.0257812
6 0.5195312 0.2765625 0.0255208 0.0343750
9 0.4429688 0.4226563 0.0265625 0.0265625
8 0.4151042 0.2046875 0.0229167 0.0343750
9 0.5458333 0.8019531 0.0260417 0.0257812
7 0.3096354 0.5562500 0.0276042 0.0265625
11 0.7335938 0.7882813 0.0244792 0.0375000
6 0.3463542 0.3839844 0.0250000 0.0257812
11 0.6033854 0.3617187 0.0244792 0.0343750
11 0.4890625 0.5863281 0.0270833 0.0289063
8 0.6114583 0.3628906 0.0270833 0.0351562
10 0.4630208 0.7187500 0.0250000 0.0312500
8 0.5760417 0.1863281 0.0239583 0.0304687
8 0.4984375 0.3800781 0.0218750 0.0273438
6 0.5122396 0.5417969 0.0171875 0.0320312
7 0.5710937 0.8753906 0.0244792 0.0242188
10 0.5541667 0.2812500 0.0250000 0.0359375
11 0.5382813 0.4703125 0.0255208 0.0250000
