2 0.6630208 0.7125000 0.0302083 0.0234375
3 0.5625000 0.4171875 0.0250000 0.0359375
5 0.5346354 0.2480469 0.0171875 0.0226562
5 0.6226563 0.5351562 0.0328125 0.0296875
1 0.2791667 0.6753906 0.0322917 0.0257812
5 0.6468750 0.3289063 0.0343750 0.0218750
3 0.7218750 0.2839844 0.0291667 0.0320312
0 0.7361979 0.5406250 0.0317708 0.0296875
1 0.6932292 0.2222656 0.0291667 0.0304687
5 0.6653646 0.6839844 0.0151042 0.0289063
1 0.3273437 0.6593750 0.0171875 0.0468750
5 0.6848958 0.3968750 0.0291667 0.0218750
3 0.3877604 0.5000000 0.0151042 0.0500000
4 0.3736979 0.1187500 0.0307292 0.0250000
2 0.6138021 0.3023438 0.0151042 0.0234375
2 0.3869792 0.7179688 0.0322917 0.0234375
3 0.4864583 0.7972656 0.0145833 0.0476562
1 0.4911458 0.3847656 0.0208333 0.0257812
3 0.3609375 0.4402344 0.0177083 0.0226562
4 0.5856771 0.4105469 0.0286458 0.0210938
0 0.4815104 0.3949219 0.0296875 0.0210938
2 0.3838542 0.3609375 0.0187500 0.0390625
5 0.4713542 0.5875000 0.0312500 0.0265625
4 0.7859375 0.5867187 0.0302083 0.0250000
4 0.4750000 0.6117187 0.0166667 0.0406250
3 0.4841146 0.7312500 0.0328125 0.0281250
3 0.5299479 0.1511719 0.0192708 0.0460938
3 0.4164062 0.3484375 0.0348958 0.0281250
4 0.7075521 0.4117188 0.0286458 0.0343750
4 0.4872396 0.1671875 0.0182292 0.0296875
2 0.7901042 0.4566406 0.0312500 0.0351562
11 0.3263021 0.5007812 0.0203125 0.0453125
7 0.6869792 0.2285156 0.0187500 0.0429688
7 0.7049479 0.3820312 0.0244792 0.0281250
9 0.6000000 0.3183594 0.0187500 0.0429688
7 0.6132812 0.5441406 0.0296875 0.0398437
7 0.5796875 0.8753906 0.0312500 0.0320312
11 0.6179687 0.5339844 0.0265625 0.0335937
11 0.4882812 0.8367187 0.0286458 0.0421875
8 0.6937500 0.6472656 0.0302083 0.0320312
11 0.5455729 0.7121094 0.0203125 0.0476562
6 0.4083333 0.2800781 0.0218750 0.0476562
6 0.5882812 0.7414063 0.0276042 0.0437500
