1 0.4950521 0.5464844 0.0182292 0.0304687
3 0.3890625 0.6351562 0.0229167 0.0375000
1 0.5213542 0.5738281 0.0333333 0.0195312
2 0.4968750 0.4390625 0.0291667 0.0265625
0 0.4291667 0.2480469 0.0197917 0.0445313
1 0.5848958 0.3394531 0.0333333 0.0335937
2 0.6005208 0.3636719 0.0270833 0.0304687
1 0.4635417 0.1562500 0.0250000 0.0515625
2 0.6416667 0.5382813 0.0270833 0.0328125
3 0.7132812 0.5437500 0.0348958 0.0312500
3 0.5812500 0.2464844 0.0364583 0.0226562
1 0.5812500 0.1390625 0.0208333 0.0265625
2 0.5757813 0.4742188 0.0234375 0.0234375
0 0.4526042 0.2531250 0.0208333 0.0562500
5 0.5208333 0.6734375 0.0291667 0.0281250
0 0.7257813 0.3351562 0.0359375 0.0265625
4 0.5283854 0.6292969 0.0244792 0.0367188
1 0.5203125 0.7425781 0.0239583 0.0398437
3 0.4729167 0.5382813 0.0166667 0.0328125
0 0.7289062 0.5164062 0.0151042 0.0296875
0 0.2713542 0.4480469 0.0229167 0.0554687
5 0.4908854 0.8687500 0.0328125 0.0312500
3 0.5765625 0.2992187 0.0322917 0.0265625
5 0.6721354 0.6058594 0.0213542 0.0445313
4 0.3395833 0.3648438 0.0354167 0.0234375
2 0.7101563 0.8332031 0.0255208 0.0273438
3 0.4020833 0.7097656 0.0239583 0.0476562
4 0.5281250 0.5941406 0.0177083 0.0539063
5 0.5864583 0.5425781 0.0218750 0.0273438
0 0.4963542 0.4257812 0.0375000 0.0312500
0 0.7184896 0.4656250 0.0348958 0.0359375
2 0.4622396 0.3742187 0.0276042 0.0250000
0 0.4906250 0.1843750 0.0354167 0.0265625
0 0.6442708 0.6007813 0.0343750 0.0296875
2 0.6369792 0.4257812 0.0239583 0.0359375
1 0.4414062 0.2765625 0.0296875 0.0281250
0 0.7151042 0.5035156 0.0145833 0.0242188
5 0.3408854 0.6449219 0.0223958 0.0351562
2 0.5825521 0.2625000 0.0359375 0.0375000
3 0.4947917 0.1316406 0.0250000 0.0570312
2 0.3593750 0.4089844 0.0229167 0.0320312
4 0.4197917 0.2644531 0.0229167 0.0304687
1 0.2677083 0.6128906 0.0322917 0.0242188
4 0.4546875 0.2039063 0.0281250 0.0390625
2 0.6033854 0.7394531 0.0380208 0.0304687
1 0.3695312 0.5742188 0.0328125 0.0265625
2 0.5054688 0.2121094 0.0213542 0.0242188
5 0.5135417 0.1660156 0.0187500 0.0273438
1 0.5343750 0.4851563 0.0177083 0.0312500
5 0.5559896 0.6585937 0.0255208 0.0406250
5 0.4291667 0.8269531 0.0312500 0.0414062
2 0.5609375 0.3835938 0.0395833 0.0312500
3 0.6562500 0.1617187 0.0375000 0.0265625
4 0.5958333 0.6074219 0.0239583 0.0195312
3 0.6721354 0.4667969 0.0348958 0.0210938
3 0.6088542 0.6718750 0.0333333 0.0296875
7 0.6166667 0.4296875 0.0281250 0.0343750
10 0.3924479 0.2242187 0.0255208 0.0328125
10 0.3447917 0.1652344 0.0322917 0.0320312
