0 0.5479167 0.4453125 0.0291667 0.0703125
4 0.5973958 0.8203125 0.0437500 0.0609375
2 0.4333333 0.7039062 0.0375000 0.0546875
0 0.6104167 0.6660156 0.0500000 0.0445313
2 0.4460938 0.8812500 0.0494792 0.0421875
3 0.6614583 0.7062500 0.0312500 0.0437500
3 0.5031250 0.4703125 0.0395833 0.0421875
4 0.6880208 0.3535156 0.0427083 0.0476562
5 0.3385417 0.3312500 0.0468750 0.0421875
4 0.6132812 0.5574219 0.0348958 0.0570312
3 0.7125000 0.6183594 0.0510417 0.0476562
0 0.5182292 0.4277344 0.0479167 0.0320312
1 0.5505208 0.4757812 0.0489583 0.0359375
2 0.6208333 0.5113281 0.0354167 0.0523438
0 0.4789062 0.6996094 0.0338542 0.0789062
0 0.4130208 0.2457031 0.0510417 0.0539063
0 0.4382813 0.7261719 0.0515625 0.0335937
5 0.5460938 0.3085938 0.0286458 0.0406250
5 0.3919271 0.2777344 0.0255208 0.0679687
2 0.2968750 0.7203125 0.0343750 0.0734375
0 0.5104167 0.0238281 0.0333333 0.0476562
4 0.6593750 0.4453125 0.0375000 0.0421875
1 0.4234375 0.0492187 0.0322917 0.0656250
1 0.6393229 0.6570312 0.0473958 0.0468750
1 0.2078125 0.5464844 0.0468750 0.0476562
3 0.5359375 0.4355469 0.0250000 0.0757812
1 0.5619792 0.5277344 0.0302083 0.0460938
2 0.5877604 0.6972656 0.0473958 0.0554687
3 0.6031250 0.2406250 0.0281250 0.0765625
3 0.1541667 0.4574219 0.0354167 0.0617188
4 0.5674479 0.6914062 0.0411458 0.0359375
5 0.4388021 0.4761719 0.0328125 0.0570312
5 0.5096354 0.6277344 0.0359375 0.0398437
5 0.5921875 0.4097656 0.0197917 0.0414062
0 0.3927083 0.6226563 0.0479167 0.0343750
3 0.6236979 0.1890625 0.0234375 0.0406250
8 0.4960938 0.3777344 0.0307292 0.0601563
8 0.4859375 0.4617188 0.0458333 0.0453125
8 0.5781250 0.6246094 0.0500000 0.0492187
7 0.3919271 0.8589844 0.0494792 0.0476562
8 0.3820312 0.3324219 0.0380208 0.0492187
7 0.6445312 0.2582031 0.0442708 0.0539063
8 0.5765625 0.4449219 0.0312500 0.0710937
