5 0.6182292 0.5781250 0.0500000 0.0656250
4 0.7007813 0.5589844 0.0755208 0.0804688
5 0.5458333 0.0933594 0.0781250 0.0570312
2 0.3257813 0.5390625 0.0588542 0.0875000
4 0.6075521 0.6757812 0.0713542 0.0515625
3 0.5005208 0.1000000 0.0718750 0.0515625
0 0.5375000 0.1324219 0.0416667 0.1054688
2 0.6690104 0.2460938 0.0817708 0.0593750
2 0.7289062 0.3585937 0.0807292 0.0484375
3 0.5476562 0.8066406 0.0609375 0.0742188
0 0.3851562 0.3015625 0.0619792 0.0687500
4 0.5307292 0.7804688 0.0572917 0.0531250
4 0.5601563 0.8769531 0.0703125 0.0820312
1 0.6455729 0.3554688 0.0765625 0.0625000
4 0.6140625 0.7113281 0.0802083 0.0695313
2 0.6164063 0.7054687 0.0755208 0.0546875
4 0.6523438 0.5648437 0.0536458 0.0640625
0 0.5864583 0.2378906 0.0322917 0.0867187
3 0.3898437 0.5339844 0.0484375 0.0523438
5 0.6122396 0.5582031 0.0588542 0.0804688
1 0.5302083 0.3500000 0.0656250 0.1015625
5 0.3445313 0.3972656 0.0744792 0.0585938
0 0.2479167 0.5683594 0.0510417 0.0695313
5 0.5481771 0.6316406 0.0515625 0.0664062
4 0.4643229 0.4890625 0.0682292 0.0468750
1 0.6148438 0.8261719 0.0453125 0.0898438
1 0.7317708 0.4093750 0.0739583 0.0703125
5 0.6083333 0.4949219 0.0458333 0.0664062
2 0.5567708 0.3546875 0.0354167 0.0921875
0 0.5765625 0.3035156 0.0687500 0.0648438
3 0.4820313 0.1976563 0.0661458 0.0859375
0 0.5106771 0.3304687 0.0494792 0.0953125
5 0.1851562 0.5109375 0.0765625 0.0812500
2 0.3213542 0.7140625 0.0447917 0.0890625
3 0.4971354 0.5390625 0.0703125 0.0812500
4 0.6572917 0.5386719 0.0802083 0.0492187
2 0.7736979 0.5882812 0.0463542 0.1031250
4 0.6052083 0.3234375 0.0687500 0.0437500
5 0.6609375 0.7023438 0.0479167 0.0750000
0 0.6388021 0.3671875 0.0682292 0.0718750
2 0.6645833 0.3437500 0.0354167 0.1031250
1 0.4044271 0.4535156 0.0807292 0.0554687
0 0.4283854 0.3210938 0.0286458 0.0546875
0 0.4223958 0.7156250 0.0531250 0.0781250
4 0.6416667 0.3882813 0.0562500 0.0515625
4 0.5432292 0.9660156 0.0375000 0.0664062
1 0.3625000 0.6796875 0.0343750 0.1078125
1 0.6106771 0.2046875 0.0661458 0.0656250
5 0.6348958 0.7000000 0.0333333 0.1156250
2 0.3703125 0.3898437 0.0520833 0.1046875
3 0.6143229 0.2699219 0.0515625 0.0570312
9 0.7692708 0.4339844 0.0677083 0.0835937
10 0.4750000 0.2316406 0.0468750 0.0757812
11 0.5802083 0.7226562 0.0604167 0.0843750
10 0.3513021 0.2566406 0.0723958 0.0898438
6 0.5924479 0.0410156 0.0734375 0.0820312
10 0.4208333 0.4500000 0.0656250 0.0640625
10 0.3682292 0.6269531 0.0729167 0.0757812
8 0.3052083 0.3214844 0.0697917 0.0804688
11 0.7757812 0.4808594 0.0703125 0.1007813
11 0.5614583 0.5007812 0.0687500 0.0703125
6 0.3299479 0.7652344 0.0588542 0.0835937
11 0.3976562 0.4902344 0.0505208 0.0757812
