1 0.5791667 0.7597656 0.0729167 0.1289062
5 0.7346354 0.5296875 0.1317708 0.0937500
3 0.4960938 0.3273437 0.0786458 0.1562500
1 0.6140625 0.3996094 0.0947917 0.1507813
0 0.4330729 0.8257813 0.0828125 0.1656250
5 0.6486979 0.5425781 0.1182292 0.0882813
4 0.3664062 0.3460937 0.0526042 0.1625000
4 0.3286458 0.5414062 0.1156250 0.0875000
0 0.3223958 0.6347656 0.0770833 0.1054688
1 0.7630208 0.6750000 0.1270833 0.1218750
8 0.5151042 0.7953125 0.1104167 0.1093750
8 0.6976562 0.6191406 0.1234375 0.1179687
7 0.7039062 0.2082031 0.1119792 0.1085938
9 0.6018229 0.7746094 0.0765625 0.1664063
7 0.5674479 0.9351563 0.1098958 0.1281250
6 0.4705729 0.7191406 0.1182292 0.1226562
