0 0.2921875 0.6265625 0.0604167 0.0781250
1 0.5200521 0.4023438 0.0557292 0.0812500
1 0.3817708 0.5929688 0.0781250 0.0468750
1 0.4692708 0.2316406 0.0375000 0.1085938
4 0.3179688 0.6015625 0.0390625 0.0828125
4 0.2830729 0.3414063 0.0703125 0.0562500
2 0.3622396 0.4878906 0.0526042 0.0664062
5 0.6252604 0.4523437 0.0484375 0.1078125
3 0.6471354 0.2726562 0.0692708 0.0484375
5 0.5924479 0.1605469 0.0328125 0.0992187
0 0.6299479 0.2074219 0.0651042 0.0726563
5 0.4375000 0.0218750 0.0468750 0.0437500
4 0.5307292 0.8273438 0.0447917 0.0750000
5 0.5028646 0.6539063 0.0505208 0.0921875
2 0.3010417 0.2105469 0.0666667 0.0679687
2 0.3354167 0.6097656 0.0760417 0.0679687
1 0.2536458 0.7652344 0.0531250 0.0585938
4 0.4026042 0.6660156 0.0375000 0.0617188
2 0.4679687 0.2015625 0.0515625 0.0859375
4 0.7617188 0.8703125 0.0619792 0.0421875
0 0.7057292 0.6078125 0.0760417 0.0500000
2 0.7348958 0.6167969 0.0333333 0.0992187
5 0.6299479 0.4390625 0.0296875 0.0546875
1 0.6885417 0.5867187 0.0739583 0.0515625
0 0.5447917 0.5285156 0.0760417 0.0523438
5 0.4638021 0.5226563 0.0640625 0.0703125
1 0.3067708 0.3648438 0.0802083 0.0546875
0 0.4419271 0.5347656 0.0359375 0.1085938
5 0.6338542 0.3691406 0.0406250 0.1070312
5 0.4791667 0.5687500 0.0500000 0.0515625
4 0.7033854 0.3875000 0.0651042 0.0546875
0 0.6661458 0.4785156 0.0770833 0.0507812
3 0.5486979 0.2449219 0.0473958 0.0882813
1 0.3872396 0.2074219 0.0369792 0.1070312
4 0.6109375 0.8136719 0.0572917 0.0710937
0 0.5890625 0.4613281 0.0687500 0.0492187
3 0.7567708 0.8171875 0.0697917 0.0515625
0 0.7197917 0.3472656 0.0708333 0.0476562
2 0.5151042 0.8144531 0.0479167 0.1007813
1 0.5406250 0.8726563 0.0708333 0.0484375
3 0.5552083 0.3304687 0.0520833 0.1156250
1 0.4679687 0.6746094 0.0442708 0.0929688
4 0.5328125 0.3703125 0.0354167 0.0593750
1 0.6078125 0.7042969 0.0375000 0.0851563
5 0.5804687 0.0238281 0.0411458 0.0476562
1 0.5333333 0.5996094 0.0406250 0.0960938
4 0.7380208 0.4230469 0.0791667 0.0539063
5 0.5291667 0.6558594 0.0468750 0.0742188
1 0.4927083 0.5253906 0.0489583 0.0601563
0 0.1934896 0.4125000 0.0640625 0.0703125
4 0.6606771 0.4644531 0.0755208 0.0695313
5 0.3835938 0.7359375 0.0640625 0.0484375
5 0.5263021 0.6945313 0.0390625 0.0937500
1 0.7367187 0.3093750 0.0744792 0.0531250
4 0.5270833 0.6464844 0.0572917 0.0804688
0 0.4111979 0.1921875 0.0713542 0.0484375
2 0.5234375 0.1464844 0.0447917 0.1085938
5 0.3476562 0.2121094 0.0338542 0.1023437
5 0.7070312 0.3570313 0.0692708 0.0843750
1 0.3205729 0.3808594 0.0598958 0.0523438
3 0.3140625 0.6753906 0.0520833 0.0789062
5 0.4104167 0.3539062 0.0770833 0.0578125
5 0.6315104 0.2957031 0.0463542 0.0851563
0 0.4528646 0.5503906 0.0588542 0.0773438
1 0.7187500 0.2386719 0.0447917 0.1023437
5 0.6466146 0.2667969 0.0380208 0.1085938
0 0.4322917 0.0976562 0.0708333 0.0500000
1 0.5643229 0.5863281 0.0338542 0.0835937
2 0.3911458 0.7117187 0.0552083 0.0609375
5 0.7416667 0.4898438 0.0333333 0.0812500
1 0.4210937 0.5574219 0.0713542 0.0585938
3 0.4942708 0.0691406 0.0531250 0.0757812
2 0.2864583 0.8035156 0.0510417 0.0585938
5 0.4096354 0.6957031 0.0307292 0.0945312
4 0.3250000 0.2347656 0.0437500 0.1101562
2 0.7223958 0.2730469 0.0385417 0.1054688
2 0.7260417 0.5593750 0.0375000 0.0687500
1 0.6359375 0.2777344 0.0489583 0.1023437
9 0.3093750 0.3371094 0.0697917 0.0726563
6 0.5598958 0.8703125 0.0593750 0.1015625
9 0.4843750 0.5125000 0.0479167 0.0718750
6 0.7231771 0.3683594 0.0640625 0.0820312
9 0.7135417 0.6273437 0.0760417 0.0937500
6 0.4106771 0.5023437 0.0713542 0.0796875
7 0.5953125 0.2984375 0.0635417 0.0671875
10 0.3692708 0.4683594 0.0635417 0.0664062
8 0.4726562 0.5105469 0.0505208 0.0679687
10 0.5395833 0.4289062 0.0541667 0.0640625
10 0.6536458 0.4394531 0.0614583 0.0914062
7 0.5945312 0.7304688 0.0671875 0.0718750
8 0.6523438 0.4398437 0.0453125 0.0921875
10 0.3955729 0.5769531 0.0692708 0.0773438
9 0.2817708 0.2585938 0.0708333 0.0953125
7 0.3604167 0.3617187 0.0635417 0.0718750
11 0.4914062 0.2242187 0.0578125 0.0968750
