1 0.5072917 0.7335938 0.0197917 0.0281250
3 0.6614583 0.7144531 0.0229167 0.0210938
0 0.6880208 0.3406250 0.0260417 0.0218750
4 0.3973958 0.6769531 0.0177083 0.0179687
4 0.4789062 0.8695312 0.0140625 0.0218750
1 0.5018229 0.1300781 0.0234375 0.0226562
5 0.6223958 0.3796875 0.0166667 0.0343750
2 0.4242187 0.8675781 0.0244792 0.0195312
3 0.5130208 0.5773438 0.0218750 0.0187500
0 0.6359375 0.6804687 0.0187500 0.0171875
2 0.3617187 0.6578125 0.0234375 0.0171875
0 0.2908854 0.5574219 0.0234375 0.0179687
2 0.4346354 0.2941406 0.0223958 0.0210938
3 0.4000000 0.7843750 0.0135417 0.0296875
0 0.3111979 0.6117187 0.0223958 0.0234375
3 0.5158854 0.6527344 0.0213542 0.0289063
3 0.4432292 0.6539063 0.0145833 0.0359375
1 0.6335937 0.3855469 0.0192708 0.0320312
1 0.5247396 0.6632813 0.0130208 0.0171875
0 0.3468750 0.3937500 0.0135417 0.0328125
2 0.5244792 0.5050781 0.0250000 0.0179687
1 0.6158854 0.2757812 0.0203125 0.0234375
5 0.6770833 0.5453125 0.0135417 0.0281250
1 0.4726562 0.6796875 0.0213542 0.0218750
3 0.6476563 0.6175781 0.0203125 0.0164063
4 0.6388021 0.5972656 0.0234375 0.0242188
4 0.4466146 0.1531250 0.0151042 0.0187500
3 0.2171875 0.5578125 0.0208333 0.0250000
5 0.5273438 0.2894531 0.0109375 0.0351562
4 0.2914062 0.5179687 0.0192708 0.0265625
5 0.6216146 0.5476562 0.0161458 0.0281250
1 0.3460937 0.2531250 0.0234375 0.0187500
0 0.5106771 0.3968750 0.0244792 0.0218750
2 0.5835938 0.4843750 0.0276042 0.0218750
4 0.2968750 0.4183594 0.0156250 0.0226562
5 0.5359375 0.4253906 0.0239583 0.0179687
0 0.7367187 0.3546875 0.0276042 0.0187500
3 0.4223958 0.7410156 0.0218750 0.0273438
1 0.7164063 0.8105469 0.0244792 0.0179687
3 0.6979167 0.8042969 0.0145833 0.0382813
2 0.4192708 0.4570312 0.0218750 0.0265625
1 0.3484375 0.7398438 0.0250000 0.0171875
3 0.3570313 0.7367187 0.0223958 0.0187500
5 0.5986979 0.4406250 0.0182292 0.0265625
4 0.4575521 0.4656250 0.0151042 0.0250000
1 0.4398437 0.4554687 0.0119792 0.0359375
3 0.3221354 0.7042969 0.0234375 0.0257812
5 0.6473958 0.3492188 0.0197917 0.0218750
5 0.4640625 0.4707031 0.0187500 0.0304687
4 0.4692708 0.4207031 0.0197917 0.0179687
5 0.3059896 0.3097656 0.0182292 0.0351562
2 0.4000000 0.6910156 0.0229167 0.0226562
5 0.6408854 0.7128906 0.0119792 0.0398437
10 0.3932292 0.7519531 0.0218750 0.0335937
7 0.6721354 0.6371094 0.0213542 0.0210938
6 0.4020833 0.5363281 0.0239583 0.0226562
7 0.5492187 0.3199219 0.0171875 0.0367188
10 0.5546875 0.3710938 0.0239583 0.0218750
11 0.6997396 0.1460937 0.0244792 0.0250000
8 0.6143229 0.4023438 0.0244792 0.0250000
11 0.3390625 0.5726562 0.0229167 0.0265625
10 0.3625000 0.1488281 0.0218750 0.0320312
10 0.5302083 0.4816406 0.0208333 0.0257812
9 0.6703125 0.3710938 0.0229167 0.0234375
10 0.6708333 0.6597656 0.0229167 0.0226562
