4 0.5388021 0.7363281 0.0307292 0.0382813
2 0.5627604 0.8843750 0.0171875 0.0546875
4 0.3638021 0.4648438 0.0317708 0.0171875
0 0.5661458 0.4929688 0.0322917 0.0296875
0 0.4140625 0.6585937 0.0333333 0.0250000
3 0.4471354 0.9273438 0.0286458 0.0515625
5 0.5481771 0.4066406 0.0171875 0.0242188
5 0.4539063 0.1000000 0.0286458 0.0468750
0 0.5072917 0.2355469 0.0281250 0.0226562
5 0.4190104 0.6437500 0.0286458 0.0375000
3 0.3830729 0.7402344 0.0213542 0.0226562
0 0.7080729 0.6300781 0.0317708 0.0398437
1 0.6085938 0.6621094 0.0328125 0.0335937
2 0.4562500 0.4300781 0.0385417 0.0382813
2 0.3265625 0.4281250 0.0385417 0.0281250
5 0.4812500 0.6078125 0.0229167 0.0484375
5 0.3463542 0.7265625 0.0260417 0.0437500
4 0.6338542 0.8261719 0.0375000 0.0335937
5 0.6328125 0.2875000 0.0270833 0.0500000
0 0.4791667 0.6867188 0.0343750 0.0343750
1 0.5604167 0.3550781 0.0270833 0.0257812
4 0.5476562 0.4898438 0.0369792 0.0265625
0 0.5166667 0.3570313 0.0291667 0.0375000
4 0.7497396 0.2761719 0.0192708 0.0601563
1 0.7565104 0.3535156 0.0171875 0.0273438
4 0.5320312 0.2476562 0.0276042 0.0265625
0 0.4294271 0.3242188 0.0223958 0.0578125
3 0.7000000 0.1972656 0.0197917 0.0414062
2 0.5802083 0.2089844 0.0375000 0.0289063
2 0.5791667 0.5496094 0.0364583 0.0367188
3 0.3119792 0.4519531 0.0229167 0.0382813
4 0.6109375 0.3828125 0.0239583 0.0531250
2 0.6955729 0.2804687 0.0192708 0.0546875
3 0.6489583 0.6375000 0.0187500 0.0296875
0 0.5328125 0.5714844 0.0281250 0.0414062
0 0.5867187 0.3445313 0.0182292 0.0406250
3 0.3578125 0.2839844 0.0187500 0.0507812
1 0.6036458 0.4125000 0.0187500 0.0421875
2 0.6033854 0.2519531 0.0276042 0.0382813
3 0.7434896 0.3582031 0.0338542 0.0414062
2 0.6539063 0.5339844 0.0213542 0.0617188
5 0.3145833 0.6000000 0.0250000 0.0546875
3 0.5140625 0.3250000 0.0208333 0.0593750
3 0.4208333 0.0738281 0.0250000 0.0367188
3 0.4747396 0.5265625 0.0244792 0.0281250
2 0.6419271 0.2750000 0.0380208 0.0250000
9 0.3770833 0.7511719 0.0312500 0.0492187
8 0.6945313 0.6175781 0.0338542 0.0335937
7 0.2463542 0.8125000 0.0333333 0.0375000
8 0.5549479 0.7449219 0.0317708 0.0320312
8 0.6851563 0.6644531 0.0359375 0.0429688
6 0.3281250 0.4687500 0.0312500 0.0578125
6 0.5570312 0.7222656 0.0307292 0.0320312
8 0.2843750 0.5691406 0.0364583 0.0476562
9 0.5510417 0.8437500 0.0239583 0.0343750
