4 0.5239583 0.4433594 0.0166667 0.0382813
1 0.7119792 0.6136719 0.0416667 0.0320312
5 0.3145833 0.1988281 0.0395833 0.0289063
2 0.5156250 0.5769531 0.0239583 0.0320312
2 0.4750000 0.7113281 0.0239583 0.0429688
0 0.5674479 0.3851562 0.0182292 0.0484375
5 0.5260417 0.3296875 0.0343750 0.0468750
2 0.5760417 0.8738281 0.0312500 0.0601563
2 0.3666667 0.6121094 0.0364583 0.0289063
3 0.6843750 0.5003906 0.0187500 0.0570312
1 0.5695313 0.4097656 0.0390625 0.0351562
0 0.3247396 0.4113281 0.0317708 0.0351562
5 0.7213542 0.6804687 0.0395833 0.0343750
4 0.3177083 0.6867188 0.0385417 0.0296875
3 0.3955729 0.1730469 0.0265625 0.0351562
4 0.3289063 0.6789063 0.0203125 0.0250000
0 0.4244792 0.7304688 0.0218750 0.0578125
0 0.5000000 0.3367188 0.0302083 0.0281250
5 0.5783854 0.2707031 0.0369792 0.0335937
5 0.4453125 0.4871094 0.0208333 0.0273438
0 0.5385417 0.6722656 0.0343750 0.0414062
2 0.2596354 0.7800781 0.0401042 0.0398437
0 0.6390625 0.6765625 0.0187500 0.0390625
2 0.4289062 0.7179688 0.0265625 0.0296875
1 0.2414062 0.7871094 0.0432292 0.0304687
2 0.6919271 0.2382812 0.0401042 0.0296875
1 0.3039062 0.7050781 0.0442708 0.0382813
5 0.5190104 0.4500000 0.0192708 0.0375000
1 0.7000000 0.4996094 0.0375000 0.0257812
4 0.5223958 0.2503906 0.0250000 0.0539063
3 0.7468750 0.2835937 0.0312500 0.0390625
1 0.4437500 0.2687500 0.0177083 0.0625000
2 0.5622396 0.1093750 0.0328125 0.0359375
4 0.5755208 0.5839844 0.0270833 0.0617188
1 0.6963542 0.6253906 0.0375000 0.0242188
5 0.7622396 0.5332031 0.0328125 0.0429688
1 0.6111979 0.7039062 0.0380208 0.0375000
2 0.5765625 0.3167969 0.0427083 0.0476562
4 0.5544271 0.7156250 0.0369792 0.0343750
1 0.6059896 0.6855469 0.0182292 0.0664062
2 0.3919271 0.5640625 0.0421875 0.0296875
2 0.4726562 0.1781250 0.0296875 0.0328125
10 0.3354167 0.7738281 0.0375000 0.0492187
10 0.6747396 0.6992188 0.0359375 0.0515625
10 0.3953125 0.6628906 0.0395833 0.0445313
10 0.6921875 0.4535156 0.0312500 0.0554687
11 0.5768229 0.5320312 0.0296875 0.0390625
6 0.3104167 0.6695313 0.0260417 0.0562500
