4 0.3231771 0.3390625 0.0328125 0.0234375
0 0.5403646 0.8687500 0.0171875 0.0296875
5 0.6604167 0.2878906 0.0312500 0.0242188
0 0.3111979 0.5558594 0.0265625 0.0289063
0 0.6997396 0.7472656 0.0161458 0.0304687
5 0.5859375 0.7738281 0.0302083 0.0242188
5 0.4966146 0.5812500 0.0255208 0.0406250
4 0.6596354 0.3855469 0.0286458 0.0226562
1 0.3286458 0.5363281 0.0156250 0.0257812
1 0.5398437 0.8582031 0.0276042 0.0226562
4 0.4783854 0.5332031 0.0182292 0.0445313
2 0.3026042 0.3140625 0.0239583 0.0250000
0 0.5554687 0.5207031 0.0328125 0.0242188
5 0.5026042 0.8449219 0.0218750 0.0351562
4 0.3697917 0.4269531 0.0302083 0.0179687
1 0.4619792 0.1601562 0.0197917 0.0390625
2 0.5661458 0.6875000 0.0312500 0.0234375
4 0.5861979 0.7832031 0.0296875 0.0195312
5 0.5955729 0.7839844 0.0234375 0.0351562
3 0.4903646 0.2734375 0.0161458 0.0218750
3 0.5708333 0.4148438 0.0156250 0.0281250
0 0.5684896 0.4664063 0.0130208 0.0250000
4 0.5197917 0.4125000 0.0229167 0.0218750
0 0.4791667 0.2996094 0.0322917 0.0335937
2 0.5812500 0.7300781 0.0260417 0.0242188
3 0.4932292 0.7484375 0.0333333 0.0234375
4 0.5145833 0.3632812 0.0229167 0.0359375
3 0.5317708 0.5476562 0.0291667 0.0218750
1 0.6781250 0.6906250 0.0187500 0.0375000
4 0.5541667 0.3406250 0.0208333 0.0250000
2 0.5122396 0.0937500 0.0140625 0.0343750
4 0.5627604 0.3074219 0.0276042 0.0242188
2 0.6033854 0.3816406 0.0151042 0.0304687
0 0.5148438 0.5644531 0.0171875 0.0335937
5 0.4419271 0.8687500 0.0276042 0.0265625
2 0.4713542 0.7222656 0.0302083 0.0226562
4 0.3234375 0.2929688 0.0291667 0.0218750
2 0.3166667 0.2996094 0.0302083 0.0242188
5 0.6083333 0.1082031 0.0156250 0.0242188
3 0.6734375 0.6035156 0.0291667 0.0226562
0 0.6346354 0.6527344 0.0328125 0.0226562
2 0.5302083 0.4183594 0.0322917 0.0226562
3 0.6976562 0.3292969 0.0296875 0.0242188
2 0.5682292 0.3699219 0.0166667 0.0476562
1 0.5309896 0.3035156 0.0244792 0.0351562
0 0.2885417 0.1988281 0.0291667 0.0226562
5 0.6947917 0.3582031 0.0312500 0.0242188
2 0.4804688 0.7132812 0.0234375 0.0218750
4 0.6195312 0.5957031 0.0286458 0.0226562
3 0.7062500 0.5179687 0.0229167 0.0250000
2 0.5125000 0.5644531 0.0187500 0.0226562
3 0.4528646 0.3472656 0.0203125 0.0367188
5 0.6020833 0.2953125 0.0166667 0.0328125
0 0.3864583 0.2921875 0.0187500 0.0281250
5 0.5390625 0.6101562 0.0270833 0.0406250
7 0.6856771 0.5812500 0.0286458 0.0265625
8 0.5143229 0.5687500 0.0265625 0.0312500
6 0.7281250 0.4449219 0.0197917 0.0460938
6 0.6695313 0.3781250 0.0192708 0.0328125
8 0.4489583 0.5121094 0.0302083 0.0429688
10 0.3330729 0.3894531 0.0286458 0.0289063
11 0.6705729 0.3816406 0.0192708 0.0429688
9 0.3908854 0.5648437 0.0265625 0.0312500
6 0.4119792 0.5960937 0.0312500 0.0468750
9 0.7036458 0.3960938 0.0302083 0.0296875
6 0.2992187 0.4843750 0.0213542 0.0406250
11 0.5039062 0.6546875 0.0223958 0.0390625
7 0.3635417 0.5363281 0.0250000 0.0398437
9 0.5645833 0.6667969 0.0281250 0.0414062
11 0.4075521 0.2105469 0.0192708 0.0445313
