3 0.4145833 0.9609375 0.0458333 0.0765625
2 0.4395833 0.1875000 0.0687500 0.1453125
1 0.7531250 0.8031250 0.0666667 0.1156250
3 0.5348958 0.3125000 0.0416667 0.1515625
3 0.7419271 0.5476562 0.1067708 0.0703125
1 0.3684896 0.7753906 0.0661458 0.0867187
0 0.3481771 0.3992188 0.0755208 0.1312500
1 0.3723958 0.1851562 0.0875000 0.1390625
3 0.5893229 0.6062500 0.0661458 0.1234375
3 0.6101562 0.7304688 0.1067708 0.1109375
4 0.6369792 0.4335938 0.0968750 0.0625000
4 0.5614583 0.6628906 0.0718750 0.1539062
5 0.6226563 0.6507812 0.0848958 0.0734375
0 0.6815104 0.3132813 0.0505208 0.1125000
1 0.5851563 0.6511719 0.0703125 0.0882813
4 0.2606771 0.6035156 0.1171875 0.0867187
5 0.6492187 0.1027344 0.1192708 0.0757812
5 0.5653646 0.8613281 0.0619792 0.0757812
1 0.5218750 0.5390625 0.1104167 0.0843750
0 0.4674479 0.4257812 0.0661458 0.0921875
3 0.6888021 0.5914063 0.0536458 0.1031250
0 0.4510417 0.6871094 0.0729167 0.0820312
0 0.5296875 0.4750000 0.1072917 0.0687500
4 0.5372396 0.7386719 0.0776042 0.0804688
5 0.5992188 0.2335937 0.1078125 0.0906250
2 0.4281250 0.7484375 0.0958333 0.1203125
1 0.6471354 0.1554687 0.1078125 0.0703125
2 0.3515625 0.5675781 0.0520833 0.0820312
5 0.6625000 0.3054688 0.0583333 0.1281250
0 0.4377604 0.1230469 0.0911458 0.1273438
0 0.3265625 0.3312500 0.0645833 0.1687500
4 0.8864583 0.5296875 0.0947917 0.0828125
2 0.5828125 0.8300781 0.0854167 0.1304687
8 0.3054688 0.2894531 0.0869792 0.1101562
7 0.3338542 0.8957031 0.1072917 0.1257813
9 0.6015625 0.5199219 0.0895833 0.0929688
9 0.4789062 0.6625000 0.0921875 0.0968750
11 0.5138021 0.7757812 0.0848958 0.0890625
8 0.5838542 0.2433594 0.0854167 0.1539062
8 0.4859375 0.0496094 0.0781250 0.0992187
6 0.7976562 0.6027344 0.1098958 0.1195313
