4 0.4750000 0.1007813 0.0781250 0.1437500
3 0.5286458 0.3167969 0.1072917 0.0976562
5 0.6440104 0.4328125 0.0942708 0.1109375
5 0.1257813 0.3218750 0.1223958 0.1031250
4 0.2458333 0.4949219 0.1187500 0.1039063
5 0.3380208 0.2488281 0.0843750 0.1492188
4 0.5710937 0.1531250 0.0588542 0.1703125
4 0.5958333 0.7750000 0.0656250 0.1281250
2 0.3309896 0.2367188 0.0598958 0.1750000
4 0.5002604 0.4703125 0.0807292 0.0984375
0 0.7364583 0.6328125 0.1135417 0.0812500
1 0.3119792 0.5218750 0.1145833 0.0828125
0 0.6591146 0.7675781 0.0921875 0.1289062
0 0.4898438 0.3195312 0.1109375 0.0937500
4 0.4489583 0.6835938 0.0614583 0.1250000
2 0.6226563 0.5152344 0.0536458 0.1164063
0 0.4992187 0.1824219 0.0838542 0.0960938
0 0.7138021 0.6589844 0.1182292 0.0726563
5 0.3343750 0.4179688 0.1093750 0.0968750
0 0.5132813 0.6007813 0.0942708 0.0671875
2 0.6765625 0.2871094 0.0854167 0.1398437
0 0.5148438 0.4160156 0.0588542 0.1585938
7 0.5692708 0.6480469 0.0687500 0.1507813
7 0.6979167 0.6007813 0.1041667 0.1031250
8 0.3007812 0.5187500 0.0848958 0.1265625
10 0.7408854 0.4089844 0.0786458 0.1179687
8 0.2692708 0.2367188 0.1156250 0.1109375
9 0.6830729 0.8843750 0.1078125 0.1140625
8 0.6815104 0.4750000 0.0911458 0.1156250
9 0.4645833 0.7261719 0.0989583 0.1242188
6 0.6364583 0.2050781 0.0947917 0.1320312
8 0.7843750 0.2609375 0.1135417 0.1125000
8 0.4268229 0.1710937 0.0713542 0.1625000
9 0.6658854 0.4953125 0.0901042 0.1562500
10 0.2747396 0.6710938 0.1046875 0.1031250
6 0.4205729 0.6851563 0.1046875 0.1171875
6 0.4934896 0.5140625 0.0994792 0.1015625
8 0.4841146 0.4503906 0.1015625 0.1273438
11 0.4145833 0.6832031 0.0666667 0.1570313
11 0.6585937 0.3234375 0.0973958 0.1406250
6 0.7627604 0.4632812 0.1067708 0.1703125
