0 0.6354167 0.2621094 0.0562500 0.1679688
0 0.7645833 0.3617187 0.1156250 0.0781250
0 0.4888021 0.4429688 0.0578125 0.1687500
5 0.5760417 0.9218750 0.1062500 0.1265625
1 0.6750000 0.7148438 0.1145833 0.0953125
0 0.7187500 0.3957031 0.1145833 0.0820312
3 0.6393229 0.5945312 0.0994792 0.1078125
4 0.5486979 0.7640625 0.0796875 0.0890625
4 0.5835938 0.5164062 0.1182292 0.0843750
4 0.5104167 0.2902344 0.1312500 0.1039063
1 0.7161458 0.5441406 0.1395833 0.0992187
3 0.6221354 0.1136719 0.0640625 0.1742188
3 0.3750000 0.4167969 0.1135417 0.1367188
1 0.6557292 0.6496094 0.1125000 0.1257813
4 0.7463542 0.2582031 0.0854167 0.1148437
2 0.5445313 0.6695313 0.1109375 0.1156250
5 0.4104167 0.6601562 0.0666667 0.1671875
1 0.2281250 0.7464844 0.1270833 0.0835937
4 0.6135417 0.7058594 0.1041667 0.1195313
3 0.5960937 0.8316406 0.1151042 0.1039063
3 0.6028646 0.5960937 0.0588542 0.1562500
3 0.7044271 0.2218750 0.1213542 0.0671875
1 0.6101562 0.2191406 0.0859375 0.1179687
5 0.4106771 0.7550781 0.1182292 0.1195313
2 0.6424479 0.2472656 0.0546875 0.0992187
0 0.7841146 0.5277344 0.1359375 0.1085938
4 0.7328125 0.7308594 0.0687500 0.0976562
0 0.3502604 0.4734375 0.1078125 0.1015625
2 0.7088542 0.4558594 0.1062500 0.0835937
5 0.2273438 0.4289062 0.0828125 0.1375000
0 0.6768229 0.4875000 0.0640625 0.0906250
3 0.5257812 0.4566406 0.0963542 0.0773438
2 0.4234375 0.7960938 0.0770833 0.0906250
4 0.3187500 0.3562500 0.0968750 0.1046875
2 0.5973958 0.8699219 0.1187500 0.0929688
5 0.5111979 0.3113281 0.0578125 0.1507813
0 0.5726562 0.7808594 0.0473958 0.1054688
3 0.3703125 0.1765625 0.1125000 0.1093750
3 0.5606771 0.6445312 0.0682292 0.0843750
4 0.6213542 0.8703125 0.0906250 0.1546875
0 0.5799479 0.7820312 0.0869792 0.0968750
5 0.7651042 0.2925781 0.1093750 0.0960938
0 0.4622396 0.9402344 0.0776042 0.1179687
4 0.7023438 0.4906250 0.1171875 0.0906250
3 0.4192708 0.2128906 0.0520833 0.1414063
2 0.4018229 0.6621094 0.0609375 0.1414063
1 0.2848958 0.4308594 0.1000000 0.0804688
4 0.7645833 0.4656250 0.1052083 0.0906250
5 0.7364583 0.4906250 0.1229167 0.1250000
2 0.7062500 0.4640625 0.1291667 0.0906250
0 0.7187500 0.7074219 0.0562500 0.1351563
3 0.4476562 0.4082031 0.0786458 0.1804688
4 0.6684896 0.6890625 0.0546875 0.1390625
5 0.7463542 0.5941406 0.0687500 0.1648438
5 0.5104167 0.8394531 0.0697917 0.1679688
4 0.3091146 0.6316406 0.1296875 0.0929688
4 0.6778646 0.7691406 0.1223958 0.0867187
5 0.4971354 0.8433594 0.0703125 0.1710937
0 0.7247396 0.7152344 0.0807292 0.1460937
1 0.6869792 0.2753906 0.0531250 0.1523438
4 0.6726562 0.3558594 0.1265625 0.1132812
1 0.2601562 0.8468750 0.0536458 0.1468750
0 0.6716146 0.0789062 0.1130208 0.0734375
4 0.7958333 0.3500000 0.0875000 0.1609375
4 0.6473958 0.3703125 0.0614583 0.1281250
9 0.4562500 0.3980469 0.0739583 0.1695312
9 0.4515625 0.4945312 0.0864583 0.1203125
6 0.4195313 0.3375000 0.1140625 0.1218750
8 0.5619792 0.7355469 0.1114583 0.1085938
7 0.3010417 0.6015625 0.0697917 0.1531250
10 0.3765625 0.6332031 0.1156250 0.1367188
9 0.5078125 0.0425781 0.0697917 0.0851563
11 0.6007813 0.1863281 0.0786458 0.1679688
9 0.6492187 0.2785156 0.0817708 0.1164063
10 0.5414062 0.2410156 0.0921875 0.1773437
11 0.6583333 0.5589844 0.1010417 0.1304687
10 0.4106771 0.6945313 0.1109375 0.1125000
8 0.3544271 0.5218750 0.1015625 0.1171875
8 0.2562500 0.8039063 0.1166667 0.1140625
7 0.6388021 0.4332031 0.1171875 0.1148437
9 0.5583333 0.3507812 0.1260417 0.1203125
6 0.5015625 0.2558594 0.0958333 0.1492188
