4 0.4429688 0.3488281 0.0109375 0.0351562
3 0.5541667 0.1390625 0.0239583 0.0203125
2 0.5671875 0.4027344 0.0270833 0.0226562
2 0.6325521 0.2859375 0.0234375 0.0234375
5 0.3864583 0.4230469 0.0250000 0.0210938
1 0.3445313 0.3671875 0.0119792 0.0187500
5 0.5888021 0.2625000 0.0151042 0.0390625
0 0.6346354 0.7203125 0.0223958 0.0296875
4 0.3861979 0.8234375 0.0161458 0.0328125
3 0.5960937 0.6351562 0.0265625 0.0218750
3 0.2088542 0.2808594 0.0250000 0.0257812
5 0.5565104 0.4093750 0.0171875 0.0296875
4 0.5604167 0.4031250 0.0229167 0.0156250
5 0.6593750 0.2445313 0.0145833 0.0375000
4 0.5117188 0.3035156 0.0161458 0.0226562
2 0.3002604 0.7023438 0.0119792 0.0281250
0 0.6992188 0.5789062 0.0265625 0.0187500
2 0.4101562 0.8167969 0.0161458 0.0367188
2 0.7033854 0.4003906 0.0265625 0.0195312
0 0.5718750 0.5796875 0.0093750 0.0187500
4 0.7106771 0.7007813 0.0255208 0.0187500
3 0.4934896 0.5937500 0.0203125 0.0343750
4 0.6343750 0.2746094 0.0135417 0.0273438
3 0.4703125 0.1667969 0.0187500 0.0335937
4 0.4851563 0.3632812 0.0130208 0.0343750
4 0.6065104 0.3316406 0.0255208 0.0179687
1 0.5221354 0.7230469 0.0171875 0.0304687
3 0.5570312 0.8144531 0.0244792 0.0210938
5 0.3546875 0.4031250 0.0208333 0.0375000
4 0.7638021 0.4996094 0.0192708 0.0304687
4 0.3895833 0.2308594 0.0239583 0.0226562
0 0.4088542 0.7015625 0.0166667 0.0203125
2 0.5744792 0.6777344 0.0197917 0.0257812
4 0.4236979 0.7367187 0.0203125 0.0250000
0 0.5606771 0.7343750 0.0234375 0.0171875
1 0.5703125 0.7476563 0.0145833 0.0281250
1 0.6638021 0.5144531 0.0276042 0.0210938
4 0.4791667 0.6839844 0.0156250 0.0398437
3 0.5401042 0.3375000 0.0229167 0.0187500
2 0.5848958 0.1281250 0.0156250 0.0375000
0 0.4906250 0.6570312 0.0135417 0.0140625
5 0.2632813 0.5816406 0.0182292 0.0226562
2 0.6731771 0.2109375 0.0119792 0.0328125
1 0.4174479 0.9550781 0.0140625 0.0257812
3 0.4765625 0.0621094 0.0187500 0.0210938
2 0.6291667 0.5492187 0.0135417 0.0187500
2 0.4846354 0.6687500 0.0213542 0.0234375
0 0.3833333 0.3187500 0.0135417 0.0187500
1 0.6992188 0.2691406 0.0265625 0.0164063
3 0.5085937 0.2140625 0.0171875 0.0171875
10 0.5500000 0.6394531 0.0218750 0.0210938
9 0.4083333 0.5539063 0.0229167 0.0343750
9 0.3856771 0.2464844 0.0244792 0.0242188
6 0.6309896 0.1691406 0.0244792 0.0242188
8 0.3557292 0.5425781 0.0166667 0.0335937
