2 0.7132812 0.5925781 0.1526042 0.1039063
2 0.5804687 0.6437500 0.0984375 0.2312500
5 0.6481771 0.4710937 0.1276042 0.1265625
5 0.4937500 0.2875000 0.1062500 0.1625000
3 0.4234375 0.4093750 0.0781250 0.2296875
5 0.2481771 0.5175781 0.1776042 0.1414063
3 0.8015625 0.4613281 0.1270833 0.1164063
1 0.5710937 0.2996094 0.1494792 0.0898438
2 0.5747396 0.1007813 0.1171875 0.1546875
4 0.5471354 0.5632812 0.0984375 0.1843750
4 0.3270833 0.5312500 0.1218750 0.1765625
4 0.6151042 0.5027344 0.0656250 0.1257813
1 0.2768229 0.2031250 0.0838542 0.2312500
2 0.7143229 0.4093750 0.0994792 0.1703125
0 0.3143229 0.4199219 0.0911458 0.1226562
1 0.2825521 0.5070313 0.1546875 0.1656250
4 0.5776042 0.4312500 0.1614583 0.1156250
1 0.7416667 0.3097656 0.0718750 0.2289063
1 0.4442708 0.7332031 0.0750000 0.1960938
5 0.3536458 0.1191406 0.0791667 0.2382812
2 0.6864583 0.9449219 0.1593750 0.1085938
3 0.5104167 0.1519531 0.1020833 0.1367188
5 0.5997396 0.2535156 0.0765625 0.2101562
5 0.2838542 0.7507812 0.1552083 0.1125000
2 0.5984375 0.6523438 0.0864583 0.1796875
5 0.6966146 0.5191406 0.1515625 0.0898438
1 0.4666667 0.8285156 0.0833333 0.2210938
2 0.3549479 0.1347656 0.1588542 0.1023437
5 0.5356771 0.5207031 0.1453125 0.0992187
1 0.4104167 0.5460938 0.1197917 0.1578125
0 0.5010417 0.1605469 0.1510417 0.1179687
0 0.3841146 0.6582031 0.0671875 0.1210938
2 0.6151042 0.1222656 0.1000000 0.1679688
3 0.6114583 0.7363281 0.1218750 0.1523438
2 0.5867187 0.2472656 0.0755208 0.2367188
2 0.4708333 0.6707031 0.1343750 0.1351563
1 0.7242188 0.5484375 0.1036458 0.1656250
4 0.6093750 0.5867187 0.0677083 0.1218750
3 0.3510417 0.6316406 0.1520833 0.1570313
5 0.7390625 0.2828125 0.1531250 0.1468750
2 0.4507813 0.5808594 0.0838542 0.1382812
0 0.4911458 0.5425781 0.0979167 0.1304687
4 0.3960938 0.4578125 0.1609375 0.1203125
4 0.7312500 0.4386719 0.1062500 0.1585938
2 0.5843750 0.4347656 0.1114583 0.1304687
3 0.4729167 0.5683594 0.1281250 0.1335938
1 0.8888021 0.2941406 0.1588542 0.1648438
3 0.4072917 0.2121094 0.1052083 0.1960938
2 0.6742187 0.4851563 0.1067708 0.1203125
1 0.7786458 0.6003906 0.1531250 0.1445312
3 0.3671875 0.4554687 0.1104167 0.1593750
5 0.5242187 0.4621094 0.0880208 0.1023437
5 0.4528646 0.5328125 0.1723958 0.1250000
5 0.4315104 0.7335938 0.0942708 0.2359375
4 0.6812500 0.4128906 0.1041667 0.1804688
0 0.7427083 0.7066406 0.1625000 0.1148437
1 0.3158854 0.6667969 0.0744792 0.1445312
8 0.6143229 0.0765625 0.1140625 0.1531250
10 0.6520833 0.7761719 0.1156250 0.1710937
8 0.5398437 0.6027344 0.1526042 0.1695312
6 0.3736979 0.6644531 0.0984375 0.1960938
9 0.6940104 0.8863281 0.1421875 0.2023437
7 0.6411458 0.0875000 0.1354167 0.1750000
7 0.4692708 0.6949219 0.0937500 0.1414063
6 0.4434896 0.6308594 0.1057292 0.2164062
11 0.4411458 0.1472656 0.1468750 0.1914062
8 0.5057292 0.2945313 0.0875000 0.1375000
