5 0.4166667 0.2968750 0.0197917 0.0250000
0 0.3026042 0.2320312 0.0208333 0.0218750
0 0.5356771 0.7691406 0.0223958 0.0289063
5 0.6945313 0.4375000 0.0244792 0.0296875
1 0.2330729 0.6117187 0.0171875 0.0234375
5 0.4369792 0.8023438 0.0197917 0.0359375
3 0.6557292 0.4964844 0.0260417 0.0164063
2 0.6619792 0.5929688 0.0197917 0.0390625
5 0.4203125 0.8519531 0.0166667 0.0304687
0 0.5710937 0.4738281 0.0192708 0.0398437
0 0.6276042 0.3527344 0.0156250 0.0367188
3 0.4408854 0.5593750 0.0130208 0.0375000
1 0.3588542 0.8281250 0.0239583 0.0265625
5 0.5265625 0.4746094 0.0166667 0.0257812
0 0.6682292 0.4699219 0.0104167 0.0273438
0 0.7187500 0.1457031 0.0270833 0.0179687
2 0.7476563 0.4562500 0.0244792 0.0265625
2 0.6830729 0.6812500 0.0192708 0.0375000
3 0.6104167 0.8113281 0.0187500 0.0257812
3 0.5361979 0.7109375 0.0265625 0.0203125
4 0.4505208 0.3757813 0.0197917 0.0328125
3 0.3588542 0.3414063 0.0229167 0.0250000
4 0.3427083 0.3207031 0.0229167 0.0148437
0 0.3911458 0.9085937 0.0239583 0.0218750
3 0.5169271 0.9023438 0.0203125 0.0328125
3 0.3174479 0.4558594 0.0223958 0.0179687
5 0.4966146 0.5839844 0.0130208 0.0351562
0 0.6942708 0.5042969 0.0135417 0.0382813
1 0.5291667 0.3109375 0.0135417 0.0281250
5 0.2294271 0.3894531 0.0255208 0.0195312
1 0.5541667 0.5539063 0.0250000 0.0234375
3 0.4937500 0.6859375 0.0177083 0.0390625
4 0.3721354 0.4027344 0.0223958 0.0320312
0 0.4088542 0.4257812 0.0145833 0.0281250
1 0.6854167 0.7105469 0.0145833 0.0257812
5 0.5533854 0.6363281 0.0171875 0.0179687
5 0.3335938 0.4460938 0.0223958 0.0234375
1 0.3588542 0.0765625 0.0197917 0.0343750
3 0.5351562 0.7847656 0.0119792 0.0335937
1 0.3283854 0.3093750 0.0161458 0.0406250
5 0.7015625 0.7789063 0.0218750 0.0203125
5 0.5208333 0.1394531 0.0270833 0.0164063
4 0.7216146 0.3828125 0.0276042 0.0203125
2 0.5638021 0.4863281 0.0130208 0.0398437
2 0.5919271 0.3500000 0.0255208 0.0187500
4 0.6046875 0.5941406 0.0218750 0.0273438
3 0.3408854 0.3402344 0.0234375 0.0257812
2 0.6583333 0.3796875 0.0260417 0.0171875
5 0.4588542 0.4218750 0.0114583 0.0171875
2 0.3729167 0.9097656 0.0187500 0.0320312
1 0.6195312 0.6074219 0.0140625 0.0148437
5 0.4619792 0.7210937 0.0260417 0.0171875
2 0.4359375 0.3066406 0.0218750 0.0257812
5 0.3182292 0.1875000 0.0125000 0.0296875
0 0.4843750 0.7781250 0.0166667 0.0406250
4 0.4895833 0.5089844 0.0239583 0.0179687
5 0.8098958 0.4414062 0.0218750 0.0265625
4 0.4804688 0.5578125 0.0213542 0.0171875
0 0.6622396 0.8171875 0.0276042 0.0203125
2 0.6419271 0.3152344 0.0244792 0.0226562
5 0.5479167 0.6031250 0.0218750 0.0203125
4 0.6268229 0.6503906 0.0130208 0.0257812
4 0.5434896 0.0988281 0.0151042 0.0351562
5 0.4335938 0.8093750 0.0234375 0.0265625
3 0.6377604 0.5703125 0.0213542 0.0281250
2 0.5997396 0.6949219 0.0265625 0.0226562
1 0.6627604 0.7351562 0.0098958 0.0187500
0 0.5937500 0.6156250 0.0250000 0.0171875
3 0.5151042 0.4460938 0.0260417 0.0187500
2 0.3690104 0.0453125 0.0171875 0.0296875
0 0.5932292 0.7472656 0.0208333 0.0351562
4 0.4916667 0.4093750 0.0239583 0.0140625
2 0.5901042 0.5234375 0.0239583 0.0218750
4 0.2679687 0.7085938 0.0265625 0.0203125
4 0.6653646 0.2535156 0.0140625 0.0304687
2 0.3640625 0.4980469 0.0208333 0.0304687
7 0.5809896 0.2156250 0.0213542 0.0359375
8 0.4502604 0.6339844 0.0182292 0.0289063
7 0.5312500 0.4023438 0.0229167 0.0296875
7 0.5367188 0.6746094 0.0171875 0.0273438
7 0.4528646 0.5371094 0.0171875 0.0304687
7 0.5117188 0.2976563 0.0151042 0.0375000
8 0.6726562 0.5425781 0.0286458 0.0382813
11 0.5559896 0.1050781 0.0171875 0.0367188
8 0.5395833 0.2398437 0.0239583 0.0250000
7 0.3523438 0.7628906 0.0234375 0.0257812
8 0.5549479 0.5902344 0.0203125 0.0273438
8 0.7572917 0.3863281 0.0270833 0.0320312
7 0.6010417 0.2957031 0.0260417 0.0257812
10 0.4729167 0.3277344 0.0229167 0.0289063
