5 0.7091146 0.3085938 0.0401042 0.0828125
0 0.4770833 0.1921875 0.0968750 0.0656250
1 0.4898438 0.4812500 0.0932292 0.0781250
4 0.3135417 0.7496094 0.0593750 0.0835937
2 0.5153646 0.4945312 0.0536458 0.1375000
4 0.5328125 0.9218750 0.0614583 0.0593750
3 0.5067708 0.3843750 0.0708333 0.0906250
3 0.2541667 0.3214844 0.0750000 0.0851563
1 0.6627604 0.6757812 0.0515625 0.1468750
4 0.2557292 0.7953125 0.0562500 0.1359375
2 0.7427083 0.5273438 0.0989583 0.0718750
0 0.5815104 0.5375000 0.0463542 0.1453125
4 0.4281250 0.7710938 0.0406250 0.1500000
1 0.7687500 0.3750000 0.0979167 0.0859375
1 0.5291667 0.8515625 0.1041667 0.0625000
5 0.4557292 0.0980469 0.0562500 0.1398437
2 0.2486979 0.3566406 0.0901042 0.1226562
0 0.4796875 0.1300781 0.0458333 0.0695313
4 0.2937500 0.4929688 0.0677083 0.1062500
1 0.3317708 0.7839844 0.0906250 0.1039063
5 0.4799479 0.3527344 0.0588542 0.1382812
0 0.7013021 0.6492187 0.0619792 0.1531250
5 0.6375000 0.2519531 0.0500000 0.0632812
4 0.7864583 0.4546875 0.0708333 0.1000000
1 0.6317708 0.7410156 0.0520833 0.1242188
11 0.3664062 0.5308594 0.0546875 0.0914062
9 0.6302083 0.4644531 0.0802083 0.0898438
6 0.5841146 0.6296875 0.0828125 0.1218750
11 0.5898438 0.4843750 0.0619792 0.1265625
8 0.7981771 0.7539062 0.0911458 0.0906250
9 0.3020833 0.4542969 0.0989583 0.0960938
9 0.4338542 0.6515625 0.0677083 0.1312500
9 0.5812500 0.7921875 0.0572917 0.1281250
6 0.5263021 0.6382813 0.0817708 0.1046875
7 0.5601563 0.3847656 0.0828125 0.1210938
9 0.7523437 0.5468750 0.0744792 0.1265625
9 0.4812500 0.4003906 0.0635417 0.0789062
7 0.6536458 0.4097656 0.0906250 0.0882813
10 0.3596354 0.2832031 0.1026042 0.1273438
7 0.4200521 0.2898438 0.0557292 0.1171875
8 0.2627604 0.4492188 0.1026042 0.1218750
8 0.5614583 0.2339844 0.0677083 0.1398437
10 0.4940104 0.2203125 0.0682292 0.1140625
9 0.3604167 0.1394531 0.0770833 0.0882813
