3 0.6677083 0.6753906 0.0364583 0.0382813
1 0.5320312 0.4449219 0.0255208 0.0429688
2 0.3861979 0.3222656 0.0223958 0.0289063
3 0.6143229 0.6394531 0.0390625 0.0445313
4 0.4236979 0.4347656 0.0432292 0.0304687
1 0.5583333 0.7140625 0.0375000 0.0375000
4 0.6257812 0.6476563 0.0390625 0.0328125
5 0.5395833 0.4222656 0.0406250 0.0289063
4 0.5299479 0.3644531 0.0390625 0.0320312
2 0.7184896 0.7042969 0.0421875 0.0257812
1 0.6085938 0.3464844 0.0223958 0.0382813
4 0.5156250 0.4769531 0.0343750 0.0304687
5 0.3651042 0.5765625 0.0375000 0.0328125
4 0.3908854 0.8316406 0.0213542 0.0429688
4 0.7872396 0.5820312 0.0234375 0.0546875
0 0.5520833 0.4390625 0.0208333 0.0265625
4 0.5252604 0.6734375 0.0401042 0.0265625
5 0.4437500 0.2730469 0.0250000 0.0367188
4 0.5471354 0.1117188 0.0255208 0.0578125
5 0.4372396 0.2742188 0.0265625 0.0703125
2 0.5419271 0.2300781 0.0390625 0.0257812
3 0.5385417 0.3089844 0.0270833 0.0445313
0 0.6890625 0.1945312 0.0437500 0.0328125
3 0.4765625 0.7394531 0.0187500 0.0507812
3 0.6632813 0.5449219 0.0338542 0.0460938
5 0.7187500 0.6875000 0.0395833 0.0343750
1 0.4101562 0.4890625 0.0244792 0.0281250
0 0.2343750 0.5507812 0.0302083 0.0562500
0 0.4419271 0.4691406 0.0359375 0.0414062
5 0.6729167 0.2480469 0.0385417 0.0351562
0 0.4992187 0.2601562 0.0348958 0.0328125
1 0.5049479 0.2523437 0.0442708 0.0375000
5 0.6401042 0.7343750 0.0437500 0.0375000
5 0.5669271 0.8632812 0.0296875 0.0296875
0 0.6117187 0.2457031 0.0390625 0.0257812
1 0.4541667 0.3570313 0.0427083 0.0468750
2 0.4057292 0.3835938 0.0437500 0.0359375
2 0.4781250 0.6640625 0.0375000 0.0468750
0 0.5111979 0.5097656 0.0171875 0.0554687
0 0.6023437 0.5933594 0.0380208 0.0351562
2 0.6526042 0.4921875 0.0145833 0.0562500
3 0.2125000 0.5363281 0.0364583 0.0398437
2 0.7348958 0.3972656 0.0406250 0.0320312
3 0.4841146 0.6496094 0.0348958 0.0429688
5 0.5341146 0.4859375 0.0328125 0.0531250
5 0.4450521 0.6078125 0.0203125 0.0515625
0 0.3820312 0.5175781 0.0182292 0.0273438
2 0.3705729 0.2261719 0.0213542 0.0648438
0 0.5750000 0.4527344 0.0406250 0.0257812
1 0.5539063 0.5453125 0.0338542 0.0453125
2 0.3317708 0.5007812 0.0375000 0.0312500
5 0.5268229 0.4691406 0.0171875 0.0382813
1 0.4875000 0.4312500 0.0291667 0.0328125
2 0.4281250 0.6003906 0.0322917 0.0460938
1 0.6390625 0.5644531 0.0468750 0.0335937
1 0.4914062 0.1433594 0.0192708 0.0429688
2 0.7200521 0.4101562 0.0401042 0.0281250
1 0.3427083 0.4765625 0.0187500 0.0562500
2 0.3117187 0.5339844 0.0411458 0.0367188
0 0.3333333 0.4367187 0.0187500 0.0531250
2 0.5578125 0.8207031 0.0416667 0.0351562
1 0.6244792 0.3394531 0.0197917 0.0617188
4 0.6236979 0.3351562 0.0401042 0.0312500
5 0.5906250 0.3746094 0.0437500 0.0351562
5 0.7104167 0.4953125 0.0239583 0.0671875
1 0.5059896 0.6375000 0.0213542 0.0531250
5 0.3372396 0.7933594 0.0203125 0.0632812
0 0.4942708 0.6183594 0.0197917 0.0585938
3 0.5026042 0.1164063 0.0416667 0.0281250
0 0.5317708 0.4531250 0.0322917 0.0578125
2 0.4169271 0.8285156 0.0442708 0.0320312
2 0.6757812 0.4273438 0.0463542 0.0250000
9 0.5187500 0.7058594 0.0416667 0.0414062
11 0.4635417 0.4859375 0.0250000 0.0500000
10 0.6614583 0.8222656 0.0260417 0.0617188
9 0.6802083 0.3628906 0.0385417 0.0382813
7 0.4744792 0.7464844 0.0322917 0.0507812
9 0.5903646 0.6750000 0.0286458 0.0406250
11 0.5760417 0.7902344 0.0364583 0.0445313
7 0.7041667 0.6500000 0.0375000 0.0531250
10 0.4664063 0.6996094 0.0369792 0.0492187
10 0.6346354 0.3968750 0.0369792 0.0421875
9 0.3658854 0.3824219 0.0296875 0.0554687
