0 0.5791667 0.4007812 0.0177083 0.0234375
1 0.6395833 0.3816406 0.0177083 0.0179687
3 0.4869792 0.3394531 0.0145833 0.0210938
0 0.5385417 0.3421875 0.0229167 0.0171875
4 0.4335938 0.6332031 0.0161458 0.0148437
4 0.3395833 0.3582031 0.0250000 0.0164063
3 0.5968750 0.4343750 0.0260417 0.0203125
3 0.5640625 0.2628906 0.0270833 0.0210938
3 0.4875000 0.2933594 0.0156250 0.0195312
0 0.5434896 0.3605469 0.0223958 0.0210938
1 0.6536458 0.5519531 0.0239583 0.0164063
0 0.4593750 0.4839844 0.0229167 0.0132812
3 0.6200521 0.7781250 0.0151042 0.0171875
3 0.7023438 0.4265625 0.0223958 0.0218750
2 0.5375000 0.6777344 0.0114583 0.0164063
2 0.5174479 0.4835937 0.0265625 0.0171875
1 0.5992188 0.4082031 0.0119792 0.0289063
0 0.5687500 0.7101563 0.0114583 0.0390625
5 0.4401042 0.7351562 0.0156250 0.0281250
0 0.4138021 0.7585937 0.0192708 0.0187500
4 0.6325521 0.2472656 0.0255208 0.0179687
2 0.4997396 0.2710938 0.0171875 0.0343750
3 0.3684896 0.3558594 0.0265625 0.0179687
3 0.5859375 0.8199219 0.0166667 0.0304687
4 0.5257812 0.7921875 0.0130208 0.0218750
3 0.5286458 0.6621094 0.0239583 0.0179687
0 0.4601562 0.4371094 0.0244792 0.0226562
2 0.5539063 0.3082031 0.0088542 0.0335937
3 0.5802083 0.4984375 0.0125000 0.0296875
5 0.5786458 0.3960938 0.0229167 0.0203125
4 0.3898437 0.4199219 0.0223958 0.0210938
3 0.7026042 0.6820312 0.0260417 0.0203125
2 0.5325521 0.6652344 0.0223958 0.0226562
1 0.6531250 0.3335938 0.0197917 0.0312500
1 0.5273438 0.3464844 0.0182292 0.0304687
2 0.5276042 0.6753906 0.0187500 0.0382813
4 0.2750000 0.7632813 0.0187500 0.0343750
1 0.4229167 0.2390625 0.0250000 0.0187500
0 0.5791667 0.8699219 0.0239583 0.0226562
2 0.5770833 0.6570312 0.0250000 0.0234375
5 0.2695312 0.6371094 0.0203125 0.0257812
3 0.4627604 0.3929687 0.0151042 0.0312500
1 0.5322917 0.1976563 0.0208333 0.0296875
0 0.4729167 0.4898438 0.0187500 0.0218750
1 0.5645833 0.5273438 0.0229167 0.0171875
5 0.5479167 0.2886719 0.0135417 0.0210938
4 0.4486979 0.4472656 0.0182292 0.0210938
0 0.5825521 0.6648437 0.0130208 0.0218750
5 0.6026042 0.8867188 0.0239583 0.0250000
5 0.4335938 0.2726562 0.0244792 0.0203125
0 0.6880208 0.5304688 0.0135417 0.0187500
2 0.6419271 0.7382812 0.0109375 0.0171875
1 0.5781250 0.4371094 0.0135417 0.0210938
4 0.4200521 0.3562500 0.0213542 0.0203125
2 0.6299479 0.4578125 0.0255208 0.0187500
8 0.2791667 0.3078125 0.0177083 0.0312500
9 0.6414062 0.2437500 0.0223958 0.0234375
