2 0.5070313 0.2679687 0.0494792 0.0468750
1 0.6747396 0.6976562 0.0338542 0.0359375
4 0.6171875 0.5289063 0.0312500 0.0515625
5 0.5770833 0.8187500 0.0250000 0.0437500
1 0.6265625 0.1933594 0.0291667 0.0617188
1 0.6632813 0.6906250 0.0421875 0.0281250
3 0.3723958 0.5691406 0.0291667 0.0695313
4 0.2515625 0.7218750 0.0260417 0.0546875
5 0.2369792 0.5566406 0.0333333 0.0367188
3 0.5098958 0.2289063 0.0218750 0.0484375
5 0.7559896 0.2343750 0.0421875 0.0359375
3 0.7281250 0.6117187 0.0364583 0.0437500
1 0.5796875 0.5562500 0.0302083 0.0296875
2 0.2984375 0.4031250 0.0343750 0.0546875
3 0.2335937 0.4730469 0.0505208 0.0414062
0 0.6932292 0.4070313 0.0302083 0.0609375
2 0.4026042 0.3847656 0.0489583 0.0398437
0 0.5263021 0.8519531 0.0411458 0.0460938
1 0.5419271 0.1566406 0.0223958 0.0695313
2 0.5598958 0.2183594 0.0447917 0.0320312
2 0.5015625 0.5375000 0.0458333 0.0468750
5 0.5934896 0.4371094 0.0223958 0.0460938
0 0.3367188 0.3722656 0.0432292 0.0351562
3 0.4223958 0.8679687 0.0281250 0.0750000
5 0.5518229 0.5039062 0.0442708 0.0375000
0 0.6309896 0.7675781 0.0473958 0.0320312
0 0.3919271 0.4621094 0.0401042 0.0367188
1 0.3596354 0.3757813 0.0515625 0.0359375
0 0.4588542 0.4453125 0.0218750 0.0625000
2 0.5164062 0.4585938 0.0348958 0.0546875
0 0.2927083 0.7800781 0.0479167 0.0460938
4 0.5585938 0.2531250 0.0328125 0.0296875
9 0.5369792 0.7777344 0.0458333 0.0523438
10 0.4942708 0.6710938 0.0479167 0.0546875
8 0.6169271 0.7289062 0.0359375 0.0687500
8 0.5072917 0.6316406 0.0489583 0.0476562
8 0.7341146 0.4312500 0.0401042 0.0453125
