4 0.4958333 0.8785156 0.0312500 0.0226562
0 0.7432292 0.6691406 0.0302083 0.0210938
4 0.3526042 0.3433594 0.0343750 0.0273438
2 0.6591146 0.1535156 0.0171875 0.0445313
4 0.3164062 0.4554687 0.0171875 0.0468750
1 0.3658854 0.1976563 0.0338542 0.0218750
1 0.6223958 0.2515625 0.0187500 0.0437500
5 0.3557292 0.6378906 0.0302083 0.0273438
2 0.4268229 0.6527344 0.0213542 0.0320312
4 0.4205729 0.6914062 0.0234375 0.0250000
0 0.4911458 0.8187500 0.0281250 0.0234375
3 0.5851563 0.4269531 0.0171875 0.0460938
2 0.6731771 0.5324219 0.0328125 0.0273438
2 0.5518229 0.3851562 0.0213542 0.0359375
3 0.6703125 0.6351562 0.0187500 0.0265625
3 0.4958333 0.7085938 0.0156250 0.0468750
7 0.6187500 0.3808594 0.0270833 0.0273438
10 0.5807292 0.8410156 0.0291667 0.0304687
7 0.4625000 0.6792969 0.0239583 0.0460938
8 0.5177083 0.5558594 0.0291667 0.0289063
10 0.7731771 0.3136719 0.0286458 0.0367188
6 0.6255208 0.8531250 0.0197917 0.0468750
8 0.7726563 0.6199219 0.0328125 0.0320312
6 0.4000000 0.7382812 0.0312500 0.0312500
7 0.6882812 0.6378906 0.0317708 0.0445313
9 0.4289062 0.5308594 0.0192708 0.0367188
11 0.3666667 0.7562500 0.0291667 0.0390625
