2 0.6260417 0.4648438 0.0260417 0.0546875
2 0.4544271 0.4832031 0.0286458 0.0445313
2 0.6510417 0.3167969 0.0166667 0.0414062
0 0.6291667 0.3480469 0.0208333 0.0398437
2 0.6609375 0.4394531 0.0333333 0.0382813
1 0.4489583 0.8679687 0.0229167 0.0453125
4 0.4354167 0.6121094 0.0166667 0.0351562
4 0.5270833 0.2726562 0.0208333 0.0546875
2 0.2781250 0.6144531 0.0239583 0.0398437
3 0.4893229 0.6265625 0.0286458 0.0265625
1 0.5565104 0.5707031 0.0276042 0.0289063
1 0.5250000 0.8699219 0.0364583 0.0382813
2 0.4390625 0.8394531 0.0166667 0.0304687
0 0.5955729 0.7621094 0.0359375 0.0351562
3 0.3479167 0.6914062 0.0375000 0.0375000
0 0.3497396 0.6335937 0.0296875 0.0406250
0 0.4875000 0.5718750 0.0416667 0.0296875
4 0.5682292 0.2820313 0.0312500 0.0296875
2 0.3062500 0.2824219 0.0385417 0.0351562
2 0.6192708 0.4726562 0.0322917 0.0375000
1 0.5583333 0.9390625 0.0281250 0.0437500
1 0.5572917 0.3644531 0.0395833 0.0289063
5 0.4750000 0.5632812 0.0218750 0.0406250
0 0.5739583 0.5003906 0.0364583 0.0351562
4 0.3739583 0.5304688 0.0343750 0.0312500
2 0.3843750 0.2835937 0.0229167 0.0390625
1 0.5726562 0.4078125 0.0244792 0.0281250
3 0.5645833 0.9582031 0.0218750 0.0554687
5 0.5973958 0.8742188 0.0354167 0.0359375
3 0.6015625 0.3781250 0.0343750 0.0234375
5 0.5533854 0.4011719 0.0265625 0.0382813
3 0.3398438 0.7226562 0.0244792 0.0609375
0 0.5328125 0.2945313 0.0395833 0.0296875
1 0.6877604 0.4191406 0.0328125 0.0320312
5 0.4997396 0.7000000 0.0421875 0.0296875
1 0.4671875 0.6882812 0.0312500 0.0453125
1 0.3645833 0.2941406 0.0281250 0.0335937
4 0.7622396 0.6332031 0.0192708 0.0257812
3 0.6664062 0.6218750 0.0317708 0.0343750
5 0.6565104 0.6968750 0.0255208 0.0296875
3 0.4242187 0.6136719 0.0223958 0.0507812
5 0.3296875 0.3960938 0.0364583 0.0250000
3 0.5825521 0.2242187 0.0307292 0.0359375
4 0.5929688 0.4542969 0.0276042 0.0445313
0 0.4958333 0.5988281 0.0229167 0.0304687
0 0.5859375 0.8464844 0.0197917 0.0539063
1 0.3815104 0.2226562 0.0296875 0.0484375
4 0.4755208 0.5941406 0.0364583 0.0257812
3 0.2937500 0.5394531 0.0364583 0.0320312
5 0.5911458 0.2539062 0.0385417 0.0468750
0 0.3023438 0.3515625 0.0390625 0.0281250
2 0.6437500 0.4046875 0.0208333 0.0578125
3 0.3109375 0.8269531 0.0187500 0.0492187
1 0.6812500 0.7796875 0.0208333 0.0546875
1 0.6791667 0.6531250 0.0354167 0.0375000
0 0.4875000 0.2636719 0.0156250 0.0492187
1 0.7299479 0.5863281 0.0296875 0.0507812
5 0.5539063 0.2789063 0.0380208 0.0265625
4 0.4203125 0.8082031 0.0385417 0.0273438
2 0.4867187 0.3628906 0.0265625 0.0273438
4 0.3989583 0.1363281 0.0364583 0.0335937
0 0.4877604 0.1718750 0.0380208 0.0281250
2 0.5846354 0.4171875 0.0380208 0.0265625
2 0.6330729 0.7699219 0.0213542 0.0554687
1 0.7062500 0.4011719 0.0406250 0.0226562
4 0.6510417 0.2992187 0.0281250 0.0437500
5 0.4942708 0.6574219 0.0229167 0.0476562
4 0.5763021 0.5867187 0.0296875 0.0531250
1 0.5151042 0.4796875 0.0156250 0.0531250
3 0.3265625 0.4617188 0.0187500 0.0609375
2 0.5411458 0.7453125 0.0354167 0.0343750
8 0.5515625 0.1921875 0.0395833 0.0390625
9 0.5476562 0.7765625 0.0380208 0.0406250
11 0.3880208 0.4835937 0.0291667 0.0390625
11 0.6395833 0.4273438 0.0343750 0.0421875
9 0.2713542 0.4636719 0.0364583 0.0367188
6 0.3429687 0.4484375 0.0234375 0.0500000
11 0.4989583 0.6234375 0.0229167 0.0343750
10 0.3166667 0.2394531 0.0375000 0.0351562
10 0.6638021 0.1925781 0.0244792 0.0539063
9 0.4140625 0.3183594 0.0395833 0.0382813
9 0.4179688 0.4886719 0.0244792 0.0492187
7 0.3268229 0.5089844 0.0359375 0.0351562
9 0.4846354 0.1300781 0.0234375 0.0539063
11 0.3901042 0.3945312 0.0354167 0.0343750
8 0.4281250 0.2933594 0.0375000 0.0367188
7 0.5072917 0.1636719 0.0364583 0.0429688
8 0.5317708 0.7750000 0.0250000 0.0578125
9 0.3210938 0.4882812 0.0307292 0.0468750
9 0.6442708 0.1035156 0.0333333 0.0351562
10 0.5424479 0.2597656 0.0255208 0.0507812
