4 0.5932292 0.7636719 0.0989583 0.2132813
1 0.7570313 0.5152344 0.1276042 0.1132812
3 0.5143229 0.3343750 0.0557292 0.0906250
5 0.7372396 0.8445312 0.0817708 0.2062500
4 0.2841146 0.2781250 0.1453125 0.1234375
4 0.3192708 0.8730469 0.1114583 0.2257812
1 0.3346354 0.5503906 0.0796875 0.1085938
0 0.6921875 0.7093750 0.0927083 0.2343750
4 0.5708333 0.3292969 0.1614583 0.1007813
5 0.4354167 0.4640625 0.1614583 0.1234375
5 0.4054687 0.9312500 0.1203125 0.1359375
1 0.4596354 0.6167969 0.1078125 0.2304688
5 0.7059896 0.5738281 0.1578125 0.1382812
3 0.4427083 0.6082031 0.1406250 0.1320312
5 0.5955729 0.5679688 0.1578125 0.1062500
5 0.5903646 0.3621094 0.1411458 0.0945312
2 0.6911458 0.3246094 0.1552083 0.1054688
0 0.4822917 0.4667969 0.1375000 0.0960938
1 0.2768229 0.1933594 0.0869792 0.2242187
3 0.7286458 0.3105469 0.1479167 0.1617187
2 0.5684896 0.4695313 0.0932292 0.1171875
3 0.5354167 0.7410156 0.0822917 0.2476562
2 0.4697917 0.6351562 0.0989583 0.2250000
4 0.5223958 0.4304688 0.1666667 0.1703125
1 0.5208333 0.2523437 0.1062500 0.2328125
0 0.3161458 0.5328125 0.1052083 0.2046875
4 0.3744792 0.2640625 0.1479167 0.1765625
0 0.7117187 0.8453125 0.1567708 0.0968750
3 0.4447917 0.2433594 0.0833333 0.1554687
5 0.3414063 0.3257813 0.1296875 0.2234375
7 0.3322917 0.8609375 0.1322917 0.1500000
6 0.2848958 0.4781250 0.1281250 0.1781250
9 0.7640625 0.7597656 0.1458333 0.1445312
11 0.3867188 0.0582031 0.0984375 0.1164063
10 0.3549479 0.7496094 0.1401042 0.1617187
6 0.7419271 0.5726562 0.1588542 0.1656250
8 0.2302083 0.2433594 0.1385417 0.1367188
7 0.4877604 0.9234375 0.0911458 0.1515625
6 0.7770833 0.5835938 0.1479167 0.2015625
10 0.3927083 0.3105469 0.1010417 0.1960938
11 0.2427083 0.2304688 0.1072917 0.2328125
10 0.4419271 0.3453125 0.1630208 0.2265625
10 0.5632812 0.9230469 0.0869792 0.1523438
