5 0.7674479 0.7425781 0.0744792 0.0664062
3 0.4911458 0.5164062 0.0718750 0.0562500
3 0.6671875 0.8667969 0.0312500 0.0914062
3 0.5747396 0.6691406 0.0578125 0.0679687
3 0.6531250 0.5015625 0.0593750 0.0562500
1 0.6283854 0.7785156 0.0463542 0.0773438
9 0.4484375 0.4847656 0.0572917 0.0742188
7 0.3403646 0.6011719 0.0692708 0.0945312
10 0.6721354 0.4246094 0.0432292 0.0820312
11 0.3796875 0.6320313 0.0718750 0.0906250
10 0.4888021 0.1628906 0.0744792 0.0945312
8 0.6653646 0.7453125 0.0453125 0.1031250
9 0.6218750 0.5464844 0.0677083 0.0914062
7 0.7791667 0.4132812 0.0625000 0.1046875
8 0.6158854 0.6085938 0.0692708 0.0937500
8 0.5765625 0.4804688 0.0802083 0.0875000
6 0.3197917 0.3910156 0.0645833 0.1164063
11 0.3945312 0.2191406 0.0661458 0.1085938
11 0.5187500 0.5507812 0.0510417 0.1093750
7 0.6315104 0.8167969 0.0661458 0.0898438
11 0.6692708 0.2234375 0.0781250 0.0765625
11 0.5372396 0.4554687 0.0619792 0.1156250
11 0.6078125 0.2457031 0.0666667 0.0742188
6 0.3434896 0.7824219 0.0713542 0.1070312
