3 0.6846354 0.6589844 0.0307292 0.0304687
5 0.5648437 0.3175781 0.0338542 0.0367188
2 0.4177083 0.6195312 0.0250000 0.0265625
1 0.5921875 0.7445312 0.0187500 0.0265625
4 0.6312500 0.7000000 0.0208333 0.0234375
1 0.6864583 0.4996094 0.0302083 0.0257812
2 0.5544271 0.5417969 0.0265625 0.0195312
4 0.5919271 0.6324219 0.0234375 0.0304687
4 0.6505208 0.7750000 0.0260417 0.0250000
0 0.3710938 0.3414063 0.0317708 0.0234375
2 0.6062500 0.4269531 0.0208333 0.0351562
3 0.5135417 0.1550781 0.0250000 0.0398437
2 0.6989583 0.7070312 0.0281250 0.0359375
4 0.3601563 0.8125000 0.0203125 0.0187500
3 0.7083333 0.5308594 0.0208333 0.0429688
0 0.3838542 0.4789062 0.0229167 0.0218750
3 0.5463542 0.2710938 0.0281250 0.0265625
2 0.6320313 0.2941406 0.0151042 0.0273438
1 0.3679688 0.7562500 0.0161458 0.0484375
1 0.4679687 0.5789062 0.0317708 0.0234375
5 0.6356771 0.8503906 0.0213542 0.0460938
4 0.3768229 0.5015625 0.0171875 0.0375000
3 0.6408854 0.7566406 0.0286458 0.0289063
3 0.5697917 0.2945313 0.0229167 0.0328125
0 0.4174479 0.7218750 0.0338542 0.0250000
3 0.5864583 0.5515625 0.0322917 0.0203125
5 0.3789062 0.1847656 0.0307292 0.0242188
2 0.4247396 0.4992187 0.0151042 0.0468750
4 0.4049479 0.5523438 0.0296875 0.0187500
0 0.5104167 0.4765625 0.0333333 0.0218750
2 0.6294271 0.4644531 0.0265625 0.0320312
3 0.7309896 0.6933594 0.0286458 0.0210938
5 0.4611979 0.6023437 0.0234375 0.0234375
5 0.6302083 0.5289063 0.0208333 0.0390625
4 0.4903646 0.7421875 0.0276042 0.0296875
3 0.5604167 0.3914063 0.0250000 0.0421875
0 0.7039062 0.4742188 0.0328125 0.0265625
10 0.5458333 0.5988281 0.0260417 0.0273438
7 0.4020833 0.2675781 0.0208333 0.0460938
