3 0.6755208 0.6574219 0.0322917 0.0320312
1 0.5380208 0.3765625 0.0250000 0.0328125
3 0.4226563 0.8562500 0.0161458 0.0500000
1 0.3778646 0.3695312 0.0255208 0.0234375
1 0.4674479 0.9195313 0.0192708 0.0250000
5 0.6473958 0.5269531 0.0291667 0.0414062
2 0.4481771 0.5144531 0.0192708 0.0273438
4 0.3817708 0.1703125 0.0270833 0.0390625
2 0.4236979 0.2542969 0.0255208 0.0242188
4 0.6861979 0.4125000 0.0255208 0.0359375
2 0.4632812 0.4046875 0.0276042 0.0390625
5 0.6651042 0.6628906 0.0187500 0.0414062
3 0.6317708 0.4128906 0.0333333 0.0335937
5 0.5174479 0.5296875 0.0192708 0.0328125
2 0.6656250 0.7832031 0.0364583 0.0242188
3 0.3976562 0.1519531 0.0192708 0.0429688
5 0.3104167 0.6484375 0.0343750 0.0296875
5 0.5565104 0.3804688 0.0276042 0.0343750
1 0.3333333 0.7148438 0.0250000 0.0375000
4 0.4533854 0.7574219 0.0223958 0.0398437
2 0.6533854 0.5730469 0.0296875 0.0351562
2 0.7132812 0.3851562 0.0213542 0.0453125
3 0.6148438 0.8121094 0.0203125 0.0257812
2 0.6148438 0.6386719 0.0317708 0.0242188
0 0.4270833 0.8937500 0.0229167 0.0453125
2 0.4968750 0.7925781 0.0166667 0.0382813
2 0.7104167 0.7554688 0.0270833 0.0265625
3 0.6692708 0.2054688 0.0197917 0.0234375
5 0.5882812 0.2136719 0.0182292 0.0257812
3 0.5473958 0.6253906 0.0270833 0.0226562
2 0.4861979 0.7695312 0.0338542 0.0265625
3 0.6130208 0.4039063 0.0177083 0.0203125
5 0.6565104 0.5367188 0.0380208 0.0296875
3 0.7169271 0.5023437 0.0234375 0.0312500
4 0.5742188 0.9011719 0.0338542 0.0273438
5 0.5242187 0.6152344 0.0286458 0.0320312
5 0.2934896 0.5218750 0.0182292 0.0312500
0 0.6093750 0.0992187 0.0322917 0.0234375
5 0.6388021 0.7089844 0.0213542 0.0460938
0 0.6161458 0.5914063 0.0187500 0.0343750
2 0.3153646 0.5031250 0.0192708 0.0453125
4 0.3895833 0.7792969 0.0145833 0.0429688
3 0.5583333 0.2285156 0.0197917 0.0476562
5 0.5559896 0.7191406 0.0213542 0.0382813
4 0.5864583 0.5734375 0.0145833 0.0421875
1 0.4109375 0.7503906 0.0208333 0.0523438
3 0.6502604 0.5257812 0.0171875 0.0281250
0 0.6106771 0.2679687 0.0317708 0.0265625
3 0.4442708 0.2980469 0.0281250 0.0210938
4 0.6833333 0.1523438 0.0291667 0.0187500
1 0.5924479 0.5421875 0.0151042 0.0453125
0 0.4875000 0.2867188 0.0229167 0.0218750
3 0.6411458 0.5695313 0.0156250 0.0500000
3 0.3380208 0.6054688 0.0250000 0.0296875
5 0.3908854 0.9023438 0.0255208 0.0468750
4 0.2679687 0.7363281 0.0182292 0.0242188
1 0.4484375 0.3429687 0.0197917 0.0296875
3 0.2809896 0.6031250 0.0296875 0.0406250
5 0.4692708 0.4445312 0.0302083 0.0250000
0 0.3247396 0.2976563 0.0296875 0.0203125
2 0.5455729 0.1875000 0.0151042 0.0281250
4 0.6164063 0.3722656 0.0296875 0.0320312
3 0.4015625 0.6175781 0.0166667 0.0523438
3 0.5117188 0.2355469 0.0161458 0.0382813
1 0.6437500 0.6406250 0.0177083 0.0484375
3 0.6041667 0.4761719 0.0270833 0.0273438
3 0.7091146 0.7718750 0.0286458 0.0281250
0 0.4731771 0.3832031 0.0234375 0.0476562
4 0.7635417 0.7046875 0.0333333 0.0250000
8 0.5341146 0.5085937 0.0213542 0.0390625
10 0.6372396 0.8531250 0.0317708 0.0453125
11 0.6169271 0.4531250 0.0234375 0.0484375
