5 0.6164063 0.3113281 0.0203125 0.0429688
0 0.5223958 0.1695312 0.0270833 0.0296875
3 0.3296875 0.3000000 0.0197917 0.0562500
3 0.3846354 0.7789063 0.0182292 0.0593750
3 0.5544271 0.3734375 0.0390625 0.0453125
1 0.5356771 0.1503906 0.0401042 0.0289063
2 0.4398437 0.3960938 0.0171875 0.0468750
1 0.5638021 0.7855469 0.0317708 0.0460938
5 0.5755208 0.4187500 0.0208333 0.0531250
1 0.5263021 0.4136719 0.0244792 0.0382813
4 0.6242188 0.6109375 0.0390625 0.0296875
5 0.6898437 0.5617188 0.0359375 0.0281250
3 0.3851562 0.4328125 0.0244792 0.0390625
4 0.6223958 0.6933594 0.0333333 0.0351562
5 0.7369792 0.6023437 0.0385417 0.0328125
2 0.4320312 0.3601563 0.0203125 0.0375000
5 0.4075521 0.6851563 0.0234375 0.0578125
4 0.6119792 0.4070313 0.0229167 0.0328125
0 0.5552083 0.4628906 0.0416667 0.0273438
1 0.6747396 0.4070313 0.0390625 0.0265625
3 0.6640625 0.2714844 0.0427083 0.0320312
4 0.6296875 0.3210938 0.0343750 0.0359375
5 0.3973958 0.3148437 0.0375000 0.0296875
2 0.5791667 0.3375000 0.0281250 0.0328125
1 0.3997396 0.3488281 0.0401042 0.0257812
0 0.4184896 0.4269531 0.0432292 0.0429688
4 0.6992188 0.3230469 0.0192708 0.0320312
0 0.6169271 0.3074219 0.0328125 0.0398437
4 0.5744792 0.4859375 0.0239583 0.0515625
4 0.6796875 0.7007813 0.0406250 0.0375000
2 0.6127604 0.4218750 0.0401042 0.0281250
0 0.5166667 0.6167969 0.0343750 0.0257812
2 0.5890625 0.7750000 0.0333333 0.0328125
1 0.6932292 0.3964844 0.0406250 0.0382813
0 0.2559896 0.4808594 0.0265625 0.0335937
1 0.3260417 0.6781250 0.0218750 0.0437500
3 0.6463542 0.7062500 0.0333333 0.0437500
1 0.7283854 0.5410156 0.0411458 0.0351562
4 0.5299479 0.8917969 0.0192708 0.0445313
2 0.7710938 0.2851562 0.0276042 0.0281250
2 0.4760417 0.7785156 0.0364583 0.0242188
2 0.4231771 0.4824219 0.0265625 0.0585938
1 0.4171875 0.4496094 0.0166667 0.0398437
4 0.2820313 0.3707031 0.0369792 0.0273438
4 0.5888021 0.4113281 0.0213542 0.0632812
2 0.5111979 0.3203125 0.0401042 0.0421875
1 0.7781250 0.3710938 0.0406250 0.0390625
2 0.4000000 0.8890625 0.0197917 0.0421875
4 0.5838542 0.5929688 0.0385417 0.0343750
5 0.3799479 0.2214844 0.0255208 0.0398437
2 0.4898438 0.5027344 0.0255208 0.0335937
0 0.6039062 0.2359375 0.0203125 0.0531250
1 0.4856771 0.7644531 0.0276042 0.0335937
5 0.4364583 0.6628906 0.0312500 0.0382813
4 0.5203125 0.1554687 0.0395833 0.0265625
4 0.5023437 0.8031250 0.0244792 0.0609375
6 0.5424479 0.5656250 0.0390625 0.0421875
8 0.3458333 0.8398438 0.0250000 0.0562500
9 0.3768229 0.5800781 0.0411458 0.0398437
7 0.3375000 0.6824219 0.0291667 0.0523438
6 0.3684896 0.2996094 0.0338542 0.0335937
9 0.5179687 0.9632812 0.0244792 0.0578125
6 0.4755208 0.6023437 0.0312500 0.0609375
7 0.5645833 0.3902344 0.0364583 0.0414062
8 0.7393229 0.5023437 0.0369792 0.0390625
10 0.4223958 0.9273438 0.0281250 0.0500000
9 0.5908854 0.8039063 0.0244792 0.0531250
6 0.3960938 0.7105469 0.0223958 0.0507812
10 0.5929688 0.2734375 0.0401042 0.0515625
