1 0.3447917 0.3121094 0.0322917 0.1054688
4 0.2864583 0.5082031 0.0583333 0.0929688
4 0.5843750 0.6285156 0.0531250 0.0679687
5 0.5755208 0.7726563 0.0541667 0.1015625
0 0.3174479 0.5226563 0.0348958 0.0781250
0 0.5638021 0.3136719 0.0578125 0.0664062
1 0.6794271 0.3976562 0.0713542 0.0703125
3 0.4963542 0.2570312 0.0552083 0.0875000
2 0.5552083 0.3238281 0.0781250 0.0601563
3 0.4630208 0.3437500 0.0531250 0.0906250
1 0.6395833 0.5539063 0.0729167 0.0515625
2 0.6640625 0.1203125 0.0739583 0.0546875
5 0.5979167 0.4335938 0.0479167 0.0875000
0 0.6585937 0.3855469 0.0682292 0.0523438
3 0.6815104 0.5265625 0.0401042 0.0906250
0 0.6028646 0.2847656 0.0359375 0.0476562
4 0.5473958 0.5171875 0.0562500 0.0468750
1 0.5059896 0.4921875 0.0494792 0.0500000
5 0.7268229 0.3179688 0.0588542 0.0625000
2 0.5229167 0.2941406 0.0364583 0.0992187
3 0.4169271 0.6246094 0.0505208 0.0554687
2 0.6325521 0.4191406 0.0390625 0.0835937
3 0.5882812 0.5910156 0.0755208 0.0632812
1 0.7619792 0.4906250 0.0520833 0.1015625
10 0.6898437 0.6207031 0.0463542 0.0773438
7 0.6997396 0.3898437 0.0692708 0.0687500
7 0.3513021 0.7308594 0.0630208 0.0820312
9 0.7695312 0.7253906 0.0682292 0.0664062
6 0.5486979 0.2386719 0.0682292 0.0664062
10 0.7921875 0.4789062 0.0625000 0.0765625
10 0.5476562 0.6937500 0.0661458 0.0765625
9 0.5723958 0.5707031 0.0614583 0.0648438
7 0.4757812 0.1734375 0.0442708 0.0593750
8 0.4611979 0.4953125 0.0484375 0.0765625
10 0.6270833 0.4367187 0.0625000 0.0687500
6 0.5963542 0.2414062 0.0572917 0.1093750
8 0.7554688 0.6945313 0.0651042 0.0640625
