3 0.3479167 0.4773438 0.0458333 0.0765625
1 0.6354167 0.6324219 0.0781250 0.1273438
4 0.5059896 0.2421875 0.0421875 0.1531250
2 0.6111979 0.8277344 0.0953125 0.0742188
1 0.3716146 0.4523437 0.0619792 0.1375000
1 0.5630208 0.4257812 0.0666667 0.1343750
2 0.4273438 0.7472656 0.0463542 0.1101562
1 0.5265625 0.6253906 0.0489583 0.1414063
2 0.7471354 0.4718750 0.0932292 0.0734375
4 0.4195313 0.3472656 0.1057292 0.0742188
2 0.7166667 0.5964844 0.0906250 0.0585938
2 0.6742187 0.4285156 0.0838542 0.0820312
4 0.4731771 0.0703125 0.0609375 0.0906250
4 0.7164063 0.7492188 0.1026042 0.0718750
3 0.5617188 0.3027344 0.0494792 0.1414063
4 0.3317708 0.5714844 0.0458333 0.0960938
5 0.5044271 0.4613281 0.0671875 0.0648438
0 0.4809896 0.5644531 0.0442708 0.1273438
1 0.6841146 0.1562500 0.0786458 0.0984375
0 0.3723958 0.5140625 0.0854167 0.0703125
3 0.5505208 0.8574219 0.0802083 0.1148437
3 0.5877604 0.5421875 0.0869792 0.0828125
0 0.5257812 0.6214844 0.0484375 0.0804688
0 0.5955729 0.4476562 0.0473958 0.1359375
4 0.6611979 0.4613281 0.0994792 0.0664062
4 0.6080729 0.9777344 0.0776042 0.0429688
2 0.6518229 0.6757812 0.0640625 0.1281250
3 0.5609375 0.6601562 0.0447917 0.0703125
5 0.4216146 0.6019531 0.0953125 0.0789062
1 0.5315104 0.5835938 0.0901042 0.0687500
2 0.5924479 0.9289063 0.0942708 0.1140625
0 0.6000000 0.4843750 0.0635417 0.1000000
2 0.6361979 0.3839844 0.0901042 0.0617188
5 0.5010417 0.1894531 0.0489583 0.1257813
3 0.4588542 0.3007812 0.0510417 0.0640625
5 0.6119792 0.2464844 0.0968750 0.0742188
4 0.3880208 0.4285156 0.0364583 0.0835937
1 0.5125000 0.7210937 0.0489583 0.0796875
2 0.6020833 0.2656250 0.0979167 0.0703125
0 0.6104167 0.5210938 0.0885417 0.0875000
4 0.6789063 0.1921875 0.0713542 0.0781250
4 0.5695313 0.8527344 0.0942708 0.0695313
5 0.5606771 0.4750000 0.0713542 0.1359375
4 0.5518229 0.5679688 0.0578125 0.1312500
3 0.4070313 0.7773438 0.1046875 0.0718750
0 0.7091146 0.6218750 0.0713542 0.0718750
4 0.5924479 0.6957031 0.1046875 0.0835937
2 0.5690104 0.9636719 0.0807292 0.0710937
1 0.4473958 0.9230469 0.0656250 0.0851563
7 0.6776042 0.6824219 0.0843750 0.0835937
11 0.6760417 0.5941406 0.0802083 0.0820312
8 0.6609375 0.7109375 0.0885417 0.1031250
9 0.3882813 0.3296875 0.0609375 0.1421875
6 0.6859375 0.5445313 0.1041667 0.1078125
11 0.4036458 0.4675781 0.0666667 0.1242188
8 0.4143229 0.4375000 0.0546875 0.1062500
11 0.3809896 0.2453125 0.0973958 0.1000000
8 0.4804688 0.7214844 0.0651042 0.1273438
6 0.4669271 0.6328125 0.0817708 0.0843750
9 0.5859375 0.3976562 0.0562500 0.1187500
10 0.7783854 0.4582031 0.0953125 0.0960938
9 0.7164063 0.6468750 0.1005208 0.0968750
10 0.4177083 0.2750000 0.0625000 0.1437500
