0 0.4286458 0.5882812 0.0697917 0.0718750
0 0.7020833 0.4687500 0.0916667 0.0859375
4 0.1976563 0.3863281 0.0619792 0.0742188
3 0.3945312 0.5628906 0.0796875 0.0679687
0 0.3750000 0.4949219 0.1020833 0.0804688
3 0.4177083 0.6605469 0.0635417 0.0929688
2 0.4864583 0.8605469 0.0750000 0.1273438
4 0.6085938 0.7871094 0.1015625 0.0710937
3 0.4664063 0.5656250 0.0463542 0.1265625
5 0.6130208 0.3781250 0.0927083 0.0609375
4 0.5526042 0.9226562 0.0927083 0.1046875
0 0.4385417 0.7496094 0.0958333 0.0695313
1 0.7648438 0.4988281 0.0432292 0.0976562
3 0.3414063 0.6109375 0.0911458 0.0625000
0 0.5976562 0.5015625 0.0598958 0.0781250
3 0.3604167 0.4187500 0.0697917 0.0750000
2 0.5062500 0.3546875 0.1020833 0.0703125
3 0.6523438 0.2414062 0.0890625 0.0609375
3 0.5604167 0.3726563 0.0489583 0.1171875
5 0.6369792 0.3750000 0.0656250 0.0968750
0 0.6604167 0.4246094 0.0843750 0.0789062
2 0.3122396 0.1304687 0.0536458 0.0656250
3 0.4726562 0.8300781 0.0963542 0.0539063
3 0.5484375 0.8175781 0.0708333 0.0898438
2 0.7549479 0.4375000 0.0942708 0.0906250
2 0.6929688 0.2609375 0.0401042 0.0578125
4 0.5875000 0.7273437 0.0593750 0.1093750
1 0.3101563 0.3382812 0.1015625 0.0718750
3 0.5739583 0.7972656 0.0604167 0.0726563
2 0.5625000 0.5851563 0.0552083 0.1390625
1 0.5544271 0.3140625 0.0536458 0.0937500
5 0.5072917 0.4277344 0.0500000 0.0757812
4 0.5544271 0.6992188 0.0671875 0.1437500
5 0.3598958 0.9449219 0.0822917 0.0898438
1 0.6250000 0.5730469 0.0989583 0.0742188
4 0.3096354 0.2636719 0.0671875 0.1398437
2 0.7445312 0.7277344 0.0973958 0.0554687
1 0.6544271 0.6234375 0.0984375 0.0656250
4 0.5908854 0.2304688 0.0703125 0.0828125
0 0.3802083 0.4554687 0.1052083 0.0953125
1 0.2830729 0.7449219 0.0932292 0.0648438
0 0.6325521 0.4898438 0.0359375 0.0937500
1 0.3651042 0.3683594 0.0885417 0.0664062
5 0.5611979 0.5578125 0.0713542 0.0671875
0 0.5765625 0.5378906 0.0937500 0.0617188
2 0.4809896 0.6445312 0.0661458 0.1234375
2 0.3614583 0.5308594 0.0677083 0.0742188
3 0.3486979 0.2078125 0.1005208 0.0703125
0 0.5934896 0.2367188 0.0661458 0.0968750
0 0.5356771 0.1988281 0.0776042 0.1226562
5 0.7320313 0.3453125 0.1015625 0.0750000
3 0.5070313 0.6945313 0.0901042 0.0578125
2 0.2916667 0.2414062 0.0697917 0.0687500
4 0.3510417 0.3863281 0.0906250 0.1101562
4 0.4921875 0.5621094 0.0531250 0.0976562
0 0.7645833 0.4769531 0.0937500 0.0710937
2 0.6023437 0.6656250 0.0630208 0.1531250
5 0.5947917 0.4000000 0.0958333 0.0734375
3 0.6255208 0.3578125 0.0927083 0.0640625
5 0.4294271 0.8128906 0.0994792 0.0742188
3 0.5945312 0.8625000 0.0828125 0.0984375
1 0.4825521 0.2050781 0.0411458 0.0585938
0 0.4408854 0.1023437 0.0703125 0.1125000
1 0.4302083 0.3691406 0.0656250 0.1257813
4 0.5828125 0.8460937 0.0500000 0.1593750
0 0.6054688 0.0480469 0.0536458 0.0960938
5 0.5898438 0.3023438 0.0765625 0.0718750
4 0.4276042 0.4039063 0.0593750 0.0796875
1 0.5187500 0.3964844 0.0802083 0.0851563
4 0.6471354 0.2355469 0.0901042 0.0664062
6 0.4317708 0.6289062 0.0718750 0.1140625
