4 0.8052083 0.5707031 0.0833333 0.0757812
2 0.6908854 0.2714844 0.0921875 0.0648438
1 0.6552083 0.1484375 0.0697917 0.1093750
1 0.6122396 0.3214844 0.0932292 0.0617188
2 0.2690104 0.2050781 0.0859375 0.0804688
1 0.2065104 0.5910156 0.0807292 0.0898438
2 0.4377604 0.6792969 0.0692708 0.1023437
2 0.3187500 0.4921875 0.0458333 0.0859375
3 0.6010417 0.1691406 0.0406250 0.1007813
5 0.6315104 0.5257812 0.0838542 0.0609375
5 0.4929688 0.2542969 0.0421875 0.0726563
5 0.6786458 0.3304687 0.0666667 0.0843750
4 0.5945312 0.6832031 0.0963542 0.0867187
5 0.6632813 0.6839844 0.0609375 0.0601563
1 0.4481771 0.2355469 0.0473958 0.1273438
5 0.3721354 0.2871094 0.0411458 0.1460937
4 0.5406250 0.3011719 0.0500000 0.0554687
0 0.4127604 0.2277344 0.0432292 0.1242188
0 0.2380208 0.3128906 0.0864583 0.0570312
5 0.3585937 0.6476563 0.0869792 0.0625000
4 0.4679687 0.7269531 0.0828125 0.0804688
1 0.7515625 0.6242188 0.0916667 0.0671875
3 0.6903646 0.9078125 0.0578125 0.1046875
5 0.4854167 0.8894531 0.0500000 0.0820312
1 0.3526042 0.7464844 0.0885417 0.0867187
0 0.4572917 0.2550781 0.0937500 0.0632812
4 0.7010417 0.5710937 0.0468750 0.0687500
4 0.4479167 0.6972656 0.0864583 0.0679687
0 0.5447917 0.6308594 0.0906250 0.0632812
1 0.6067708 0.2710938 0.0927083 0.0656250
1 0.4286458 0.1738281 0.0770833 0.1179687
2 0.3049479 0.4632812 0.0838542 0.0687500
2 0.3867188 0.3363281 0.0744792 0.0617188
3 0.2690104 0.2039063 0.0432292 0.1390625
2 0.6971354 0.4109375 0.0817708 0.0546875
5 0.4929688 0.3617187 0.0609375 0.1156250
0 0.4179688 0.7835937 0.0505208 0.1171875
5 0.1752604 0.3847656 0.0848958 0.0835937
5 0.6070313 0.6785156 0.0765625 0.1054688
0 0.6906250 0.4316406 0.0854167 0.1164063
1 0.6088542 0.5894531 0.0552083 0.0976562
0 0.5296875 0.4363281 0.0729167 0.1242188
2 0.4039063 0.8613281 0.0494792 0.1226562
5 0.5333333 0.2019531 0.0875000 0.0601563
1 0.7015625 0.5980469 0.0937500 0.0835937
4 0.2919271 0.4804688 0.0880208 0.0593750
4 0.6231771 0.3742187 0.0515625 0.1421875
0 0.1984375 0.5699219 0.0468750 0.0960938
2 0.3208333 0.2230469 0.0958333 0.0664062
1 0.6122396 0.2976563 0.0890625 0.0640625
5 0.4247396 0.6929688 0.0984375 0.0968750
2 0.6658854 0.6421875 0.0869792 0.0859375
8 0.6609375 0.5058594 0.0750000 0.0898438
9 0.3817708 0.0796875 0.0541667 0.1250000
11 0.7617188 0.4128906 0.0932292 0.0898438
7 0.5106771 0.2015625 0.0828125 0.0828125
10 0.3562500 0.8003906 0.0677083 0.1164063
7 0.7138021 0.7335938 0.0807292 0.1078125
6 0.7981771 0.5898438 0.0921875 0.1078125
