5 0.5963542 0.5167969 0.0364583 0.0992187
0 0.6861979 0.6351562 0.0432292 0.0515625
2 0.5578125 0.3082031 0.0552083 0.0945312
2 0.8125000 0.4140625 0.0750000 0.0796875
4 0.5575521 0.8601562 0.0609375 0.0968750
4 0.4653646 0.3867188 0.0411458 0.0750000
0 0.6937500 0.6839844 0.0656250 0.0757812
0 0.7455729 0.7300781 0.0630208 0.0804688
2 0.3466146 0.1953125 0.0369792 0.0890625
4 0.4932292 0.7328125 0.0552083 0.1000000
5 0.6468750 0.1988281 0.0729167 0.0789062
2 0.7932292 0.6136719 0.0375000 0.1085938
0 0.4151042 0.5226563 0.0562500 0.0500000
3 0.6716146 0.3496094 0.0776042 0.0617188
5 0.6825521 0.7160156 0.0546875 0.0648438
3 0.3322917 0.1019531 0.0718750 0.0757812
0 0.7601562 0.4234375 0.0619792 0.0734375
0 0.5369792 0.5691406 0.0395833 0.0945312
1 0.6195312 0.5152344 0.0796875 0.0523438
4 0.3486979 0.1589844 0.0703125 0.0773438
5 0.6604167 0.6898437 0.0697917 0.0593750
1 0.3539062 0.7253906 0.0630208 0.0554687
4 0.4000000 0.1148437 0.0729167 0.0750000
0 0.6622396 0.4714844 0.0296875 0.0742188
4 0.6296875 0.6261719 0.0750000 0.0570312
4 0.5554687 0.4687500 0.0640625 0.0578125
0 0.5531250 0.2121094 0.0854167 0.0570312
1 0.2903646 0.2187500 0.0828125 0.0500000
2 0.6466146 0.8421875 0.0671875 0.0843750
1 0.6718750 0.4441406 0.0458333 0.0835937
2 0.6098958 0.0933594 0.0427083 0.0945312
2 0.5518229 0.5972656 0.0692708 0.0679687
0 0.4596354 0.3027344 0.0526042 0.0898438
3 0.2942708 0.7386719 0.0812500 0.0679687
3 0.7505208 0.8085938 0.0760417 0.0562500
2 0.4007812 0.7683594 0.0432292 0.1226562
0 0.5843750 0.2328125 0.0572917 0.1031250
2 0.2773438 0.4843750 0.0505208 0.1015625
4 0.6088542 0.1203125 0.0541667 0.1062500
5 0.2309896 0.3699219 0.0848958 0.0554687
2 0.4502604 0.3062500 0.0453125 0.0718750
4 0.7505208 0.3746094 0.0812500 0.0585938
0 0.5643229 0.1972656 0.0682292 0.0835937
2 0.2617188 0.4804688 0.0838542 0.0562500
2 0.5002604 0.2386719 0.0692708 0.0507812
3 0.3692708 0.3203125 0.0416667 0.1281250
0 0.4054687 0.7472656 0.0359375 0.0617188
5 0.5117188 0.5253906 0.0651042 0.0710937
2 0.6242188 0.5250000 0.0755208 0.0515625
1 0.3778646 0.1062500 0.0359375 0.0734375
11 0.4393229 0.6320313 0.0567708 0.1031250
9 0.4929688 0.2074219 0.0505208 0.1164063
10 0.3955729 0.7449219 0.0463542 0.1023437
6 0.3322917 0.3363281 0.0645833 0.0632812
8 0.4916667 0.4433594 0.0479167 0.0773438
6 0.3632812 0.3917969 0.0442708 0.0882813
9 0.6059896 0.0273438 0.0526042 0.0546875
8 0.6442708 0.6457031 0.0760417 0.0710937
6 0.5234375 0.9492188 0.0604167 0.1000000
11 0.5945312 0.3527344 0.0442708 0.0695313
9 0.6882812 0.2894531 0.0453125 0.1023437
