5 0.2546875 0.5546875 0.0541667 0.0375000
4 0.5145833 0.3414063 0.0395833 0.0671875
4 0.7619792 0.5070313 0.0520833 0.0484375
1 0.2833333 0.5156250 0.0281250 0.0765625
3 0.3578125 0.6281250 0.0322917 0.0390625
3 0.4408854 0.5000000 0.0296875 0.0890625
3 0.3057292 0.4101562 0.0322917 0.0703125
2 0.5270833 0.2117188 0.0500000 0.0484375
0 0.4335938 0.5652344 0.0515625 0.0335937
1 0.5242187 0.1972656 0.0494792 0.0351562
1 0.4580729 0.1917969 0.0390625 0.0492187
5 0.3216146 0.7265625 0.0515625 0.0453125
0 0.3046875 0.4289062 0.0562500 0.0406250
11 0.6127604 0.2550781 0.0453125 0.0492187
11 0.5953125 0.5609375 0.0510417 0.0515625
11 0.5320312 0.4500000 0.0338542 0.0546875
11 0.6028646 0.4464844 0.0546875 0.0757812
6 0.5888021 0.7519531 0.0515625 0.0585938
11 0.6960937 0.6601562 0.0515625 0.0546875
9 0.4263021 0.7667969 0.0515625 0.0539063
6 0.6158854 0.3996094 0.0453125 0.0695313
8 0.4351563 0.6664062 0.0546875 0.0750000
7 0.5783854 0.3753906 0.0515625 0.0539063
11 0.3440104 0.2039063 0.0328125 0.0765625
8 0.7369792 0.5707031 0.0562500 0.0710937
11 0.5638021 0.6046875 0.0432292 0.0468750
10 0.5822917 0.6828125 0.0489583 0.0609375
6 0.5348958 0.2277344 0.0416667 0.0679687
11 0.5276042 0.4781250 0.0468750 0.0703125
