4 0.3416667 0.4695313 0.0270833 0.0187500
4 0.5760417 0.6316406 0.0250000 0.0195312
2 0.3804688 0.4648438 0.0140625 0.0203125
0 0.5781250 0.2125000 0.0125000 0.0343750
2 0.4096354 0.3550781 0.0140625 0.0289063
3 0.4986979 0.6843750 0.0244792 0.0281250
1 0.4143229 0.2550781 0.0151042 0.0257812
5 0.6213542 0.3429687 0.0312500 0.0296875
4 0.4929688 0.6804687 0.0161458 0.0359375
1 0.5812500 0.1855469 0.0260417 0.0179687
5 0.2466146 0.6062500 0.0255208 0.0312500
3 0.6687500 0.3433594 0.0260417 0.0179687
3 0.4335938 0.3003906 0.0234375 0.0289063
4 0.4976563 0.9480469 0.0130208 0.0242188
3 0.4593750 0.1824219 0.0218750 0.0304687
0 0.4979167 0.3132813 0.0145833 0.0328125
4 0.4143229 0.4437500 0.0182292 0.0265625
4 0.6500000 0.3421875 0.0250000 0.0218750
2 0.4075521 0.3195312 0.0203125 0.0265625
4 0.5164062 0.3785156 0.0223958 0.0226562
5 0.3705729 0.8222656 0.0130208 0.0429688
1 0.3190104 0.5066406 0.0182292 0.0335937
1 0.5114583 0.3097656 0.0166667 0.0335937
0 0.6726562 0.3355469 0.0276042 0.0273438
4 0.6049479 0.4203125 0.0119792 0.0234375
2 0.4794271 0.2324219 0.0276042 0.0210938
0 0.6486979 0.4855469 0.0296875 0.0164063
0 0.4492188 0.7242188 0.0265625 0.0203125
4 0.5578125 0.2773438 0.0156250 0.0390625
1 0.4372396 0.8472656 0.0130208 0.0210938
5 0.5703125 0.3410156 0.0145833 0.0320312
1 0.6661458 0.1707031 0.0125000 0.0335937
5 0.4679687 0.4796875 0.0255208 0.0187500
4 0.4414062 0.2996094 0.0192708 0.0382813
5 0.5750000 0.4042969 0.0239583 0.0257812
2 0.4471354 0.1339844 0.0286458 0.0195312
2 0.5848958 0.5054688 0.0260417 0.0265625
3 0.6145833 0.7972656 0.0281250 0.0179687
3 0.2885417 0.4531250 0.0250000 0.0234375
3 0.6411458 0.5304688 0.0250000 0.0296875
5 0.4356771 0.6242188 0.0213542 0.0390625
3 0.4247396 0.3761719 0.0119792 0.0398437
4 0.4578125 0.9312500 0.0177083 0.0328125
5 0.6104167 0.4433594 0.0250000 0.0257812
3 0.4989583 0.3363281 0.0156250 0.0398437
1 0.6947917 0.6757812 0.0302083 0.0187500
5 0.4192708 0.7425781 0.0187500 0.0210938
1 0.6114583 0.7863281 0.0166667 0.0414062
10 0.4119792 0.3652344 0.0250000 0.0242188
6 0.6164063 0.5839844 0.0203125 0.0367188
8 0.5231771 0.4917969 0.0255208 0.0304687
10 0.5283854 0.8531250 0.0276042 0.0406250
9 0.6854167 0.5746094 0.0239583 0.0257812
8 0.4817708 0.5292969 0.0281250 0.0273438
8 0.3859375 0.1855469 0.0260417 0.0289063
9 0.5770833 0.4570312 0.0260417 0.0296875
6 0.5364583 0.5714844 0.0229167 0.0367188
8 0.5781250 0.7296875 0.0166667 0.0281250
7 0.6921875 0.4933594 0.0239583 0.0351562
7 0.7028646 0.6203125 0.0161458 0.0312500
9 0.2872396 0.5652344 0.0182292 0.0273438
6 0.6591146 0.5187500 0.0276042 0.0390625
6 0.3911458 0.1980469 0.0187500 0.0320312
6 0.5161458 0.3101563 0.0270833 0.0265625
6 0.5593750 0.5109375 0.0229167 0.0296875
