2 0.6703125 0.1101562 0.0250000 0.0171875
5 0.5684896 0.5847656 0.0119792 0.0179687
5 0.5908854 0.6128906 0.0223958 0.0179687
4 0.6468750 0.6683594 0.0156250 0.0226562
0 0.7513021 0.3511719 0.0223958 0.0257812
4 0.4395833 0.4039063 0.0166667 0.0156250
4 0.6427083 0.3042969 0.0135417 0.0210938
5 0.3937500 0.4335938 0.0156250 0.0265625
4 0.4942708 0.2156250 0.0104167 0.0296875
2 0.7632813 0.1964844 0.0109375 0.0367188
2 0.4588542 0.3285156 0.0239583 0.0164063
1 0.4544271 0.7414063 0.0223958 0.0234375
2 0.4812500 0.3976562 0.0104167 0.0328125
0 0.4382813 0.6695313 0.0130208 0.0265625
4 0.5989583 0.5003906 0.0166667 0.0210938
0 0.6036458 0.3917969 0.0093750 0.0289063
4 0.5656250 0.3609375 0.0197917 0.0203125
9 0.4770833 0.6320313 0.0166667 0.0343750
8 0.1979167 0.7218750 0.0156250 0.0343750
6 0.5536458 0.2074219 0.0156250 0.0351562
6 0.4901042 0.6589844 0.0145833 0.0320312
6 0.6195312 0.3914063 0.0213542 0.0218750
9 0.6960937 0.5746094 0.0223958 0.0257812
11 0.7643229 0.4164062 0.0182292 0.0250000
7 0.3497396 0.7000000 0.0223958 0.0218750
11 0.6125000 0.8050781 0.0208333 0.0351562
11 0.5421875 0.6503906 0.0156250 0.0226562
11 0.5166667 0.2003906 0.0208333 0.0289063
7 0.7278646 0.3515625 0.0203125 0.0265625
