2 0.6481771 0.7437500 0.0296875 0.0421875
5 0.5153646 0.7464844 0.0286458 0.0210938
0 0.2213542 0.5804687 0.0312500 0.0265625
1 0.7674479 0.5343750 0.0213542 0.0234375
3 0.4234375 0.1941406 0.0218750 0.0445313
2 0.6375000 0.2515625 0.0197917 0.0281250
2 0.6476563 0.6332031 0.0182292 0.0210938
1 0.5447917 0.4699219 0.0197917 0.0445313
1 0.5684896 0.4996094 0.0286458 0.0242188
0 0.4783854 0.5347656 0.0265625 0.0257812
5 0.7518229 0.7320313 0.0328125 0.0312500
4 0.2804687 0.5359375 0.0161458 0.0312500
0 0.3479167 0.6945313 0.0354167 0.0296875
2 0.4596354 0.1539062 0.0307292 0.0359375
3 0.5778646 0.4050781 0.0296875 0.0242188
7 0.7171875 0.6566406 0.0302083 0.0351562
8 0.4177083 0.4640625 0.0302083 0.0312500
9 0.4148438 0.3375000 0.0192708 0.0296875
11 0.7127604 0.2746094 0.0296875 0.0492187
8 0.5817708 0.6378906 0.0302083 0.0304687
6 0.6044271 0.5781250 0.0317708 0.0312500
6 0.6919271 0.3425781 0.0328125 0.0320312
11 0.5195312 0.4949219 0.0317708 0.0382813
10 0.4664063 0.8316406 0.0223958 0.0460938
10 0.3934896 0.3449219 0.0234375 0.0492187
