0 0.5851563 0.7578125 0.0692708 0.0703125
3 0.3893229 0.5316406 0.0442708 0.0867187
4 0.4848958 0.1402344 0.0322917 0.0945312
1 0.6330729 0.7558594 0.0588542 0.0460938
3 0.5515625 0.4031250 0.0625000 0.0593750
2 0.6156250 0.6992188 0.0677083 0.0468750
4 0.6908854 0.6433594 0.0640625 0.0570312
3 0.3158854 0.6417969 0.0598958 0.0726563
0 0.4773438 0.6945313 0.0380208 0.0562500
2 0.5872396 0.2992187 0.0661458 0.0453125
1 0.5666667 0.6605469 0.0635417 0.0414062
4 0.7401042 0.8039063 0.0677083 0.0671875
3 0.7658854 0.4558594 0.0348958 0.1023437
1 0.5104167 0.7093750 0.0520833 0.0531250
3 0.6312500 0.2164062 0.0697917 0.0484375
0 0.4643229 0.4996094 0.0505208 0.0664062
3 0.7541667 0.5246094 0.0489583 0.0632812
1 0.5119792 0.8269531 0.0437500 0.0539063
1 0.4835937 0.2179687 0.0630208 0.0578125
1 0.7432292 0.7289062 0.0677083 0.0468750
3 0.6848958 0.3554688 0.0583333 0.0500000
5 0.7174479 0.3847656 0.0723958 0.0539063
3 0.7497396 0.3160156 0.0703125 0.0492187
0 0.5880208 0.7863281 0.0489583 0.0882813
0 0.4263021 0.3660156 0.0390625 0.0898438
4 0.5854167 0.4402344 0.0697917 0.0460938
3 0.7401042 0.6519531 0.0562500 0.0773438
0 0.3286458 0.2878906 0.0333333 0.1039063
2 0.6601562 0.2171875 0.0671875 0.0468750
0 0.4526042 0.4964844 0.0718750 0.0570312
2 0.7651042 0.2183594 0.0635417 0.0570312
0 0.4411458 0.1835938 0.0572917 0.0640625
1 0.7010417 0.4917969 0.0333333 0.0460938
5 0.5419271 0.3343750 0.0421875 0.1062500
2 0.4479167 0.4441406 0.0635417 0.0867187
5 0.5111979 0.2691406 0.0380208 0.0914062
7 0.3135417 0.7894531 0.0614583 0.0804688
11 0.5638021 0.6367188 0.0619792 0.0656250
9 0.3877604 0.1683594 0.0442708 0.0867187
10 0.6596354 0.4023438 0.0588542 0.0578125
10 0.3731771 0.3730469 0.0567708 0.0632812
8 0.3286458 0.6992188 0.0625000 0.0703125
7 0.5877604 0.3320312 0.0619792 0.0625000
10 0.3205729 0.6464844 0.0578125 0.0960938
11 0.4476562 0.7492188 0.0619792 0.0843750
10 0.4463542 0.4628906 0.0562500 0.0617188
9 0.2736979 0.5175781 0.0619792 0.0695313
7 0.5671875 0.6679688 0.0604167 0.0656250
7 0.5278646 0.1371094 0.0390625 0.0882813
10 0.5447917 0.1988281 0.0593750 0.0679687
8 0.3333333 0.4769531 0.0572917 0.0820312
7 0.5046875 0.6476563 0.0531250 0.0937500
