5 0.6640625 0.6519531 0.0302083 0.0226562
1 0.3442708 0.7335938 0.0187500 0.0390625
0 0.3145833 0.3687500 0.0166667 0.0250000
5 0.7000000 0.3640625 0.0312500 0.0218750
2 0.5546875 0.6363281 0.0302083 0.0226562
1 0.6341146 0.4609375 0.0307292 0.0234375
2 0.6106771 0.5539063 0.0338542 0.0265625
5 0.6197917 0.6593750 0.0156250 0.0421875
0 0.4075521 0.4945312 0.0130208 0.0406250
5 0.5841146 0.6164063 0.0151042 0.0296875
4 0.2408854 0.4078125 0.0286458 0.0203125
2 0.5546875 0.9066406 0.0145833 0.0210938
1 0.3151042 0.3453125 0.0156250 0.0343750
1 0.6210938 0.5207031 0.0171875 0.0398437
0 0.5539063 0.4492188 0.0192708 0.0296875
1 0.5385417 0.3851562 0.0156250 0.0375000
4 0.5927083 0.8316406 0.0156250 0.0414062
3 0.2848958 0.3632812 0.0291667 0.0218750
2 0.6924479 0.4746094 0.0328125 0.0257812
5 0.6447917 0.4789062 0.0156250 0.0484375
2 0.4385417 0.4566406 0.0208333 0.0304687
1 0.6505208 0.3984375 0.0229167 0.0375000
0 0.2351563 0.3070312 0.0244792 0.0234375
2 0.5960937 0.7695312 0.0213542 0.0234375
0 0.6382813 0.6457031 0.0307292 0.0320312
0 0.3221354 0.5312500 0.0151042 0.0359375
1 0.7354167 0.4414062 0.0208333 0.0250000
2 0.3515625 0.3441406 0.0302083 0.0195312
2 0.5385417 0.5429688 0.0302083 0.0312500
1 0.5549479 0.6691406 0.0213542 0.0414062
2 0.5276042 0.6285156 0.0218750 0.0195312
3 0.6158854 0.4460938 0.0296875 0.0203125
2 0.6041667 0.8324219 0.0239583 0.0257812
0 0.5906250 0.5472656 0.0302083 0.0242188
1 0.4835937 0.2332031 0.0286458 0.0257812
2 0.5750000 0.6679688 0.0270833 0.0218750
5 0.4760417 0.4214844 0.0166667 0.0335937
1 0.5049479 0.3921875 0.0276042 0.0203125
1 0.7744792 0.4371094 0.0229167 0.0414062
4 0.4869792 0.6312500 0.0312500 0.0250000
2 0.5348958 0.7117187 0.0166667 0.0453125
0 0.5114583 0.8363281 0.0218750 0.0320312
0 0.6479167 0.4601562 0.0218750 0.0406250
4 0.6341146 0.2320312 0.0234375 0.0281250
2 0.4825521 0.1390625 0.0182292 0.0375000
1 0.6945313 0.6164063 0.0307292 0.0234375
4 0.7200521 0.3832031 0.0307292 0.0195312
2 0.7109375 0.6156250 0.0322917 0.0218750
4 0.3338542 0.4898438 0.0302083 0.0234375
2 0.5093750 0.4566406 0.0187500 0.0414062
0 0.6528646 0.3527344 0.0213542 0.0242188
0 0.3109375 0.4121094 0.0281250 0.0226562
0 0.7148438 0.3906250 0.0234375 0.0375000
5 0.4549479 0.4300781 0.0192708 0.0195312
4 0.7927083 0.3964844 0.0302083 0.0257812
0 0.5940104 0.5863281 0.0276042 0.0351562
2 0.6976562 0.5937500 0.0244792 0.0250000
2 0.5684896 0.6621094 0.0265625 0.0351562
0 0.5645833 0.4175781 0.0114583 0.0398437
5 0.4216146 0.6898437 0.0255208 0.0218750
1 0.4955729 0.7914062 0.0276042 0.0296875
3 0.6174479 0.8113281 0.0244792 0.0242188
3 0.4648438 0.5378906 0.0213542 0.0257812
1 0.3773437 0.7324219 0.0130208 0.0445313
1 0.5661458 0.8019531 0.0291667 0.0195312
1 0.5179687 0.2941406 0.0265625 0.0179687
1 0.4500000 0.8183594 0.0270833 0.0351562
4 0.5117188 0.4457031 0.0182292 0.0289063
3 0.4526042 0.2394531 0.0208333 0.0445313
3 0.6375000 0.4941406 0.0270833 0.0257812
0 0.4257812 0.2296875 0.0317708 0.0218750
2 0.6500000 0.3910156 0.0166667 0.0476562
0 0.6632813 0.6667969 0.0265625 0.0257812
2 0.5460938 0.3203125 0.0317708 0.0296875
2 0.4187500 0.7304688 0.0197917 0.0421875
7 0.2914062 0.6421875 0.0182292 0.0312500
9 0.4734375 0.6597656 0.0250000 0.0445313
6 0.5179687 0.5210938 0.0192708 0.0312500
8 0.6856771 0.7179688 0.0286458 0.0390625
7 0.6411458 0.4886719 0.0302083 0.0335937
10 0.4895833 0.9773437 0.0218750 0.0390625
6 0.2638021 0.1820313 0.0296875 0.0296875
8 0.4471354 0.4906250 0.0192708 0.0250000
8 0.3533854 0.2066406 0.0276042 0.0351562
8 0.4671875 0.2394531 0.0197917 0.0273438
10 0.5940104 0.3644531 0.0182292 0.0414062
11 0.5802083 0.7398438 0.0281250 0.0359375
9 0.4731771 0.6210938 0.0234375 0.0437500
11 0.5317708 0.5429688 0.0177083 0.0265625
8 0.2703125 0.7335938 0.0291667 0.0281250
