4 0.5098958 0.5601563 0.0291667 0.0468750
2 0.7434896 0.6015625 0.0494792 0.0484375
0 0.5377604 0.7625000 0.0619792 0.0437500
1 0.5023437 0.3195312 0.0369792 0.1093750
4 0.4981771 0.8300781 0.0421875 0.0789062
4 0.6369792 0.7179688 0.0281250 0.0656250
5 0.5312500 0.2125000 0.0395833 0.0375000
5 0.5536458 0.8171875 0.0552083 0.0656250
5 0.6247396 0.4542969 0.0671875 0.0632812
5 0.4080729 0.5230469 0.0307292 0.0648438
0 0.3458333 0.5253906 0.0572917 0.0367188
2 0.8645833 0.3792969 0.0677083 0.0539063
4 0.4895833 0.7457031 0.0687500 0.0570312
1 0.3335938 0.3917969 0.0328125 0.0648438
0 0.3557292 0.3898437 0.0510417 0.0421875
5 0.6611979 0.4585938 0.0578125 0.0531250
5 0.6656250 0.6496094 0.0427083 0.0726563
4 0.3734375 0.5765625 0.0291667 0.0625000
5 0.5770833 0.8695312 0.0281250 0.0640625
0 0.3671875 0.5785156 0.0677083 0.0429688
3 0.5742188 0.6589844 0.0703125 0.0492187
4 0.2828125 0.7410156 0.0468750 0.0554687
5 0.7710938 0.3476562 0.0484375 0.0859375
0 0.3580729 0.7304688 0.0619792 0.0437500
0 0.6414062 0.4863281 0.0494792 0.0679687
4 0.4984375 0.5933594 0.0375000 0.0382813
0 0.3783854 0.3437500 0.0557292 0.0843750
1 0.4893229 0.4011719 0.0671875 0.0523438
2 0.5687500 0.2265625 0.0385417 0.0453125
5 0.4507813 0.5859375 0.0411458 0.0953125
3 0.7382812 0.2273438 0.0453125 0.0531250
4 0.6023437 0.8765625 0.0619792 0.0593750
4 0.4742188 0.6890625 0.0453125 0.0937500
3 0.7617188 0.2734375 0.0463542 0.0546875
2 0.5872396 0.4304688 0.0484375 0.0484375
4 0.4609375 0.7890625 0.0583333 0.0406250
3 0.5278646 0.4738281 0.0432292 0.0710937
5 0.4171875 0.3707031 0.0635417 0.0460938
4 0.5789062 0.8957031 0.0598958 0.0554687
5 0.3138021 0.7066406 0.0255208 0.0679687
4 0.7645833 0.6449219 0.0697917 0.0601563
2 0.3906250 0.5214844 0.0593750 0.0710937
0 0.6664062 0.4941406 0.0598958 0.0398437
4 0.5127604 0.3515625 0.0463542 0.0515625
0 0.2645833 0.4464844 0.0625000 0.0539063
1 0.6583333 0.4980469 0.0625000 0.0632812
3 0.7236979 0.3136719 0.0703125 0.0492187
3 0.5825521 0.4683594 0.0619792 0.0539063
1 0.6239583 0.4378906 0.0437500 0.0804688
1 0.4335938 0.5390625 0.0588542 0.0406250
5 0.4067708 0.2968750 0.0375000 0.1000000
2 0.3773437 0.7371094 0.0588542 0.0382813
5 0.5286458 0.2156250 0.0572917 0.0515625
0 0.5976562 0.6593750 0.0348958 0.0593750
5 0.5770833 0.9414062 0.0562500 0.0796875
2 0.7335938 0.7464844 0.0401042 0.0476562
2 0.5760417 0.2808594 0.0541667 0.0976562
1 0.2960937 0.2972656 0.0651042 0.0460938
4 0.7395833 0.5523438 0.0666667 0.0531250
8 0.5700521 0.3730469 0.0515625 0.0945312
8 0.4218750 0.6152344 0.0385417 0.0570312
9 0.7164063 0.6742187 0.0651042 0.0703125
7 0.7294271 0.7609375 0.0640625 0.0718750
9 0.7609375 0.4406250 0.0687500 0.0843750
9 0.6119792 0.1289062 0.0447917 0.0984375
8 0.7023438 0.8246094 0.0619792 0.0851563
8 0.6252604 0.7628906 0.0536458 0.0804688
9 0.3656250 0.0339844 0.0666667 0.0679687
10 0.3593750 0.4804688 0.0375000 0.0562500
8 0.6687500 0.4144531 0.0520833 0.0617188
6 0.5817708 0.3812500 0.0625000 0.0640625
6 0.5367188 0.5710937 0.0432292 0.0828125
6 0.4989583 0.2187500 0.0593750 0.0640625
6 0.5549479 0.2285156 0.0640625 0.0648438
10 0.4916667 0.3250000 0.0364583 0.0687500
10 0.3622396 0.4828125 0.0359375 0.0531250
6 0.7492188 0.5898438 0.0640625 0.0609375
7 0.8114583 0.7171875 0.0614583 0.0578125
7 0.7216146 0.2582031 0.0598958 0.0804688
