1 0.5575521 0.3136719 0.0223958 0.0492187
0 0.6546875 0.2460938 0.0375000 0.0328125
0 0.6000000 0.0695313 0.0375000 0.0562500
3 0.6684896 0.0996094 0.0473958 0.0445313
2 0.4716146 0.2441406 0.0380208 0.0476562
0 0.3513021 0.3531250 0.0453125 0.0312500
4 0.6255208 0.4488281 0.0354167 0.0492187
0 0.4000000 0.1773437 0.0229167 0.0718750
0 0.6333333 0.8320312 0.0427083 0.0515625
3 0.4763021 0.5546875 0.0359375 0.0640625
2 0.4179688 0.5324219 0.0411458 0.0585938
7 0.6617188 0.4472656 0.0421875 0.0414062
8 0.4385417 0.6652344 0.0354167 0.0601563
9 0.4156250 0.2992187 0.0291667 0.0640625
10 0.6710938 0.2984375 0.0390625 0.0437500
7 0.4919271 0.3828125 0.0432292 0.0562500
10 0.6471354 0.4550781 0.0411458 0.0492187
8 0.5109375 0.3601563 0.0427083 0.0562500
6 0.3984375 0.6015625 0.0489583 0.0531250
