4 0.5169271 0.3882813 0.0223958 0.0171875
5 0.6445312 0.5832031 0.0130208 0.0226562
5 0.7880208 0.6261719 0.0229167 0.0210938
1 0.6635417 0.3765625 0.0239583 0.0156250
5 0.6596354 0.3621094 0.0130208 0.0351562
0 0.6763021 0.8816406 0.0192708 0.0289063
5 0.4606771 0.6023437 0.0192708 0.0218750
3 0.5703125 0.3066406 0.0135417 0.0304687
0 0.3791667 0.2847656 0.0250000 0.0226562
0 0.5013021 0.7031250 0.0161458 0.0359375
5 0.4914062 0.4269531 0.0151042 0.0226562
2 0.5690104 0.6554688 0.0223958 0.0203125
1 0.3716146 0.2785156 0.0119792 0.0382813
4 0.4408854 0.5937500 0.0192708 0.0218750
3 0.4046875 0.6421875 0.0177083 0.0156250
3 0.3882813 0.4031250 0.0255208 0.0203125
2 0.3890625 0.6285156 0.0125000 0.0351562
4 0.6458333 0.5777344 0.0218750 0.0226562
5 0.4466146 0.7589844 0.0151042 0.0179687
4 0.5062500 0.0898438 0.0197917 0.0234375
5 0.6559896 0.7449219 0.0098958 0.0273438
0 0.6513021 0.3027344 0.0171875 0.0257812
2 0.4416667 0.4828125 0.0229167 0.0250000
0 0.5643229 0.5351562 0.0192708 0.0203125
1 0.7111979 0.6105469 0.0234375 0.0179687
1 0.5815104 0.6410156 0.0244792 0.0273438
4 0.7388021 0.2894531 0.0244792 0.0257812
3 0.3768229 0.4078125 0.0244792 0.0171875
0 0.5882812 0.4453125 0.0223958 0.0187500
0 0.6869792 0.4421875 0.0239583 0.0234375
1 0.5221354 0.7589844 0.0130208 0.0367188
1 0.6192708 0.2757812 0.0239583 0.0218750
1 0.5375000 0.6757812 0.0239583 0.0187500
3 0.5929688 0.5195312 0.0203125 0.0156250
3 0.7255208 0.5312500 0.0229167 0.0203125
5 0.4450521 0.7695312 0.0119792 0.0375000
2 0.5020833 0.2152344 0.0187500 0.0195312
0 0.6406250 0.4652344 0.0250000 0.0179687
0 0.5997396 0.6554688 0.0244792 0.0187500
0 0.4656250 0.7976562 0.0135417 0.0343750
5 0.6606771 0.7839844 0.0234375 0.0226562
1 0.7338542 0.2589844 0.0135417 0.0273438
0 0.4997396 0.8066406 0.0171875 0.0179687
2 0.4804688 0.7429687 0.0182292 0.0328125
1 0.6041667 0.2000000 0.0250000 0.0203125
2 0.4669271 0.7757812 0.0192708 0.0140625
4 0.2747396 0.5207031 0.0223958 0.0179687
1 0.4208333 0.4148438 0.0114583 0.0375000
0 0.7554688 0.5058594 0.0213542 0.0273438
1 0.6440104 0.4992187 0.0161458 0.0328125
1 0.5833333 0.6960937 0.0229167 0.0218750
3 0.5940104 0.5589844 0.0130208 0.0335937
7 0.2648437 0.6644531 0.0223958 0.0304687
7 0.6395833 0.5382813 0.0208333 0.0218750
7 0.4278646 0.1917969 0.0244792 0.0304687
9 0.4322917 0.3894531 0.0177083 0.0242188
6 0.3489583 0.5289063 0.0156250 0.0343750
10 0.4513021 0.7316406 0.0213542 0.0273438
6 0.5481771 0.5562500 0.0234375 0.0234375
11 0.3604167 0.1726563 0.0166667 0.0328125
7 0.3783854 0.5359375 0.0203125 0.0203125
10 0.4703125 0.3929687 0.0208333 0.0218750
10 0.3848958 0.2421875 0.0208333 0.0281250
