3 0.6257812 0.6082031 0.0255208 0.0304687
2 0.3002604 0.3269531 0.0171875 0.0429688
4 0.6468750 0.6218750 0.0156250 0.0421875
2 0.6510417 0.8011719 0.0322917 0.0289063
4 0.6065104 0.5851563 0.0203125 0.0359375
4 0.4578125 0.5468750 0.0312500 0.0328125
3 0.3398438 0.6160156 0.0307292 0.0289063
5 0.4101562 0.5207031 0.0255208 0.0351562
0 0.6414062 0.4964844 0.0192708 0.0492187
4 0.6054688 0.1949219 0.0265625 0.0257812
2 0.5890625 0.8207031 0.0197917 0.0554687
5 0.3557292 0.2628906 0.0343750 0.0257812
1 0.5539063 0.5625000 0.0244792 0.0421875
0 0.3812500 0.5140625 0.0218750 0.0343750
0 0.5687500 0.4257812 0.0197917 0.0515625
2 0.6125000 0.4511719 0.0322917 0.0242188
1 0.6117187 0.5492187 0.0328125 0.0281250
4 0.4867187 0.5082031 0.0223958 0.0257812
5 0.4945312 0.4308594 0.0244792 0.0304687
5 0.4763021 0.7484375 0.0244792 0.0421875
0 0.6940104 0.6019531 0.0130208 0.0304687
0 0.5937500 0.6476563 0.0322917 0.0328125
3 0.4929688 0.2910156 0.0286458 0.0226562
1 0.6411458 0.7402344 0.0260417 0.0242188
4 0.4442708 0.1640625 0.0187500 0.0468750
0 0.6656250 0.8039063 0.0333333 0.0265625
1 0.6432292 0.6562500 0.0281250 0.0234375
4 0.6031250 0.3449219 0.0177083 0.0242188
5 0.4520833 0.0953125 0.0239583 0.0437500
3 0.5375000 0.6031250 0.0312500 0.0328125
0 0.3830729 0.8707031 0.0328125 0.0320312
3 0.5585938 0.7492188 0.0307292 0.0406250
2 0.4971354 0.2589844 0.0171875 0.0445313
0 0.6791667 0.4992187 0.0354167 0.0234375
3 0.6039062 0.5832031 0.0223958 0.0523438
0 0.5622396 0.4699219 0.0244792 0.0257812
4 0.5385417 0.8402344 0.0343750 0.0226562
2 0.3057292 0.4097656 0.0312500 0.0320312
1 0.4205729 0.3222656 0.0140625 0.0304687
5 0.6630208 0.3769531 0.0354167 0.0367188
5 0.5898438 0.2023437 0.0182292 0.0343750
2 0.3945312 0.4632812 0.0307292 0.0218750
3 0.6414062 0.3988281 0.0369792 0.0289063
2 0.5161458 0.6335937 0.0281250 0.0265625
4 0.6651042 0.7253906 0.0208333 0.0445313
2 0.6028646 0.2132813 0.0255208 0.0468750
3 0.4390625 0.7187500 0.0135417 0.0468750
2 0.4671875 0.6507812 0.0218750 0.0484375
0 0.4596354 0.1128906 0.0348958 0.0242188
3 0.5950521 0.4332031 0.0192708 0.0429688
0 0.4643229 0.5671875 0.0234375 0.0500000
2 0.6906250 0.4199219 0.0333333 0.0242188
0 0.5734375 0.3566406 0.0177083 0.0320312
1 0.2731771 0.3976562 0.0307292 0.0250000
2 0.6739583 0.4593750 0.0312500 0.0250000
3 0.3791667 0.1070312 0.0229167 0.0375000
5 0.6101562 0.3937500 0.0151042 0.0234375
4 0.5734375 0.7265625 0.0177083 0.0296875
1 0.6804687 0.4921875 0.0182292 0.0296875
4 0.7822917 0.6824219 0.0239583 0.0492187
4 0.7213542 0.4242187 0.0333333 0.0250000
8 0.5114583 0.2968750 0.0343750 0.0343750
6 0.6875000 0.6332031 0.0302083 0.0320312
8 0.3684896 0.8062500 0.0317708 0.0312500
6 0.5570312 0.8324219 0.0223958 0.0476562
6 0.2713542 0.6687500 0.0229167 0.0406250
6 0.5945312 0.5480469 0.0307292 0.0382813
11 0.4705729 0.4007812 0.0213542 0.0390625
6 0.6083333 0.4898438 0.0343750 0.0500000
6 0.5843750 0.4906250 0.0281250 0.0312500
6 0.6361979 0.4671875 0.0286458 0.0375000
6 0.6023437 0.6953125 0.0255208 0.0468750
9 0.4210937 0.4578125 0.0213542 0.0500000
11 0.7742187 0.6324219 0.0338542 0.0398437
9 0.5388021 0.7218750 0.0223958 0.0437500
9 0.4736979 0.6019531 0.0213542 0.0523438
7 0.6257812 0.6656250 0.0307292 0.0421875
6 0.7583333 0.3859375 0.0333333 0.0375000
10 0.4372396 0.1945312 0.0286458 0.0468750
7 0.6291667 0.7351562 0.0302083 0.0312500
8 0.4252604 0.3949219 0.0213542 0.0289063
