0 0.4812500 0.5820312 0.0291667 0.0234375
5 0.3875000 0.0558594 0.0114583 0.0226562
2 0.4427083 0.5097656 0.0260417 0.0304687
5 0.6526042 0.5503906 0.0302083 0.0242188
3 0.4046875 0.2980469 0.0270833 0.0195312
3 0.3216146 0.6179687 0.0119792 0.0250000
5 0.6971354 0.4554687 0.0286458 0.0234375
0 0.5054688 0.1601562 0.0140625 0.0375000
3 0.6924479 0.7855469 0.0255208 0.0164063
1 0.5997396 0.3605469 0.0255208 0.0164063
1 0.4565104 0.7148438 0.0276042 0.0218750
5 0.4687500 0.7878906 0.0208333 0.0226562
5 0.3372396 0.4218750 0.0192708 0.0359375
2 0.6145833 0.3355469 0.0145833 0.0289063
5 0.4283854 0.3867188 0.0182292 0.0234375
3 0.6278646 0.2769531 0.0130208 0.0414062
2 0.3010417 0.4777344 0.0291667 0.0195312
1 0.5111979 0.5832031 0.0161458 0.0257812
5 0.3945312 0.2882812 0.0182292 0.0250000
2 0.4635417 0.6097656 0.0145833 0.0351562
4 0.5661458 0.7527344 0.0218750 0.0179687
2 0.7078125 0.5343750 0.0250000 0.0187500
2 0.6812500 0.3292969 0.0250000 0.0195312
5 0.4494792 0.8449219 0.0125000 0.0398437
5 0.4489583 0.8515625 0.0125000 0.0265625
1 0.5757813 0.6660156 0.0286458 0.0195312
3 0.6127604 0.2812500 0.0286458 0.0234375
0 0.5291667 0.6714844 0.0250000 0.0226562
4 0.5950521 0.8753906 0.0255208 0.0226562
1 0.3348958 0.1230469 0.0250000 0.0289063
3 0.4325521 0.3847656 0.0171875 0.0242188
4 0.5057292 0.5238281 0.0114583 0.0257812
5 0.6945313 0.7125000 0.0276042 0.0218750
2 0.5942708 0.3988281 0.0302083 0.0195312
2 0.5101562 0.2152344 0.0171875 0.0210938
0 0.5494792 0.7789063 0.0270833 0.0171875
3 0.5401042 0.5480469 0.0145833 0.0195312
4 0.3882813 0.6546875 0.0098958 0.0328125
3 0.4260417 0.6621094 0.0135417 0.0273438
4 0.4127604 0.4324219 0.0161458 0.0242188
0 0.5893229 0.8867188 0.0151042 0.0390625
8 0.5471354 0.7121094 0.0161458 0.0320312
