4 0.7104167 0.2945313 0.0343750 0.0343750
8 0.5848958 0.4613281 0.0333333 0.0335937
6 0.2986979 0.6957031 0.0265625 0.0429688
10 0.3653646 0.2988281 0.0234375 0.0539063
10 0.6664062 0.3855469 0.0338542 0.0320312
8 0.7973958 0.4839844 0.0343750 0.0492187
10 0.5703125 0.8230469 0.0250000 0.0507812
11 0.3835938 0.5789062 0.0338542 0.0328125
10 0.6104167 0.3421875 0.0281250 0.0328125
7 0.6778646 0.4445312 0.0328125 0.0343750
9 0.4111979 0.6988281 0.0276042 0.0476562
8 0.5723958 0.3046875 0.0281250 0.0500000
8 0.5992188 0.4960938 0.0348958 0.0468750
7 0.4562500 0.5847656 0.0322917 0.0382813
9 0.4893229 0.3417969 0.0223958 0.0320312
9 0.6919271 0.2867188 0.0338542 0.0343750
9 0.4851563 0.7125000 0.0244792 0.0500000
11 0.5651042 0.5562500 0.0270833 0.0421875
11 0.3679688 0.4808594 0.0265625 0.0492187
