3 0.5533854 0.7390625 0.0338542 0.0328125
4 0.2341146 0.3308594 0.0359375 0.0320312
0 0.4393229 0.5324219 0.0265625 0.0507812
2 0.8041667 0.5816406 0.0468750 0.0367188
4 0.3750000 0.6996094 0.0395833 0.0398437
3 0.4187500 0.2128906 0.0385417 0.0679687
2 0.5106771 0.3429687 0.0463542 0.0375000
1 0.4617188 0.7781250 0.0286458 0.0656250
1 0.3067708 0.5238281 0.0437500 0.0445313
3 0.5007812 0.5902344 0.0286458 0.0632812
2 0.5403646 0.3183594 0.0401042 0.0601563
4 0.4651042 0.3667969 0.0250000 0.0742188
5 0.6161458 0.5113281 0.0437500 0.0460938
3 0.4453125 0.3734375 0.0333333 0.0312500
3 0.6825521 0.6265625 0.0453125 0.0359375
2 0.6307292 0.4714844 0.0343750 0.0601563
4 0.6416667 0.6597656 0.0520833 0.0476562
2 0.5078125 0.1750000 0.0343750 0.0390625
3 0.7085938 0.4097656 0.0317708 0.0570312
1 0.3585937 0.7054687 0.0359375 0.0453125
4 0.3575521 0.7804688 0.0244792 0.0687500
5 0.6242188 0.4882812 0.0494792 0.0328125
2 0.4307292 0.5453125 0.0500000 0.0468750
0 0.6588542 0.7687500 0.0489583 0.0296875
2 0.4010417 0.8144531 0.0500000 0.0492187
5 0.3369792 0.4511719 0.0270833 0.0367188
1 0.4026042 0.7781250 0.0270833 0.0718750
4 0.5942708 0.5195312 0.0437500 0.0656250
1 0.7093750 0.5859375 0.0510417 0.0359375
3 0.4104167 0.9238281 0.0208333 0.0726563
3 0.5445313 0.1960938 0.0328125 0.0359375
4 0.6166667 0.3632812 0.0437500 0.0343750
2 0.5278646 0.7511719 0.0286458 0.0539063
3 0.3091146 0.5968750 0.0473958 0.0312500
2 0.4203125 0.5007812 0.0260417 0.0703125
0 0.5429688 0.2613281 0.0484375 0.0335937
0 0.4989583 0.1320312 0.0250000 0.0593750
2 0.7283854 0.2566406 0.0244792 0.0679687
4 0.5484375 0.3554688 0.0312500 0.0593750
3 0.5950521 0.0394531 0.0359375 0.0617188
3 0.4687500 0.5710937 0.0302083 0.0531250
3 0.2893229 0.2421875 0.0453125 0.0343750
2 0.3234375 0.5507812 0.0500000 0.0359375
3 0.2833333 0.2597656 0.0489583 0.0398437
2 0.6476563 0.1101562 0.0338542 0.0718750
2 0.5354167 0.6078125 0.0302083 0.0421875
3 0.7390625 0.6437500 0.0458333 0.0421875
4 0.5596354 0.3531250 0.0380208 0.0578125
5 0.2911458 0.5292969 0.0229167 0.0679687
8 0.5992188 0.3925781 0.0432292 0.0445313
11 0.6140625 0.4785156 0.0489583 0.0507812
10 0.5528646 0.9863281 0.0286458 0.0257812
11 0.4742188 0.2195313 0.0296875 0.0421875
7 0.7846354 0.5292969 0.0494792 0.0664062
8 0.5927083 0.7781250 0.0479167 0.0750000
11 0.5041667 0.5242187 0.0343750 0.0484375
11 0.5244792 0.4765625 0.0468750 0.0468750
6 0.3632812 0.5488281 0.0390625 0.0445313
9 0.6195312 0.2269531 0.0442708 0.0523438
10 0.2518229 0.6468750 0.0515625 0.0484375
9 0.7856771 0.7121094 0.0453125 0.0492187
