5 0.4091146 0.1566406 0.0213542 0.0476562
2 0.7671875 0.3550781 0.0260417 0.0289063
0 0.4216146 0.6539063 0.0307292 0.0265625
1 0.5830729 0.2433594 0.0296875 0.0289063
5 0.6486979 0.3429687 0.0296875 0.0234375
2 0.4955729 0.4453125 0.0296875 0.0328125
1 0.6708333 0.5476562 0.0354167 0.0250000
1 0.5263021 0.2109375 0.0276042 0.0343750
5 0.5356771 0.4015625 0.0348958 0.0234375
2 0.5611979 0.3117187 0.0296875 0.0343750
4 0.5255208 0.5414062 0.0322917 0.0296875
3 0.6708333 0.8449219 0.0291667 0.0289063
0 0.3968750 0.6136719 0.0239583 0.0320312
3 0.5507812 0.5246094 0.0255208 0.0226562
3 0.3531250 0.1820313 0.0114583 0.0203125
1 0.6934896 0.2437500 0.0276042 0.0343750
5 0.6091146 0.4480469 0.0182292 0.0273438
2 0.5986979 0.5402344 0.0286458 0.0335937
3 0.5643229 0.8183594 0.0338542 0.0242188
2 0.5281250 0.7066406 0.0197917 0.0476562
5 0.5807292 0.3601563 0.0302083 0.0218750
4 0.3651042 0.4636719 0.0229167 0.0476562
5 0.4437500 0.2730469 0.0197917 0.0414062
0 0.5377604 0.2964844 0.0171875 0.0242188
2 0.7200521 0.7160156 0.0265625 0.0242188
2 0.5343750 0.5527344 0.0239583 0.0414062
0 0.6804687 0.6539063 0.0307292 0.0265625
5 0.6604167 0.6484375 0.0177083 0.0218750
4 0.4955729 0.2847656 0.0182292 0.0320312
5 0.6481771 0.6542969 0.0307292 0.0226562
3 0.5710937 0.6683594 0.0307292 0.0257812
3 0.7463542 0.7507812 0.0312500 0.0296875
5 0.5794271 0.8101563 0.0223958 0.0406250
5 0.6526042 0.3203125 0.0177083 0.0500000
1 0.3419271 0.4644531 0.0307292 0.0195312
3 0.5674479 0.3746094 0.0140625 0.0257812
5 0.5541667 0.0914062 0.0208333 0.0296875
4 0.3625000 0.2515625 0.0156250 0.0312500
0 0.5710937 0.2007812 0.0286458 0.0343750
2 0.6257812 0.2132813 0.0255208 0.0375000
2 0.5135417 0.7503906 0.0322917 0.0242188
3 0.3239583 0.3316406 0.0281250 0.0179687
0 0.6653646 0.4015625 0.0296875 0.0234375
1 0.4617188 0.4195313 0.0182292 0.0453125
0 0.5294271 0.4988281 0.0307292 0.0195312
0 0.5205729 0.6464844 0.0140625 0.0273438
0 0.5898438 0.4074219 0.0265625 0.0304687
2 0.4625000 0.6621094 0.0239583 0.0257812
3 0.3299479 0.3382812 0.0182292 0.0234375
4 0.6273437 0.5449219 0.0192708 0.0460938
0 0.5729167 0.4628906 0.0229167 0.0367188
0 0.4367187 0.1515625 0.0171875 0.0234375
3 0.7130208 0.2648437 0.0250000 0.0328125
3 0.4716146 0.4667969 0.0296875 0.0382813
4 0.4638021 0.6332031 0.0307292 0.0289063
9 0.5973958 0.2164062 0.0281250 0.0328125
