3 0.6651042 0.6007813 0.0468750 0.0359375
2 0.3468750 0.2953125 0.0447917 0.0359375
3 0.5257812 0.8269531 0.0442708 0.0320312
4 0.4257812 0.7953125 0.0265625 0.0703125
1 0.4585938 0.6765625 0.0276042 0.0484375
5 0.5950521 0.1855469 0.0390625 0.0460938
5 0.5536458 0.3574219 0.0364583 0.0304687
3 0.6809896 0.4828125 0.0463542 0.0375000
4 0.5817708 0.4164062 0.0239583 0.0281250
3 0.6041667 0.4332031 0.0312500 0.0351562
5 0.7145833 0.5617188 0.0458333 0.0375000
4 0.6723958 0.3296875 0.0375000 0.0343750
5 0.6226563 0.6300781 0.0296875 0.0585938
3 0.4411458 0.6265625 0.0250000 0.0703125
3 0.3320312 0.3285156 0.0255208 0.0460938
3 0.4416667 0.5625000 0.0447917 0.0296875
3 0.6085938 0.5257812 0.0453125 0.0312500
0 0.5213542 0.5910156 0.0302083 0.0507812
0 0.7429687 0.2992187 0.0369792 0.0500000
1 0.6802083 0.2796875 0.0322917 0.0281250
0 0.3609375 0.2046875 0.0416667 0.0265625
0 0.6242188 0.2789063 0.0276042 0.0531250
1 0.5000000 0.6234375 0.0395833 0.0265625
2 0.7294271 0.6640625 0.0453125 0.0375000
2 0.5283854 0.7027344 0.0296875 0.0320312
2 0.6122396 0.7648438 0.0432292 0.0312500
2 0.4955729 0.7027344 0.0390625 0.0445313
5 0.2911458 0.1871094 0.0385417 0.0335937
0 0.6356771 0.3523438 0.0369792 0.0343750
4 0.4671875 0.8792969 0.0447917 0.0320312
1 0.5072917 0.7539062 0.0343750 0.0390625
2 0.7531250 0.2964844 0.0458333 0.0398437
3 0.4458333 0.6406250 0.0458333 0.0312500
1 0.6140625 0.9062500 0.0354167 0.0453125
0 0.6437500 0.6050781 0.0437500 0.0351562
7 0.2799479 0.5265625 0.0338542 0.0437500
10 0.3669271 0.5214844 0.0411458 0.0398437
9 0.4398437 0.3847656 0.0380208 0.0445313
7 0.4195313 0.2246094 0.0265625 0.0398437
9 0.7421875 0.4191406 0.0416667 0.0398437
7 0.6625000 0.1351563 0.0395833 0.0390625
8 0.6585937 0.6667969 0.0401042 0.0601563
11 0.5234375 0.5402344 0.0447917 0.0601563
9 0.3114583 0.3343750 0.0364583 0.0546875
