0 0.5398437 0.7015625 0.0223958 0.0500000
1 0.4854167 0.4714844 0.0322917 0.0195312
4 0.3729167 0.2875000 0.0197917 0.0281250
5 0.2140625 0.4621094 0.0322917 0.0351562
0 0.6669271 0.5472656 0.0317708 0.0242188
3 0.5609375 0.7093750 0.0302083 0.0296875
4 0.4648438 0.2578125 0.0265625 0.0468750
4 0.7619792 0.4156250 0.0333333 0.0281250
5 0.5552083 0.3082031 0.0250000 0.0273438
4 0.4447917 0.1808594 0.0239583 0.0351562
4 0.6210938 0.5703125 0.0348958 0.0343750
4 0.6546875 0.5546875 0.0291667 0.0281250
5 0.4648438 0.8972656 0.0203125 0.0507812
4 0.3760417 0.2972656 0.0239583 0.0367188
4 0.5377604 0.4222656 0.0338542 0.0273438
4 0.5244792 0.5867187 0.0354167 0.0250000
4 0.7169271 0.6445312 0.0234375 0.0406250
0 0.4442708 0.4730469 0.0208333 0.0460938
5 0.7062500 0.3523438 0.0354167 0.0281250
0 0.2328125 0.4285156 0.0270833 0.0257812
0 0.5609375 0.7281250 0.0354167 0.0296875
3 0.5770833 0.6179687 0.0197917 0.0453125
2 0.5692708 0.1753906 0.0281250 0.0414062
1 0.5575521 0.3503906 0.0234375 0.0539063
2 0.5700521 0.1132812 0.0161458 0.0484375
1 0.6708333 0.2656250 0.0270833 0.0218750
0 0.6315104 0.5910156 0.0317708 0.0226562
0 0.2906250 0.4464844 0.0333333 0.0367188
10 0.3567708 0.6027344 0.0218750 0.0492187
