3 0.5901042 0.6835938 0.0260417 0.0250000
3 0.4221354 0.9507813 0.0140625 0.0390625
3 0.3606771 0.6917969 0.0151042 0.0460938
2 0.4875000 0.4937500 0.0156250 0.0250000
5 0.5851563 0.2605469 0.0276042 0.0289063
2 0.5148438 0.7753906 0.0296875 0.0257812
1 0.6140625 0.5695313 0.0145833 0.0406250
1 0.3505208 0.4539063 0.0229167 0.0281250
4 0.7044271 0.5156250 0.0140625 0.0359375
2 0.3684896 0.7195312 0.0140625 0.0218750
4 0.5528646 0.8808594 0.0140625 0.0414062
3 0.6549479 0.2945313 0.0161458 0.0250000
1 0.3458333 0.4734375 0.0156250 0.0406250
4 0.4429688 0.6980469 0.0265625 0.0273438
0 0.7242188 0.6824219 0.0317708 0.0226562
2 0.5044271 0.2835937 0.0213542 0.0359375
4 0.4257812 0.3332031 0.0140625 0.0367188
2 0.6111979 0.7625000 0.0161458 0.0281250
0 0.6606771 0.4265625 0.0161458 0.0296875
4 0.4354167 0.7152344 0.0281250 0.0242188
2 0.4135417 0.1515625 0.0166667 0.0468750
2 0.5947917 0.3968750 0.0187500 0.0312500
1 0.6460938 0.3890625 0.0171875 0.0218750
2 0.6312500 0.6277344 0.0302083 0.0242188
1 0.5260417 0.3222656 0.0135417 0.0429688
4 0.3322917 0.5460938 0.0177083 0.0437500
5 0.3507812 0.1808594 0.0286458 0.0304687
5 0.6036458 0.6632813 0.0302083 0.0218750
0 0.5330729 0.5750000 0.0255208 0.0265625
3 0.3674479 0.7355469 0.0276042 0.0351562
4 0.5153646 0.3632812 0.0234375 0.0265625
3 0.6075521 0.7503906 0.0234375 0.0304687
2 0.5830729 0.5449219 0.0213542 0.0289063
5 0.4932292 0.4027344 0.0145833 0.0195312
3 0.5273438 0.3914063 0.0203125 0.0343750
3 0.5062500 0.1984375 0.0281250 0.0203125
3 0.5367188 0.2617188 0.0244792 0.0234375
5 0.8197917 0.3839844 0.0270833 0.0273438
5 0.6348958 0.7656250 0.0218750 0.0500000
2 0.6533854 0.4152344 0.0265625 0.0304687
3 0.3135417 0.8703125 0.0322917 0.0281250
5 0.4820313 0.5347656 0.0296875 0.0226562
3 0.5130208 0.2523437 0.0270833 0.0203125
2 0.4718750 0.5425781 0.0281250 0.0210938
3 0.5718750 0.4175781 0.0312500 0.0179687
1 0.2848958 0.3437500 0.0291667 0.0234375
0 0.5531250 0.3375000 0.0291667 0.0203125
0 0.5231771 0.3035156 0.0182292 0.0273438
1 0.5484375 0.2082031 0.0208333 0.0164063
1 0.7091146 0.3500000 0.0140625 0.0328125
3 0.4994792 0.2246094 0.0302083 0.0195312
6 0.4559896 0.7625000 0.0182292 0.0406250
6 0.6408854 0.2964844 0.0286458 0.0289063
10 0.5859375 0.4023438 0.0177083 0.0390625
11 0.5861979 0.2460938 0.0276042 0.0296875
7 0.5065104 0.2683594 0.0171875 0.0398437
9 0.4877604 0.5921875 0.0203125 0.0421875
9 0.6346354 0.6179687 0.0286458 0.0312500
6 0.5794271 0.5679688 0.0182292 0.0296875
9 0.5369792 0.6101562 0.0250000 0.0296875
7 0.4989583 0.1765625 0.0229167 0.0421875
11 0.3010417 0.7281250 0.0218750 0.0421875
7 0.3289063 0.5105469 0.0307292 0.0398437
7 0.5638021 0.4019531 0.0244792 0.0257812
11 0.3981771 0.3984375 0.0286458 0.0328125
11 0.7138021 0.3585937 0.0286458 0.0281250
9 0.4940104 0.4367187 0.0182292 0.0265625
7 0.6330729 0.4515625 0.0265625 0.0375000
11 0.3682292 0.6468750 0.0177083 0.0343750
8 0.4208333 0.2511719 0.0229167 0.0429688
11 0.3046875 0.5761719 0.0218750 0.0320312
