0 0.6317708 0.8207031 0.0260417 0.0179687
5 0.6421875 0.3898437 0.0125000 0.0390625
2 0.4802083 0.6285156 0.0260417 0.0179687
3 0.6294271 0.4414062 0.0182292 0.0218750
3 0.3268229 0.2441406 0.0244792 0.0195312
1 0.3364583 0.7128906 0.0208333 0.0226562
3 0.6695313 0.4839844 0.0223958 0.0335937
3 0.7578125 0.6894531 0.0281250 0.0226562
2 0.2846354 0.4214844 0.0286458 0.0210938
2 0.6307292 0.5898438 0.0239583 0.0328125
4 0.4765625 0.7609375 0.0218750 0.0171875
4 0.7252604 0.8867188 0.0265625 0.0203125
1 0.5302083 0.7843750 0.0270833 0.0171875
0 0.4778646 0.5859375 0.0161458 0.0359375
2 0.2135417 0.6578125 0.0135417 0.0312500
1 0.7041667 0.4605469 0.0145833 0.0398437
5 0.5783854 0.3765625 0.0171875 0.0218750
5 0.4091146 0.3902344 0.0182292 0.0335937
2 0.7398438 0.7078125 0.0265625 0.0203125
2 0.4013021 0.6062500 0.0255208 0.0187500
3 0.5713542 0.3636719 0.0177083 0.0367188
5 0.4276042 0.2156250 0.0208333 0.0265625
5 0.4049479 0.4847656 0.0276042 0.0195312
4 0.7580729 0.5171875 0.0244792 0.0250000
3 0.5348958 0.3835938 0.0135417 0.0359375
2 0.4625000 0.3550781 0.0239583 0.0210938
1 0.5333333 0.4484375 0.0229167 0.0218750
2 0.5864583 0.7210937 0.0166667 0.0265625
0 0.3734375 0.1269531 0.0177083 0.0195312
3 0.5609375 0.5011719 0.0260417 0.0257812
3 0.5268229 0.8468750 0.0276042 0.0203125
2 0.4953125 0.2847656 0.0239583 0.0195312
4 0.4093750 0.1652344 0.0208333 0.0164063
1 0.6356771 0.6703125 0.0203125 0.0265625
5 0.5989583 0.7867188 0.0166667 0.0406250
4 0.4679687 0.3875000 0.0182292 0.0296875
3 0.6101562 0.4515625 0.0109375 0.0281250
1 0.4252604 0.7750000 0.0223958 0.0312500
2 0.3492188 0.7859375 0.0255208 0.0265625
4 0.6328125 0.7347656 0.0270833 0.0179687
5 0.4755208 0.7339844 0.0156250 0.0273438
0 0.4190104 0.7242188 0.0140625 0.0343750
4 0.5932292 0.5937500 0.0260417 0.0234375
7 0.4914062 0.2507813 0.0203125 0.0250000
9 0.2880208 0.4902344 0.0260417 0.0304687
10 0.5533854 0.3957031 0.0244792 0.0242188
9 0.3325521 0.4445312 0.0244792 0.0296875
7 0.6367188 0.7410156 0.0244792 0.0242188
10 0.5320312 0.4972656 0.0161458 0.0320312
11 0.2898438 0.7925781 0.0182292 0.0382813
