1 0.5065104 0.8679687 0.1057292 0.1218750
1 0.2520833 0.4945312 0.1031250 0.0953125
0 0.4781250 0.1855469 0.0708333 0.1773437
2 0.4343750 0.1156250 0.0687500 0.1531250
1 0.4104167 0.3492188 0.0739583 0.1734375
2 0.3585937 0.4984375 0.0546875 0.1093750
7 0.4812500 0.4617188 0.0750000 0.1234375
11 0.3541667 0.7109375 0.0958333 0.1468750
8 0.7341146 0.5156250 0.1088542 0.1687500
9 0.6815104 0.6355469 0.0953125 0.1507813
8 0.6388021 0.6855469 0.0953125 0.1648438
8 0.4875000 0.0683594 0.0937500 0.1210938
6 0.4156250 0.5203125 0.0812500 0.1500000
6 0.3851562 0.0429688 0.0682292 0.0859375
10 0.3625000 0.9320312 0.0989583 0.1218750
11 0.3440104 0.5316406 0.1151042 0.1289062
6 0.2554688 0.6535156 0.0661458 0.1351563
9 0.7010417 0.1562500 0.0885417 0.0984375
10 0.5278646 0.3406250 0.1036458 0.1218750
9 0.7627604 0.8429688 0.1088542 0.1328125
7 0.6789063 0.5441406 0.1046875 0.1445312
11 0.4411458 0.6082031 0.0739583 0.1195313
