1 0.4656250 0.4222656 0.0218750 0.0351562
3 0.3697917 0.5308594 0.0177083 0.0382813
4 0.5630208 0.2980469 0.0354167 0.0242188
5 0.5617188 0.6929688 0.0203125 0.0484375
2 0.4979167 0.3496094 0.0302083 0.0351562
4 0.5317708 0.6105469 0.0343750 0.0226562
1 0.6226563 0.1257813 0.0192708 0.0437500
3 0.4450521 0.1812500 0.0223958 0.0250000
2 0.5934896 0.2589844 0.0171875 0.0476562
2 0.4195313 0.4476562 0.0151042 0.0390625
0 0.5554687 0.3445313 0.0244792 0.0296875
1 0.7072917 0.7621094 0.0187500 0.0523438
0 0.7166667 0.3679688 0.0354167 0.0375000
4 0.3927083 0.3597656 0.0343750 0.0257812
0 0.5734375 0.4101562 0.0270833 0.0218750
4 0.7395833 0.7472656 0.0322917 0.0367188
4 0.4622396 0.7031250 0.0328125 0.0250000
2 0.3148437 0.2375000 0.0348958 0.0234375
4 0.6838542 0.5980469 0.0322917 0.0226562
1 0.4770833 0.6667969 0.0343750 0.0226562
4 0.6085938 0.8292969 0.0307292 0.0460938
2 0.5557292 0.2292969 0.0229167 0.0507812
4 0.4020833 0.8480469 0.0166667 0.0398437
1 0.4229167 0.7636719 0.0333333 0.0304687
2 0.6320313 0.4492188 0.0328125 0.0421875
2 0.7007813 0.6554688 0.0317708 0.0265625
3 0.6333333 0.4242187 0.0302083 0.0265625
4 0.5263021 0.4308594 0.0171875 0.0492187
2 0.2901042 0.5859375 0.0322917 0.0296875
1 0.3619792 0.1351563 0.0145833 0.0328125
3 0.5789062 0.1597656 0.0307292 0.0304687
2 0.3351562 0.3441406 0.0307292 0.0429688
0 0.5177083 0.7859375 0.0354167 0.0250000
5 0.5950521 0.5937500 0.0338542 0.0265625
1 0.4942708 0.4238281 0.0270833 0.0320312
1 0.4265625 0.6406250 0.0291667 0.0250000
5 0.3875000 0.6808594 0.0312500 0.0289063
1 0.5572917 0.3062500 0.0177083 0.0375000
2 0.6434896 0.5585938 0.0213542 0.0265625
2 0.5403646 0.3906250 0.0276042 0.0359375
4 0.3817708 0.2730469 0.0270833 0.0445313
4 0.5320312 0.3976562 0.0307292 0.0296875
0 0.4502604 0.6578125 0.0161458 0.0390625
1 0.2960937 0.5093750 0.0338542 0.0218750
0 0.4546875 0.6347656 0.0260417 0.0289063
1 0.2210938 0.4367187 0.0213542 0.0328125
4 0.5518229 0.6347656 0.0182292 0.0335937
3 0.4854167 0.1351563 0.0218750 0.0437500
2 0.6208333 0.3148437 0.0312500 0.0234375
1 0.6559896 0.8378906 0.0223958 0.0429688
3 0.4973958 0.6718750 0.0270833 0.0281250
0 0.6627604 0.5679688 0.0307292 0.0296875
5 0.2947917 0.5730469 0.0364583 0.0289063
3 0.4416667 0.3796875 0.0156250 0.0406250
0 0.4479167 0.7835937 0.0291667 0.0343750
2 0.5432292 0.6347656 0.0208333 0.0523438
5 0.6385417 0.6449219 0.0166667 0.0523438
0 0.2859375 0.1816406 0.0312500 0.0273438
2 0.3682292 0.3445313 0.0197917 0.0343750
4 0.5312500 0.3417969 0.0197917 0.0335937
0 0.4700521 0.4976563 0.0171875 0.0359375
5 0.5734375 0.5445313 0.0312500 0.0312500
1 0.4531250 0.5746094 0.0229167 0.0335937
11 0.2973958 0.5320312 0.0270833 0.0312500
10 0.4867187 0.7925781 0.0234375 0.0460938
9 0.4151042 0.3253906 0.0218750 0.0492187
