0 0.5236979 0.1886719 0.0432292 0.1164063
3 0.7695312 0.2132813 0.0411458 0.1218750
1 0.6257812 0.4773438 0.0932292 0.0718750
4 0.4335938 0.2363281 0.0557292 0.1289062
2 0.3846354 0.7511719 0.0848958 0.1273438
0 0.6981771 0.4742188 0.0869792 0.1046875
5 0.5119792 0.5648437 0.0593750 0.0640625
2 0.3559896 0.2914062 0.0911458 0.1000000
0 0.3572917 0.6101562 0.0468750 0.1593750
0 0.5695313 0.6542969 0.0609375 0.0710937
4 0.5552083 0.7210937 0.0791667 0.0781250
4 0.4580729 0.4906250 0.0859375 0.0750000
1 0.3739583 0.2203125 0.0770833 0.0781250
3 0.3070312 0.4718750 0.1026042 0.0703125
2 0.4747396 0.6417969 0.0578125 0.0804688
3 0.6325521 0.3445313 0.0567708 0.1156250
5 0.4677083 0.4351563 0.0656250 0.0906250
0 0.3794271 0.3425781 0.0484375 0.1070312
1 0.5372396 0.4480469 0.0671875 0.0960938
3 0.5375000 0.0593750 0.0437500 0.1187500
5 0.5447917 0.2789063 0.0750000 0.0984375
0 0.5895833 0.5128906 0.0947917 0.0570312
5 0.3283854 0.5375000 0.0661458 0.1296875
3 0.6252604 0.4601562 0.1098958 0.0718750
5 0.6781250 0.8468750 0.1010417 0.0796875
5 0.4463542 0.3031250 0.0958333 0.0687500
2 0.4731771 0.4210937 0.0911458 0.0734375
0 0.7731771 0.3058594 0.0484375 0.0710937
4 0.3575521 0.3527344 0.0932292 0.0742188
4 0.5960937 0.3250000 0.1036458 0.0890625
3 0.6046875 0.3039062 0.0541667 0.1265625
3 0.6614583 0.6683594 0.0947917 0.0679687
5 0.5192708 0.6203125 0.0937500 0.0703125
0 0.3880208 0.8347656 0.0614583 0.0773438
4 0.5734375 0.4699219 0.0541667 0.0945312
1 0.7377604 0.6222656 0.0421875 0.1367188
0 0.5997396 0.5886719 0.0921875 0.0648438
5 0.7575521 0.6695313 0.0536458 0.1359375
11 0.6640625 0.3921875 0.0604167 0.1359375
9 0.3776042 0.6781250 0.0625000 0.1312500
8 0.2856771 0.2765625 0.0921875 0.0906250
11 0.6380208 0.3691406 0.0885417 0.0867187
10 0.3682292 0.6453125 0.0906250 0.1046875
10 0.6119792 0.3625000 0.0656250 0.1343750
11 0.6205729 0.7824219 0.0984375 0.0960938
8 0.5393229 0.8332031 0.0723958 0.1382812
7 0.4929688 0.6695313 0.0890625 0.1031250
10 0.6013021 0.3230469 0.0911458 0.0914062
