5 0.6734375 0.8031250 0.0385417 0.0265625
2 0.5403646 0.6652344 0.0338542 0.0273438
1 0.4572917 0.5468750 0.0385417 0.0234375
0 0.6765625 0.6847656 0.0333333 0.0195312
4 0.5973958 0.6984375 0.0239583 0.0546875
5 0.5723958 0.8550781 0.0239583 0.0273438
0 0.5299479 0.6238281 0.0348958 0.0289063
4 0.6835938 0.8582031 0.0255208 0.0289063
2 0.4911458 0.7894531 0.0208333 0.0273438
3 0.5950521 0.2429688 0.0286458 0.0375000
10 0.3778646 0.7410156 0.0307292 0.0398437
9 0.4354167 0.3683594 0.0250000 0.0476562
10 0.7346354 0.2531250 0.0296875 0.0500000
11 0.3531250 0.3796875 0.0302083 0.0484375
9 0.5380208 0.8183594 0.0333333 0.0398437
10 0.3041667 0.6089844 0.0208333 0.0398437
11 0.5229167 0.1875000 0.0322917 0.0328125
11 0.5171875 0.7316406 0.0281250 0.0570312
