3 0.6619792 0.7023438 0.0437500 0.0406250
2 0.4364583 0.6593750 0.0302083 0.0625000
4 0.2890625 0.2777344 0.0229167 0.0570312
3 0.6585937 0.6093750 0.0380208 0.0390625
5 0.5401042 0.8140625 0.0270833 0.0421875
0 0.6786458 0.3242188 0.0302083 0.0484375
0 0.5036458 0.3535156 0.0239583 0.0445313
5 0.6875000 0.4867187 0.0385417 0.0328125
4 0.4265625 0.8929687 0.0250000 0.0734375
1 0.3687500 0.3386719 0.0281250 0.0570312
0 0.4763021 0.5671875 0.0296875 0.0343750
5 0.5312500 0.2285156 0.0239583 0.0539063
5 0.6046875 0.3132813 0.0427083 0.0343750
0 0.3981771 0.2589844 0.0359375 0.0617188
4 0.7523437 0.5171875 0.0484375 0.0343750
3 0.3684896 0.5878906 0.0442708 0.0414062
4 0.6221354 0.5414062 0.0411458 0.0281250
4 0.4656250 0.6261719 0.0302083 0.0523438
4 0.4333333 0.6386719 0.0260417 0.0617188
2 0.4661458 0.3437500 0.0447917 0.0484375
5 0.5901042 0.6132812 0.0500000 0.0343750
1 0.6765625 0.5847656 0.0416667 0.0414062
3 0.3403646 0.4023438 0.0401042 0.0421875
3 0.4395833 0.5722656 0.0291667 0.0320312
0 0.3523438 0.5691406 0.0432292 0.0320312
0 0.6406250 0.3410156 0.0197917 0.0351562
4 0.4518229 0.7941406 0.0348958 0.0539063
2 0.5281250 0.7738281 0.0416667 0.0273438
4 0.7302083 0.5238281 0.0302083 0.0398437
5 0.6361979 0.6015625 0.0338542 0.0437500
1 0.3875000 0.6757812 0.0197917 0.0593750
5 0.6809896 0.6632813 0.0432292 0.0343750
0 0.4231771 0.2156250 0.0380208 0.0406250
1 0.2875000 0.2816406 0.0479167 0.0335937
1 0.4429688 0.7503906 0.0369792 0.0492187
2 0.6992188 0.6812500 0.0494792 0.0375000
1 0.5609375 0.5972656 0.0479167 0.0335937
0 0.6773438 0.4468750 0.0494792 0.0328125
4 0.6200521 0.5910156 0.0296875 0.0382813
4 0.3682292 0.4609375 0.0302083 0.0328125
2 0.4609375 0.3074219 0.0270833 0.0460938
3 0.4322917 0.6687500 0.0364583 0.0328125
1 0.3114583 0.8886719 0.0458333 0.0445313
0 0.7140625 0.4238281 0.0500000 0.0382813
5 0.5385417 0.8640625 0.0416667 0.0406250
2 0.6070313 0.7757812 0.0255208 0.0328125
2 0.2200521 0.2058594 0.0463542 0.0382813
0 0.5166667 0.8261719 0.0312500 0.0414062
5 0.5591146 0.5390625 0.0380208 0.0390625
0 0.7541667 0.4941406 0.0416667 0.0507812
3 0.5458333 0.1355469 0.0395833 0.0382813
2 0.4414062 0.3457031 0.0265625 0.0601563
5 0.6450521 0.5757813 0.0223958 0.0484375
4 0.3911458 0.2726562 0.0385417 0.0453125
0 0.4200521 0.2671875 0.0307292 0.0484375
0 0.7664062 0.5460938 0.0255208 0.0484375
4 0.5380208 0.8511719 0.0375000 0.0460938
0 0.5044271 0.5781250 0.0421875 0.0296875
2 0.4552083 0.4246094 0.0229167 0.0742188
1 0.6833333 0.3617187 0.0364583 0.0484375
4 0.5598958 0.6117187 0.0489583 0.0343750
2 0.4846354 0.8148437 0.0203125 0.0515625
0 0.7278646 0.6363281 0.0473958 0.0367188
4 0.4145833 0.5343750 0.0406250 0.0265625
5 0.5080729 0.7812500 0.0328125 0.0687500
0 0.4934896 0.7640625 0.0442708 0.0343750
1 0.3880208 0.3316406 0.0229167 0.0554687
5 0.6877604 0.7972656 0.0276042 0.0710937
11 0.6778646 0.2585938 0.0411458 0.0531250
10 0.5638021 0.2464844 0.0401042 0.0492187
10 0.2153646 0.2968750 0.0463542 0.0531250
6 0.4192708 0.1578125 0.0364583 0.0625000
8 0.2703125 0.5410156 0.0281250 0.0570312
