1 0.4609375 0.7273437 0.0239583 0.0312500
5 0.6320313 0.5828125 0.0359375 0.0250000
3 0.5804687 0.3667969 0.0328125 0.0382813
4 0.5273438 0.1718750 0.0255208 0.0328125
0 0.4559896 0.3515625 0.0192708 0.0531250
4 0.5528646 0.2082031 0.0369792 0.0226562
5 0.6057292 0.2863281 0.0395833 0.0289063
4 0.3401042 0.3167969 0.0364583 0.0226562
2 0.2890625 0.2468750 0.0250000 0.0359375
2 0.5643229 0.2730469 0.0390625 0.0273438
1 0.6036458 0.5582031 0.0156250 0.0304687
5 0.5312500 0.5078125 0.0187500 0.0296875
0 0.5153646 0.6640625 0.0223958 0.0546875
1 0.3781250 0.4273438 0.0375000 0.0359375
5 0.3802083 0.4304688 0.0177083 0.0531250
2 0.4289062 0.4046875 0.0348958 0.0375000
3 0.3971354 0.1984375 0.0192708 0.0421875
2 0.4955729 0.2058594 0.0203125 0.0539063
9 0.3455729 0.6273437 0.0307292 0.0500000
8 0.3953125 0.7722656 0.0302083 0.0445313
10 0.6765625 0.3898437 0.0281250 0.0453125
6 0.3666667 0.3484375 0.0239583 0.0500000
10 0.3638021 0.2667969 0.0328125 0.0320312
10 0.5216146 0.8074219 0.0328125 0.0523438
7 0.5054688 0.6328125 0.0338542 0.0328125
9 0.5723958 0.2207031 0.0229167 0.0492187
7 0.5473958 0.8539062 0.0364583 0.0468750
7 0.5127604 0.8468750 0.0296875 0.0578125
8 0.4182292 0.6476563 0.0229167 0.0546875
6 0.6080729 0.6847656 0.0213542 0.0320312
11 0.5059896 0.3609375 0.0234375 0.0328125
10 0.5078125 0.3152344 0.0322917 0.0429688
9 0.2953125 0.2378906 0.0333333 0.0335937
7 0.5164062 0.7898437 0.0338542 0.0359375
9 0.4466146 0.1640625 0.0338542 0.0343750
9 0.5666667 0.5437500 0.0291667 0.0406250
