0 0.4190104 0.2699219 0.0776042 0.0664062
2 0.2677083 0.4195313 0.0843750 0.0765625
1 0.4723958 0.4539063 0.0395833 0.1093750
4 0.2729167 0.3746094 0.0447917 0.0570312
2 0.5265625 0.3140625 0.0437500 0.1265625
3 0.4539063 0.5277344 0.0401042 0.0507812
1 0.4406250 0.3679688 0.0645833 0.0687500
3 0.5026042 0.7636719 0.0531250 0.0617188
2 0.5020833 0.5511719 0.0479167 0.0726563
3 0.4968750 0.6476563 0.0395833 0.0828125
2 0.2666667 0.7277344 0.0385417 0.1179687
2 0.4091146 0.2656250 0.0567708 0.0625000
3 0.5627604 0.6703125 0.0421875 0.0593750
1 0.6945313 0.1835938 0.0640625 0.0625000
5 0.6768229 0.4882812 0.0734375 0.0640625
2 0.4622396 0.8003906 0.0536458 0.1085938
1 0.4854167 0.6800781 0.0687500 0.0710937
4 0.7171875 0.8394531 0.0739583 0.0445313
4 0.6304688 0.7503906 0.0765625 0.0539063
3 0.5395833 0.7570313 0.0750000 0.0750000
2 0.5041667 0.5046875 0.0760417 0.0578125
4 0.7682292 0.5449219 0.0583333 0.0617188
0 0.4890625 0.2664063 0.0625000 0.0812500
3 0.5635417 0.4597656 0.0677083 0.0757812
2 0.7703125 0.7210937 0.0708333 0.0562500
2 0.3598958 0.3722656 0.0385417 0.0664062
3 0.4994792 0.6675781 0.0656250 0.0835937
5 0.6658854 0.2488281 0.0713542 0.0882813
3 0.5843750 0.6265625 0.0489583 0.0625000
3 0.6434896 0.5597656 0.0786458 0.0648438
4 0.6395833 0.7640625 0.0697917 0.0546875
3 0.4757812 0.6945313 0.0671875 0.0671875
0 0.6825521 0.4859375 0.0630208 0.0859375
2 0.5710937 0.2035156 0.0390625 0.1101562
2 0.5572917 0.8320312 0.0791667 0.0500000
3 0.7473958 0.5699219 0.0427083 0.0898438
0 0.3127604 0.1769531 0.0380208 0.1179687
2 0.3932292 0.5613281 0.0677083 0.0523438
4 0.5463542 0.1667969 0.0770833 0.0539063
5 0.4130208 0.3917969 0.0468750 0.0492187
1 0.6158854 0.3355469 0.0557292 0.0929688
3 0.4820313 0.7796875 0.0567708 0.0703125
5 0.7364583 0.7613281 0.0343750 0.0585938
2 0.2486979 0.4078125 0.0776042 0.0921875
3 0.4273438 0.4804688 0.0421875 0.0484375
0 0.6598958 0.7062500 0.0781250 0.0750000
3 0.3354167 0.7867188 0.0385417 0.0937500
1 0.4820313 0.2109375 0.0473958 0.1031250
2 0.5083333 0.1972656 0.0500000 0.0851563
0 0.2841146 0.8343750 0.0776042 0.0640625
0 0.2651042 0.2421875 0.0645833 0.0703125
0 0.3002604 0.7671875 0.0734375 0.0515625
7 0.4809896 0.4226563 0.0505208 0.1062500
10 0.6471354 0.5945312 0.0776042 0.0968750
8 0.4380208 0.6597656 0.0489583 0.1070312
6 0.6033854 0.7679687 0.0609375 0.0671875
7 0.6229167 0.4476562 0.0625000 0.0687500
11 0.2585938 0.4968750 0.0776042 0.0765625
11 0.6981771 0.5886719 0.0755208 0.0742188
9 0.3315104 0.7167969 0.0755208 0.0757812
10 0.6229167 0.4062500 0.0729167 0.1140625
10 0.6950521 0.2644531 0.0619792 0.1070312
10 0.6546875 0.3417969 0.0677083 0.0835937
11 0.5148438 0.6097656 0.0598958 0.1179687
7 0.3395833 0.7113281 0.0750000 0.0976562
6 0.5901042 0.4691406 0.0802083 0.0773438
6 0.4091146 0.2269531 0.0526042 0.0757812
7 0.5093750 0.6566406 0.0552083 0.0695313
10 0.6395833 0.6640625 0.0677083 0.0906250
11 0.3885417 0.3480469 0.0729167 0.0882813
