2 0.7234375 0.5679688 0.0260417 0.0578125
4 0.5057292 0.2527344 0.0343750 0.0289063
3 0.5138021 0.4582031 0.0213542 0.0257812
4 0.6414062 0.4023438 0.0348958 0.0281250
2 0.6234375 0.4457031 0.0375000 0.0304687
1 0.5677083 0.5519531 0.0302083 0.0476562
5 0.5755208 0.8734375 0.0395833 0.0359375
3 0.3489583 0.8972656 0.0208333 0.0632812
1 0.4994792 0.7222656 0.0333333 0.0335937
4 0.6703125 0.4968750 0.0333333 0.0375000
2 0.5960937 0.2636719 0.0265625 0.0617188
2 0.6908854 0.7734375 0.0328125 0.0359375
2 0.6822917 0.2992187 0.0354167 0.0421875
5 0.6739583 0.4128906 0.0197917 0.0585938
3 0.6596354 0.2843750 0.0369792 0.0406250
1 0.6273437 0.5167969 0.0203125 0.0382813
0 0.6515625 0.6093750 0.0208333 0.0359375
2 0.6882812 0.4601562 0.0421875 0.0343750
5 0.7330729 0.4753906 0.0432292 0.0242188
4 0.6401042 0.4406250 0.0302083 0.0406250
4 0.6091146 0.6621094 0.0348958 0.0367188
2 0.4684896 0.1425781 0.0255208 0.0585938
4 0.5627604 0.7171875 0.0234375 0.0593750
0 0.6598958 0.5964844 0.0343750 0.0367188
0 0.5822917 0.1019531 0.0406250 0.0273438
2 0.5838542 0.4718750 0.0197917 0.0578125
4 0.5554687 0.3968750 0.0421875 0.0312500
3 0.5239583 0.2312500 0.0166667 0.0390625
5 0.4789062 0.4550781 0.0244792 0.0492187
4 0.5877604 0.6855469 0.0255208 0.0351562
2 0.3018229 0.4707031 0.0380208 0.0273438
0 0.5927083 0.4039063 0.0437500 0.0328125
5 0.6143229 0.4050781 0.0369792 0.0242188
1 0.3914063 0.6574219 0.0223958 0.0601563
1 0.5049479 0.2679687 0.0380208 0.0281250
2 0.7484375 0.3472656 0.0385417 0.0351562
5 0.4583333 0.5636719 0.0406250 0.0289063
4 0.4914062 0.6121094 0.0317708 0.0460938
0 0.7882813 0.6421875 0.0338542 0.0265625
5 0.6268229 0.2710938 0.0380208 0.0265625
1 0.5286458 0.5410156 0.0291667 0.0257812
2 0.5924479 0.7886719 0.0192708 0.0445313
1 0.6026042 0.8394531 0.0312500 0.0367188
1 0.4776042 0.3957031 0.0218750 0.0398437
1 0.4361979 0.7843750 0.0359375 0.0421875
4 0.4442708 0.9089844 0.0281250 0.0445313
3 0.7502604 0.5992188 0.0286458 0.0359375
4 0.7619792 0.4562500 0.0333333 0.0406250
4 0.4580729 0.3808594 0.0265625 0.0414062
5 0.5312500 0.5023437 0.0395833 0.0250000
2 0.7236979 0.4949219 0.0401042 0.0273438
5 0.5145833 0.4187500 0.0312500 0.0265625
5 0.4158854 0.6007813 0.0359375 0.0312500
2 0.5216146 0.5871094 0.0244792 0.0289063
5 0.6489583 0.5566406 0.0229167 0.0351562
4 0.6851563 0.4968750 0.0296875 0.0484375
0 0.6023437 0.0679687 0.0359375 0.0375000
5 0.6486979 0.7824219 0.0328125 0.0273438
4 0.5953125 0.2820313 0.0395833 0.0265625
2 0.4419271 0.7882813 0.0338542 0.0500000
2 0.5109375 0.8648438 0.0239583 0.0531250
10 0.3468750 0.6476563 0.0375000 0.0468750
7 0.4148438 0.2730469 0.0359375 0.0351562
8 0.6888021 0.7062500 0.0401042 0.0546875
8 0.3419271 0.8097656 0.0369792 0.0460938
7 0.3692708 0.6574219 0.0291667 0.0367188
7 0.8002604 0.4476562 0.0401042 0.0500000
7 0.6731771 0.5242187 0.0369792 0.0421875
9 0.6161458 0.2609375 0.0354167 0.0562500
10 0.5218750 0.1078125 0.0260417 0.0609375
8 0.6291667 0.2351563 0.0375000 0.0375000
7 0.6161458 0.5511719 0.0354167 0.0351562
8 0.5539063 0.4414062 0.0234375 0.0500000
7 0.5346354 0.5300781 0.0317708 0.0382813
7 0.5393229 0.7578125 0.0359375 0.0515625
9 0.5520833 0.4382813 0.0281250 0.0343750
8 0.7109375 0.6863281 0.0239583 0.0507812
