0 0.3822917 0.5171875 0.0270833 0.0375000
1 0.4143229 0.5179687 0.0348958 0.0265625
1 0.4632812 0.5316406 0.0328125 0.0304687
3 0.6093750 0.8191406 0.0322917 0.0304687
4 0.7062500 0.4363281 0.0312500 0.0242188
4 0.6468750 0.1925781 0.0322917 0.0273438
1 0.3658854 0.7199219 0.0171875 0.0320312
3 0.5309896 0.7078125 0.0192708 0.0390625
4 0.6307292 0.4898438 0.0333333 0.0312500
1 0.3565104 0.3664062 0.0213542 0.0546875
5 0.2492187 0.6613281 0.0317708 0.0304687
3 0.6820312 0.2781250 0.0317708 0.0250000
3 0.5101562 0.7707031 0.0317708 0.0226562
0 0.4609375 0.4839844 0.0322917 0.0242188
2 0.5223958 0.6699219 0.0322917 0.0226562
4 0.5851563 0.5746094 0.0203125 0.0320312
3 0.7098958 0.2683594 0.0343750 0.0257812
1 0.5083333 0.1925781 0.0312500 0.0210938
5 0.3231771 0.5683594 0.0338542 0.0195312
4 0.5130208 0.5257812 0.0208333 0.0390625
4 0.5471354 0.8738281 0.0234375 0.0445313
5 0.7015625 0.6312500 0.0270833 0.0343750
4 0.5692708 0.7566406 0.0229167 0.0460938
5 0.4278646 0.8746094 0.0286458 0.0273438
3 0.6447917 0.3582031 0.0354167 0.0195312
5 0.5760417 0.2414062 0.0156250 0.0281250
3 0.5421875 0.3820312 0.0197917 0.0453125
3 0.3656250 0.2511719 0.0218750 0.0429688
4 0.6950521 0.2261719 0.0338542 0.0226562
5 0.3343750 0.1750000 0.0333333 0.0250000
4 0.5718750 0.8000000 0.0322917 0.0218750
5 0.7117187 0.2777344 0.0234375 0.0476562
0 0.3570313 0.6550781 0.0296875 0.0257812
3 0.5080729 0.6906250 0.0192708 0.0546875
1 0.5416667 0.0808594 0.0208333 0.0445313
5 0.3971354 0.3761719 0.0307292 0.0320312
5 0.4973958 0.5671875 0.0281250 0.0218750
3 0.6658854 0.7246094 0.0328125 0.0226562
4 0.5174479 0.8121094 0.0286458 0.0242188
1 0.6281250 0.6589844 0.0197917 0.0460938
1 0.4200521 0.6574219 0.0234375 0.0289063
1 0.4054687 0.7191406 0.0161458 0.0257812
1 0.4736979 0.7652344 0.0223958 0.0289063
3 0.4794271 0.6250000 0.0317708 0.0296875
3 0.6572917 0.7433594 0.0208333 0.0257812
1 0.4348958 0.7210937 0.0291667 0.0234375
0 0.4682292 0.2558594 0.0208333 0.0382813
3 0.4768229 0.3929687 0.0307292 0.0343750
0 0.4421875 0.7054687 0.0291667 0.0296875
1 0.6674479 0.4968750 0.0338542 0.0250000
1 0.5192708 0.6433594 0.0281250 0.0242188
5 0.6046875 0.4886719 0.0291667 0.0242188
1 0.6468750 0.5300781 0.0302083 0.0226562
0 0.3536458 0.4722656 0.0135417 0.0382813
5 0.4049479 0.7589844 0.0203125 0.0257812
4 0.4075521 0.2605469 0.0182292 0.0445313
4 0.5239583 0.7425781 0.0229167 0.0492187
4 0.4554687 0.6347656 0.0265625 0.0460938
0 0.6216146 0.2062500 0.0223958 0.0406250
5 0.5854167 0.2554688 0.0322917 0.0234375
3 0.4575521 0.5765625 0.0171875 0.0531250
5 0.4044271 0.5261719 0.0161458 0.0460938
5 0.4763021 0.3984375 0.0338542 0.0265625
0 0.6007813 0.3460937 0.0192708 0.0500000
5 0.5033854 0.4421875 0.0265625 0.0296875
1 0.3963542 0.8527344 0.0343750 0.0257812
0 0.5463542 0.9921875 0.0166667 0.0140625
4 0.5057292 0.4460938 0.0197917 0.0531250
5 0.6315104 0.6492187 0.0203125 0.0281250
0 0.3023438 0.4648438 0.0359375 0.0265625
3 0.6567708 0.6812500 0.0239583 0.0343750
0 0.4164062 0.4000000 0.0213542 0.0265625
3 0.4947917 0.3785156 0.0250000 0.0367188
1 0.5299479 0.1664063 0.0255208 0.0343750
0 0.6528646 0.4703125 0.0338542 0.0218750
0 0.3359375 0.7582031 0.0250000 0.0414062
9 0.3203125 0.3652344 0.0260417 0.0320312
7 0.6812500 0.2710938 0.0333333 0.0328125
6 0.6846354 0.3347656 0.0265625 0.0492187
10 0.4458333 0.0941406 0.0218750 0.0476562
9 0.5429688 0.2640625 0.0203125 0.0484375
11 0.3286458 0.1988281 0.0312500 0.0304687
6 0.5552083 0.7679687 0.0197917 0.0468750
8 0.6361979 0.5890625 0.0286458 0.0281250
11 0.7835937 0.4859375 0.0286458 0.0453125
