2 0.6252604 0.5613281 0.0328125 0.0257812
2 0.5075521 0.2527344 0.0369792 0.0335937
4 0.5885417 0.3832031 0.0270833 0.0507812
1 0.5182292 0.5843750 0.0322917 0.0281250
3 0.6466146 0.8167969 0.0390625 0.0257812
4 0.5268229 0.1398437 0.0390625 0.0265625
1 0.6195312 0.2769531 0.0369792 0.0320312
3 0.4778646 0.6062500 0.0213542 0.0562500
4 0.6315104 0.2542969 0.0161458 0.0304687
3 0.4070313 0.2628906 0.0348958 0.0257812
1 0.4453125 0.4601562 0.0375000 0.0281250
5 0.3533854 0.2410156 0.0151042 0.0335937
2 0.6411458 0.4187500 0.0197917 0.0609375
4 0.5669271 0.4398437 0.0359375 0.0265625
0 0.4799479 0.5601563 0.0369792 0.0359375
2 0.3885417 0.5468750 0.0343750 0.0296875
5 0.3231771 0.6941406 0.0244792 0.0523438
1 0.5578125 0.3687500 0.0406250 0.0375000
1 0.3226562 0.3238281 0.0161458 0.0601563
4 0.5848958 0.3382812 0.0312500 0.0250000
3 0.4210937 0.4542969 0.0359375 0.0289063
2 0.5460938 0.2617188 0.0213542 0.0609375
0 0.4122396 0.8281250 0.0276042 0.0296875
1 0.5286458 0.2023437 0.0281250 0.0453125
3 0.4093750 0.3234375 0.0187500 0.0312500
0 0.3953125 0.5402344 0.0197917 0.0320312
3 0.5197917 0.6835938 0.0302083 0.0343750
2 0.4445312 0.5910156 0.0338542 0.0257812
0 0.3729167 0.3308594 0.0177083 0.0492187
0 0.5195312 0.6687500 0.0255208 0.0343750
3 0.4276042 0.7585937 0.0364583 0.0234375
3 0.6140625 0.4234375 0.0229167 0.0250000
3 0.7403646 0.5207031 0.0255208 0.0476562
2 0.6296875 0.7292969 0.0385417 0.0289063
4 0.5992188 0.6136719 0.0307292 0.0320312
0 0.6789063 0.2792969 0.0244792 0.0304687
4 0.4958333 0.6847656 0.0177083 0.0492187
1 0.3341146 0.3812500 0.0203125 0.0562500
4 0.5190104 0.4914062 0.0369792 0.0390625
4 0.5424479 0.3902344 0.0203125 0.0398437
2 0.6606771 0.6882812 0.0401042 0.0281250
1 0.4153646 0.8335938 0.0317708 0.0250000
9 0.5927083 0.4843750 0.0343750 0.0390625
9 0.4531250 0.5285156 0.0260417 0.0460938
10 0.3085938 0.4468750 0.0380208 0.0359375
11 0.2906250 0.3324219 0.0312500 0.0382813
6 0.7065104 0.1734375 0.0390625 0.0375000
