2 0.4864583 0.5089844 0.0437500 0.0351562
3 0.3687500 0.5300781 0.0208333 0.0601563
2 0.6203125 0.4195313 0.0375000 0.0343750
4 0.4851563 0.5226563 0.0348958 0.0562500
1 0.6799479 0.4078125 0.0442708 0.0234375
2 0.6210938 0.4320312 0.0401042 0.0281250
0 0.5750000 0.7320313 0.0437500 0.0406250
0 0.6325521 0.8648438 0.0442708 0.0390625
2 0.4812500 0.7464844 0.0250000 0.0289063
0 0.5799479 0.3218750 0.0234375 0.0375000
4 0.6807292 0.5132813 0.0406250 0.0312500
4 0.4723958 0.2875000 0.0239583 0.0437500
1 0.3528646 0.2988281 0.0234375 0.0476562
5 0.2848958 0.5468750 0.0239583 0.0562500
4 0.2872396 0.3574219 0.0182292 0.0539063
3 0.7291667 0.5847656 0.0395833 0.0382813
3 0.4817708 0.4546875 0.0437500 0.0296875
0 0.2554688 0.3761719 0.0307292 0.0585938
1 0.5442708 0.6867188 0.0437500 0.0296875
0 0.5533854 0.5953125 0.0473958 0.0359375
3 0.5307292 0.5515625 0.0197917 0.0531250
2 0.4158854 0.3789062 0.0276042 0.0359375
5 0.4161458 0.4464844 0.0354167 0.0460938
5 0.5153646 0.6082031 0.0234375 0.0632812
5 0.6773438 0.6007813 0.0307292 0.0390625
5 0.5661458 0.4976563 0.0416667 0.0328125
7 0.3309896 0.4289062 0.0380208 0.0609375
8 0.7148438 0.4648438 0.0317708 0.0406250
11 0.4546875 0.5773438 0.0427083 0.0484375
11 0.4559896 0.8058594 0.0317708 0.0429688
10 0.4377604 0.6359375 0.0369792 0.0359375
7 0.6583333 0.7125000 0.0375000 0.0609375
11 0.5934896 0.8902344 0.0432292 0.0648438
7 0.3434896 0.3738281 0.0401042 0.0445313
9 0.5335937 0.2835937 0.0453125 0.0437500
11 0.6375000 0.5093750 0.0354167 0.0593750
6 0.7119792 0.8582031 0.0291667 0.0523438
11 0.6718750 0.5714844 0.0395833 0.0367188
6 0.4619792 0.8496094 0.0385417 0.0382813
10 0.4166667 0.6265625 0.0333333 0.0515625
