0 0.6627604 0.6027344 0.0307292 0.0273438
0 0.6526042 0.5851563 0.0333333 0.0421875
3 0.3473958 0.6800781 0.0302083 0.0257812
2 0.5966146 0.2382812 0.0182292 0.0468750
4 0.6869792 0.3675781 0.0333333 0.0210938
1 0.3367188 0.6046875 0.0317708 0.0312500
5 0.5018229 0.3652344 0.0203125 0.0507812
1 0.6231771 0.4730469 0.0348958 0.0320312
2 0.5901042 0.5402344 0.0270833 0.0460938
5 0.4197917 0.2656250 0.0239583 0.0546875
4 0.5528646 0.6210938 0.0286458 0.0265625
1 0.5351562 0.5328125 0.0182292 0.0328125
5 0.2671875 0.5472656 0.0343750 0.0320312
5 0.3562500 0.7003906 0.0375000 0.0273438
2 0.4210937 0.6429687 0.0338542 0.0265625
5 0.3359375 0.4160156 0.0177083 0.0554687
5 0.7632813 0.5140625 0.0338542 0.0281250
0 0.6447917 0.2027344 0.0343750 0.0242188
0 0.6705729 0.7109375 0.0307292 0.0312500
0 0.6708333 0.5242187 0.0375000 0.0265625
5 0.5468750 0.5777344 0.0250000 0.0351562
1 0.6861979 0.7089844 0.0317708 0.0367188
2 0.3976562 0.0757812 0.0348958 0.0359375
5 0.5651042 0.6921875 0.0364583 0.0234375
0 0.6018229 0.3488281 0.0296875 0.0335937
2 0.3851562 0.5296875 0.0192708 0.0234375
2 0.3338542 0.4871094 0.0166667 0.0226562
3 0.3216146 0.6191406 0.0192708 0.0273438
0 0.5257812 0.3179688 0.0182292 0.0437500
5 0.5174479 0.6843750 0.0223958 0.0328125
2 0.6950521 0.2093750 0.0369792 0.0265625
4 0.5182292 0.4378906 0.0187500 0.0414062
4 0.4359375 0.4320312 0.0364583 0.0296875
5 0.6502604 0.6914062 0.0359375 0.0250000
2 0.6471354 0.4550781 0.0317708 0.0304687
5 0.5565104 0.2035156 0.0265625 0.0539063
5 0.5817708 0.3468750 0.0385417 0.0296875
4 0.5502604 0.3496094 0.0317708 0.0289063
0 0.6307292 0.5812500 0.0364583 0.0281250
2 0.4145833 0.5363281 0.0197917 0.0367188
3 0.7403646 0.5636719 0.0203125 0.0257812
1 0.6953125 0.3953125 0.0375000 0.0218750
5 0.4007812 0.8410156 0.0234375 0.0492187
2 0.6757812 0.3835938 0.0161458 0.0218750
5 0.7447917 0.5894531 0.0385417 0.0289063
2 0.5500000 0.8546875 0.0187500 0.0500000
3 0.3843750 0.8175781 0.0281250 0.0257812
3 0.2960937 0.3906250 0.0286458 0.0359375
2 0.4736979 0.3519531 0.0307292 0.0289063
3 0.4145833 0.4968750 0.0187500 0.0437500
3 0.6726562 0.1714844 0.0255208 0.0289063
2 0.2687500 0.4160156 0.0312500 0.0257812
3 0.4411458 0.2707031 0.0322917 0.0242188
4 0.7343750 0.6953125 0.0343750 0.0203125
1 0.6734375 0.7734375 0.0364583 0.0265625
0 0.6518229 0.2332031 0.0338542 0.0351562
4 0.5276042 0.5031250 0.0250000 0.0406250
1 0.7812500 0.5027344 0.0333333 0.0320312
1 0.3643229 0.6218750 0.0213542 0.0500000
3 0.3765625 0.6789063 0.0343750 0.0218750
2 0.6643229 0.3363281 0.0234375 0.0273438
4 0.5911458 0.8125000 0.0229167 0.0359375
0 0.6669271 0.6316406 0.0213542 0.0320312
5 0.4460938 0.5292969 0.0265625 0.0460938
5 0.5830729 0.4109375 0.0276042 0.0203125
3 0.5296875 0.5972656 0.0218750 0.0351562
1 0.4244792 0.9203125 0.0333333 0.0375000
2 0.6768229 0.6363281 0.0171875 0.0414062
3 0.6630208 0.3347656 0.0333333 0.0242188
2 0.5934896 0.3398438 0.0234375 0.0328125
2 0.5468750 0.4265625 0.0187500 0.0328125
6 0.4192708 0.8183594 0.0333333 0.0351562
8 0.5963542 0.2871094 0.0218750 0.0304687
6 0.6630208 0.7218750 0.0333333 0.0328125
9 0.6367188 0.7480469 0.0338542 0.0335937
6 0.5947917 0.5824219 0.0302083 0.0445313
9 0.5260417 0.4488281 0.0322917 0.0335937
11 0.4164062 0.1515625 0.0276042 0.0515625
