3 0.3994792 0.8445312 0.0145833 0.0437500
0 0.3552083 0.5152344 0.0218750 0.0320312
0 0.5002604 0.7648438 0.0213542 0.0265625
3 0.6734375 0.6238281 0.0270833 0.0242188
4 0.5947917 0.2675781 0.0166667 0.0382813
3 0.6609375 0.2773438 0.0135417 0.0203125
4 0.6752604 0.3628906 0.0244792 0.0242188
4 0.3247396 0.7285156 0.0276042 0.0289063
0 0.5041667 0.7289062 0.0177083 0.0328125
5 0.6085938 0.4785156 0.0296875 0.0210938
2 0.5953125 0.8093750 0.0302083 0.0234375
4 0.3476562 0.2394531 0.0296875 0.0242188
1 0.3031250 0.3609375 0.0270833 0.0203125
4 0.6309896 0.6242188 0.0161458 0.0187500
4 0.5044271 0.6312500 0.0151042 0.0203125
5 0.2656250 0.4519531 0.0291667 0.0257812
4 0.6510417 0.6339844 0.0260417 0.0164063
3 0.5380208 0.5941406 0.0145833 0.0289063
0 0.6765625 0.7476563 0.0229167 0.0265625
4 0.4783854 0.1707031 0.0130208 0.0179687
3 0.6736979 0.3015625 0.0151042 0.0281250
0 0.3585937 0.4789062 0.0244792 0.0281250
0 0.6283854 0.5753906 0.0276042 0.0242188
2 0.5572917 0.4515625 0.0135417 0.0343750
0 0.5473958 0.7050781 0.0291667 0.0210938
0 0.2747396 0.5812500 0.0276042 0.0296875
0 0.5015625 0.8250000 0.0177083 0.0390625
4 0.6281250 0.6261719 0.0250000 0.0257812
0 0.5429688 0.7000000 0.0276042 0.0343750
1 0.3533854 0.3308594 0.0130208 0.0398437
1 0.6768229 0.7464844 0.0151042 0.0335937
5 0.5052083 0.7804688 0.0156250 0.0406250
5 0.7617188 0.6152344 0.0307292 0.0242188
4 0.5348958 0.4457031 0.0135417 0.0445313
2 0.7263021 0.5000000 0.0286458 0.0328125
2 0.8018229 0.4410156 0.0244792 0.0367188
5 0.4054687 0.6890625 0.0255208 0.0312500
5 0.5632812 0.5757813 0.0255208 0.0296875
0 0.4481771 0.7937500 0.0213542 0.0390625
4 0.7231771 0.7960938 0.0296875 0.0203125
0 0.4841146 0.6980469 0.0182292 0.0367188
0 0.7161458 0.3003906 0.0270833 0.0226562
4 0.3825521 0.5238281 0.0182292 0.0320312
3 0.5437500 0.4359375 0.0250000 0.0234375
0 0.3531250 0.6882812 0.0156250 0.0281250
0 0.6270833 0.6085938 0.0250000 0.0343750
1 0.5236979 0.8035156 0.0234375 0.0367188
2 0.6382813 0.7656250 0.0223958 0.0187500
5 0.7158854 0.5113281 0.0296875 0.0320312
4 0.5098958 0.6656250 0.0218750 0.0203125
0 0.4557292 0.1769531 0.0270833 0.0289063
4 0.6229167 0.5296875 0.0250000 0.0218750
4 0.4151042 0.5199219 0.0281250 0.0179687
4 0.5343750 0.7042969 0.0145833 0.0210938
11 0.6705729 0.6328125 0.0182292 0.0421875
11 0.3981771 0.5839844 0.0234375 0.0257812
10 0.4161458 0.3062500 0.0218750 0.0390625
7 0.2807292 0.4953125 0.0281250 0.0390625
9 0.3085938 0.5109375 0.0265625 0.0296875
9 0.3005208 0.2015625 0.0260417 0.0265625
11 0.6174479 0.5574219 0.0286458 0.0304687
6 0.6088542 0.3609375 0.0250000 0.0296875
8 0.6239583 0.2574219 0.0281250 0.0382813
11 0.3817708 0.4777344 0.0197917 0.0289063
