5 0.5221354 0.9589844 0.1401042 0.0804688
2 0.3403646 0.7062500 0.0901042 0.2031250
3 0.4781250 0.7605469 0.1010417 0.1460937
0 0.6421875 0.6281250 0.1354167 0.1843750
5 0.6559896 0.8019531 0.1713542 0.1460937
5 0.7234375 0.2765625 0.1625000 0.1125000
1 0.5861979 0.7496094 0.1692708 0.1148437
2 0.3921875 0.2605469 0.1145833 0.2195313
1 0.5781250 0.8214844 0.1208333 0.1304687
1 0.4343750 0.2464844 0.0906250 0.2429688
5 0.6044271 0.6285156 0.0838542 0.2367188
4 0.6283854 0.7687500 0.1526042 0.1296875
1 0.6250000 0.4363281 0.1718750 0.1164063
1 0.4997396 0.4765625 0.1223958 0.1265625
3 0.6440104 0.8113281 0.1442708 0.1570313
4 0.4588542 0.5882812 0.0687500 0.1531250
0 0.4911458 0.1589844 0.1041667 0.1929687
1 0.2940104 0.4210937 0.1296875 0.1671875
5 0.4429688 0.5187500 0.1484375 0.1359375
0 0.3252604 0.4316406 0.1109375 0.1757812
3 0.4585938 0.4207031 0.1828125 0.1304687
1 0.3294271 0.6679688 0.1057292 0.1093750
3 0.2932292 0.7992187 0.1666667 0.1234375
5 0.6104167 0.5175781 0.1604167 0.1148437
3 0.5221354 0.1550781 0.0942708 0.1726563
5 0.3786458 0.8253906 0.0625000 0.2445313
2 0.5466146 0.1917969 0.0578125 0.2492187
1 0.5966146 0.6164063 0.1765625 0.1234375
4 0.4403646 0.2625000 0.1151042 0.1937500
2 0.6807292 0.4023438 0.1447917 0.1343750
4 0.4190104 0.7925781 0.0807292 0.2539062
3 0.3601563 0.8562500 0.0984375 0.1718750
5 0.8460937 0.4437500 0.1859375 0.1703125
0 0.5807292 0.8511719 0.1510417 0.1648438
1 0.8809896 0.4933594 0.1817708 0.1367188
1 0.6072917 0.5027344 0.1854167 0.1414063
3 0.4934896 0.7519531 0.1421875 0.1664063
1 0.6716146 0.7601562 0.1140625 0.1937500
2 0.4315104 0.4156250 0.1703125 0.1546875
3 0.4307292 0.3660156 0.1822917 0.1570313
1 0.5330729 0.6417969 0.1119792 0.2335937
6 0.6802083 0.5964844 0.1645833 0.2351563
6 0.7151042 0.8761719 0.1166667 0.2460938
9 0.5968750 0.4128906 0.1593750 0.1976563
9 0.3934896 0.7507812 0.1505208 0.1546875
10 0.2015625 0.7242188 0.1687500 0.1656250
10 0.5747396 0.3046875 0.1338542 0.1421875
8 0.6395833 0.2937500 0.1500000 0.1968750
7 0.5226563 0.4468750 0.1223958 0.1500000
7 0.7270833 0.2679687 0.1468750 0.1578125
11 0.6729167 0.3765625 0.1406250 0.1406250
9 0.6406250 0.4937500 0.1291667 0.2062500
10 0.4768229 0.7277344 0.1036458 0.2398437
11 0.4968750 0.4253906 0.1479167 0.2179687
7 0.3682292 0.4984375 0.1125000 0.1812500
11 0.8091146 0.2835937 0.1536458 0.1562500
9 0.4031250 0.6746094 0.1354167 0.1445312
