2 0.5265625 0.2558594 0.0291667 0.0914062
1 0.4164062 0.2425781 0.0630208 0.0445313
3 0.4960938 0.9187500 0.0619792 0.0625000
0 0.5348958 0.6117187 0.0593750 0.0468750
4 0.5729167 0.2953125 0.0364583 0.0796875
0 0.3190104 0.1867187 0.0651042 0.0515625
1 0.4901042 0.9660156 0.0541667 0.0648438
0 0.4442708 0.6011719 0.0489583 0.0867187
0 0.4789062 0.4250000 0.0348958 0.0468750
5 0.7026042 0.6406250 0.0395833 0.0500000
3 0.4507813 0.7144531 0.0588542 0.0429688
2 0.4934896 0.4371094 0.0463542 0.0679687
0 0.7578125 0.6167969 0.0552083 0.0570312
1 0.2997396 0.4468750 0.0619792 0.0515625
1 0.3710938 0.4777344 0.0546875 0.0679687
1 0.5447917 0.7015625 0.0552083 0.0609375
5 0.3059896 0.5957031 0.0421875 0.0820312
2 0.4981771 0.3335938 0.0411458 0.0468750
2 0.7291667 0.2859375 0.0593750 0.0578125
5 0.6195312 0.2394531 0.0588542 0.0523438
2 0.7669271 0.4523437 0.0484375 0.0750000
0 0.5914063 0.4496094 0.0609375 0.0632812
0 0.5210938 0.4523437 0.0609375 0.0468750
0 0.3421875 0.5792969 0.0583333 0.0523438
0 0.4421875 0.3863281 0.0416667 0.0757812
5 0.5833333 0.4023438 0.0437500 0.0500000
4 0.4395833 0.4371094 0.0645833 0.0398437
2 0.2643229 0.3222656 0.0296875 0.0773438
0 0.6565104 0.7300781 0.0307292 0.0914062
2 0.4921875 0.4085937 0.0395833 0.0843750
4 0.5031250 0.5437500 0.0479167 0.0875000
4 0.7143229 0.6632813 0.0515625 0.0531250
5 0.3903646 0.7601562 0.0630208 0.0500000
3 0.7369792 0.5867187 0.0552083 0.0515625
2 0.4932292 0.1601562 0.0583333 0.0453125
3 0.6953125 0.1273438 0.0604167 0.0421875
1 0.5554687 0.5601563 0.0421875 0.0406250
4 0.8049479 0.5152344 0.0338542 0.0523438
3 0.6033854 0.7656250 0.0317708 0.0890625
0 0.6304688 0.4902344 0.0578125 0.0585938
1 0.2091146 0.6257812 0.0338542 0.0687500
2 0.4958333 0.7414063 0.0489583 0.0625000
5 0.4807292 0.5921875 0.0583333 0.0390625
1 0.5080729 0.7652344 0.0380208 0.0585938
2 0.5661458 0.5777344 0.0333333 0.0492187
2 0.6385417 0.1593750 0.0541667 0.0546875
4 0.3992188 0.5597656 0.0630208 0.0367188
5 0.5283854 0.6718750 0.0380208 0.0625000
5 0.3132813 0.2589844 0.0380208 0.0632812
4 0.5395833 0.7843750 0.0437500 0.0750000
1 0.6140625 0.5269531 0.0364583 0.0320312
10 0.6958333 0.5250000 0.0635417 0.0609375
10 0.3882813 0.5058594 0.0348958 0.0742188
8 0.4885417 0.3187500 0.0406250 0.0843750
7 0.6119792 0.3164062 0.0395833 0.0781250
11 0.5255208 0.1996094 0.0375000 0.0867187
6 0.3026042 0.2785156 0.0510417 0.0539063
7 0.3093750 0.3511719 0.0604167 0.0804688
7 0.4549479 0.6968750 0.0588542 0.0703125
6 0.3471354 0.5285156 0.0536458 0.0554687
8 0.4127604 0.5230469 0.0401042 0.0617188
9 0.4861979 0.6035156 0.0588542 0.0585938
8 0.7002604 0.4445312 0.0546875 0.0578125
7 0.3031250 0.8363281 0.0562500 0.0835937
6 0.6070313 0.4425781 0.0526042 0.0570312
8 0.6265625 0.5199219 0.0510417 0.0585938
6 0.7247396 0.2917969 0.0557292 0.0773438
6 0.3166667 0.2847656 0.0395833 0.0960938
10 0.5476562 0.2847656 0.0546875 0.0539063
8 0.5010417 0.1929687 0.0500000 0.0859375
