1 0.8080729 0.7253906 0.0744792 0.0664062
5 0.6544271 0.6039062 0.0286458 0.0593750
4 0.2442708 0.5433594 0.0635417 0.0757812
1 0.7567708 0.5289063 0.0520833 0.0484375
3 0.4864583 0.3238281 0.0583333 0.0695313
0 0.7156250 0.7925781 0.0354167 0.1054688
3 0.5648437 0.4914062 0.0401042 0.0968750
1 0.5552083 0.4957031 0.0500000 0.1085938
2 0.3432292 0.5535156 0.0645833 0.0695313
3 0.4565104 0.6332031 0.0494792 0.1054688
2 0.6453125 0.4015625 0.0708333 0.0546875
0 0.4018229 0.5609375 0.0744792 0.0812500
1 0.6565104 0.3578125 0.0671875 0.0562500
2 0.3744792 0.5914063 0.0677083 0.0546875
2 0.4065104 0.3117187 0.0786458 0.0546875
3 0.6023437 0.7378906 0.0411458 0.0445313
3 0.2208333 0.4390625 0.0500000 0.0890625
2 0.5187500 0.4082031 0.0697917 0.0523438
2 0.7309896 0.1777344 0.0557292 0.0460938
3 0.6825521 0.5292969 0.0369792 0.0742188
1 0.4835937 0.2796875 0.0776042 0.0578125
2 0.5140625 0.4285156 0.0677083 0.0804688
3 0.5445313 0.9273438 0.0651042 0.0859375
1 0.3015625 0.8195313 0.0510417 0.1078125
2 0.3638021 0.3113281 0.0505208 0.0492187
2 0.2669271 0.6703125 0.0734375 0.0484375
2 0.3739583 0.4722656 0.0718750 0.0632812
1 0.5317708 0.7058594 0.0687500 0.0554687
2 0.7281250 0.4660156 0.0718750 0.0632812
5 0.6268229 0.6195312 0.0776042 0.0531250
4 0.4135417 0.2562500 0.0770833 0.0515625
4 0.3682292 0.5367188 0.0364583 0.1015625
3 0.5278646 0.3246094 0.0526042 0.1007813
2 0.6033854 0.4484375 0.0713542 0.0515625
9 0.5119792 0.7128906 0.0666667 0.0648438
8 0.2367188 0.4980469 0.0671875 0.0882813
10 0.3273437 0.2941406 0.0640625 0.0617188
8 0.4072917 0.1949219 0.0531250 0.0820312
11 0.7067708 0.4832031 0.0677083 0.0664062
9 0.4476562 0.6382813 0.0692708 0.0718750
8 0.3028646 0.3214844 0.0442708 0.1054688
