1 0.7078125 0.5230469 0.0250000 0.0304687
3 0.2622396 0.7718750 0.0286458 0.0187500
4 0.7190104 0.6957031 0.0265625 0.0242188
4 0.3921875 0.5429688 0.0156250 0.0171875
4 0.7187500 0.1523438 0.0145833 0.0406250
1 0.5138021 0.4003906 0.0140625 0.0320312
5 0.4302083 0.4695313 0.0260417 0.0218750
0 0.5242187 0.3714844 0.0286458 0.0179687
2 0.6281250 0.6558594 0.0291667 0.0257812
3 0.3419271 0.6531250 0.0265625 0.0265625
2 0.6549479 0.7300781 0.0265625 0.0195312
2 0.5825521 0.7382812 0.0255208 0.0187500
1 0.6072917 0.3730469 0.0208333 0.0226562
1 0.3575521 0.6316406 0.0244792 0.0210938
5 0.5132813 0.4468750 0.0276042 0.0218750
0 0.5377604 0.3460937 0.0234375 0.0250000
1 0.6263021 0.4042969 0.0276042 0.0226562
3 0.5872396 0.4984375 0.0286458 0.0203125
3 0.4783854 0.6542969 0.0119792 0.0320312
5 0.5072917 0.4613281 0.0187500 0.0320312
2 0.3601563 0.5664062 0.0244792 0.0234375
0 0.6244792 0.2792969 0.0229167 0.0273438
4 0.6083333 0.2285156 0.0187500 0.0210938
3 0.7052083 0.3875000 0.0229167 0.0265625
2 0.2979167 0.6953125 0.0135417 0.0328125
5 0.7710938 0.6531250 0.0192708 0.0203125
1 0.3265625 0.7382812 0.0166667 0.0250000
2 0.3203125 0.5996094 0.0156250 0.0367188
3 0.5471354 0.6328125 0.0203125 0.0265625
1 0.6854167 0.5710937 0.0187500 0.0312500
5 0.6380208 0.6574219 0.0208333 0.0257812
0 0.6377604 0.7957031 0.0161458 0.0304687
1 0.6903646 0.4058594 0.0151042 0.0257812
1 0.3445313 0.3269531 0.0182292 0.0210938
1 0.6861979 0.6781250 0.0265625 0.0265625
0 0.3783854 0.6941406 0.0265625 0.0226562
2 0.2770833 0.3246094 0.0260417 0.0179687
3 0.2932292 0.5343750 0.0177083 0.0375000
3 0.7203125 0.3050781 0.0166667 0.0367188
1 0.6075521 0.6046875 0.0223958 0.0250000
0 0.6528646 0.3832031 0.0130208 0.0367188
0 0.5442708 0.3914063 0.0197917 0.0296875
5 0.5838542 0.8273438 0.0218750 0.0234375
4 0.5565104 0.7171875 0.0244792 0.0218750
3 0.6242188 0.2425781 0.0244792 0.0226562
4 0.6145833 0.6769531 0.0125000 0.0210938
3 0.7325521 0.5421875 0.0161458 0.0250000
3 0.4039063 0.3980469 0.0213542 0.0351562
5 0.5872396 0.6644531 0.0140625 0.0367188
5 0.4549479 0.2488281 0.0255208 0.0289063
5 0.6895833 0.4324219 0.0125000 0.0257812
5 0.4750000 0.9339844 0.0156250 0.0398437
2 0.4544271 0.2863281 0.0223958 0.0164063
0 0.5255208 0.8000000 0.0135417 0.0250000
0 0.6375000 0.1289062 0.0270833 0.0203125
2 0.3854167 0.2769531 0.0166667 0.0351562
1 0.7169271 0.4625000 0.0213542 0.0203125
5 0.5257812 0.6703125 0.0244792 0.0234375
1 0.6669271 0.3257813 0.0265625 0.0187500
5 0.6583333 0.8078125 0.0281250 0.0203125
2 0.3531250 0.6621094 0.0250000 0.0289063
5 0.7161458 0.4074219 0.0270833 0.0195312
0 0.7559896 0.6828125 0.0265625 0.0187500
2 0.4408854 0.7132812 0.0130208 0.0265625
5 0.5406250 0.6496094 0.0260417 0.0210938
0 0.3304687 0.5507812 0.0171875 0.0343750
4 0.4223958 0.2175781 0.0145833 0.0210938
0 0.2942708 0.5570312 0.0218750 0.0218750
3 0.3809896 0.1125000 0.0265625 0.0203125
3 0.4278646 0.7007813 0.0213542 0.0250000
9 0.3132813 0.4628906 0.0213542 0.0367188
6 0.4760417 0.7023438 0.0250000 0.0265625
11 0.7096354 0.5457031 0.0276042 0.0273438
10 0.4122396 0.1597656 0.0161458 0.0382813
7 0.4742188 0.4621094 0.0182292 0.0289063
6 0.6364583 0.4375000 0.0156250 0.0359375
9 0.3791667 0.2628906 0.0177083 0.0367188
10 0.5520833 0.7000000 0.0166667 0.0390625
11 0.4627604 0.1808594 0.0161458 0.0257812
9 0.4104167 0.4820313 0.0156250 0.0234375
9 0.4494792 0.5906250 0.0229167 0.0234375
11 0.5546875 0.3128906 0.0229167 0.0304687
