2 0.5625000 0.5273438 0.0677083 0.1140625
5 0.2067708 0.5660156 0.0958333 0.0851563
2 0.6179687 0.3683594 0.0557292 0.1460937
0 0.4809896 0.2945313 0.0723958 0.0859375
4 0.3242188 0.5785156 0.0901042 0.0664062
1 0.5916667 0.2566406 0.0791667 0.1054688
0 0.3744792 0.2308594 0.0656250 0.1460937
3 0.4945312 0.1039063 0.0807292 0.0968750
5 0.6617188 0.5121094 0.0932292 0.0757812
5 0.5739583 0.2320312 0.0822917 0.0906250
0 0.7059896 0.5542969 0.0692708 0.1492188
5 0.5312500 0.4125000 0.0447917 0.0687500
1 0.3351562 0.8089844 0.1026042 0.0617188
4 0.3505208 0.2210938 0.0541667 0.1343750
1 0.3101563 0.2390625 0.0494792 0.1000000
0 0.7369792 0.4527344 0.0875000 0.1242188
0 0.4138021 0.4714844 0.0463542 0.0898438
2 0.6674479 0.6945313 0.0661458 0.0984375
4 0.6671875 0.1769531 0.0677083 0.0804688
5 0.2864583 0.5933594 0.0843750 0.0851563
4 0.2453125 0.4132812 0.0520833 0.1281250
7 0.4106771 0.1050781 0.0880208 0.1101562
6 0.4278646 0.7136719 0.0578125 0.1289062
7 0.4263021 0.4675781 0.0588542 0.1257813
6 0.4059896 0.0542969 0.0932292 0.1085938
