2 0.6046875 0.2070312 0.0989583 0.1796875
4 0.4315104 0.9128906 0.1515625 0.1726563
3 0.6395833 0.5425781 0.1562500 0.1789062
3 0.7236979 0.3843750 0.1630208 0.1125000
1 0.4325521 0.7773438 0.1734375 0.1906250
0 0.2682292 0.3664062 0.1750000 0.1062500
5 0.6005208 0.6207031 0.1166667 0.1835938
0 0.6971354 0.6746094 0.1140625 0.2835937
2 0.4500000 0.2074219 0.1125000 0.2210938
3 0.7669271 0.5171875 0.1807292 0.1281250
2 0.3101563 0.8058594 0.0921875 0.1945312
3 0.2736979 0.7875000 0.1838542 0.1531250
2 0.2552083 0.3406250 0.1697917 0.1375000
0 0.4526042 0.6156250 0.1218750 0.1218750
3 0.6820312 0.7410156 0.1744792 0.1304687
2 0.4638021 0.3671875 0.1223958 0.1375000
2 0.6010417 0.4582031 0.1562500 0.1101562
3 0.6044271 0.0585938 0.1765625 0.1171875
1 0.1174479 0.2820313 0.1713542 0.1656250
0 0.4010417 0.5808594 0.1270833 0.1648438
0 0.2817708 0.1933594 0.1197917 0.1257813
5 0.3195312 0.1949219 0.1651042 0.1226562
1 0.6505208 0.7175781 0.1822917 0.1085938
5 0.3861979 0.3027344 0.0786458 0.1273438
1 0.5111979 0.7203125 0.1130208 0.1187500
0 0.8156250 0.4070313 0.0875000 0.2078125
2 0.5619792 0.1113281 0.0770833 0.2226562
5 0.6666667 0.2511719 0.1479167 0.1273438
3 0.2820313 0.4101562 0.1453125 0.2328125
4 0.8138021 0.5652344 0.1859375 0.1523438
4 0.3440104 0.3566406 0.1703125 0.1539062
2 0.4903646 0.0292969 0.0911458 0.0585938
1 0.6309896 0.4300781 0.1411458 0.1632812
4 0.4942708 0.2464844 0.1427083 0.1507813
4 0.7505208 0.4925781 0.1562500 0.1179687
5 0.4250000 0.5320312 0.0937500 0.2406250
0 0.3958333 0.3757813 0.0864583 0.2406250
0 0.5645833 0.5187500 0.1239583 0.1593750
0 0.7075521 0.5453125 0.1317708 0.1796875
5 0.2138021 0.7781250 0.1932292 0.1515625
0 0.7200521 0.3128906 0.1713542 0.1601562
4 0.4393229 0.6718750 0.1776042 0.1328125
1 0.3945312 0.2683594 0.1276042 0.1242188
2 0.4299479 0.2539062 0.0723958 0.1593750
4 0.6171875 0.1277344 0.0958333 0.2554688
2 0.7776042 0.3886719 0.1010417 0.1476562
5 0.6343750 0.9148437 0.1270833 0.1687500
4 0.4963542 0.4722656 0.0875000 0.1429688
5 0.7255208 0.6867188 0.1937500 0.1296875
2 0.4908854 0.7484375 0.1473958 0.1750000
5 0.6812500 0.4285156 0.1489583 0.1804688
4 0.4807292 0.3867188 0.1427083 0.0984375
3 0.7510417 0.7191406 0.1614583 0.1054688
1 0.7502604 0.1347656 0.1036458 0.2539062
2 0.6151042 0.8675781 0.1677083 0.1429688
4 0.3966146 0.4792969 0.1046875 0.1945312
1 0.5098958 0.4386719 0.0812500 0.2726562
1 0.4861979 0.4046875 0.0682292 0.1390625
3 0.2934896 0.9000000 0.1776042 0.1203125
1 0.6434896 0.3636719 0.1348958 0.1632812
5 0.4546875 0.7273437 0.0927083 0.2421875
5 0.6786458 0.2019531 0.1062500 0.2585938
10 0.8054687 0.3140625 0.1546875 0.1937500
10 0.2020833 0.5214844 0.1625000 0.1710937
7 0.4989583 0.0675781 0.1093750 0.1351563
11 0.2348958 0.3554688 0.1510417 0.2203125
11 0.3195312 0.0648438 0.1630208 0.1296875
6 0.3843750 0.6769531 0.1604167 0.1710937
6 0.5934896 0.4089844 0.1348958 0.2460938
