1 0.4028646 0.5921875 0.0140625 0.0390625
0 0.5872396 0.3781250 0.0265625 0.0296875
1 0.5158854 0.2941406 0.0244792 0.0179687
5 0.6481771 0.4101562 0.0244792 0.0218750
1 0.4885417 0.5187500 0.0239583 0.0171875
4 0.4822917 0.2453125 0.0135417 0.0296875
0 0.7575521 0.8480469 0.0255208 0.0210938
4 0.4914062 0.5656250 0.0265625 0.0250000
3 0.7250000 0.3906250 0.0166667 0.0203125
4 0.5723958 0.2039063 0.0260417 0.0187500
2 0.3809896 0.7976562 0.0265625 0.0203125
3 0.6200521 0.4691406 0.0234375 0.0242188
3 0.3276042 0.2121094 0.0135417 0.0382813
0 0.4705729 0.5472656 0.0119792 0.0242188
5 0.4890625 0.3976562 0.0260417 0.0203125
3 0.5768229 0.5042969 0.0161458 0.0195312
2 0.3440104 0.2812500 0.0255208 0.0218750
4 0.6575521 0.3496094 0.0223958 0.0164063
3 0.4802083 0.2089844 0.0270833 0.0179687
5 0.5718750 0.7125000 0.0229167 0.0203125
3 0.4830729 0.3839844 0.0182292 0.0367188
0 0.6648437 0.4367187 0.0265625 0.0171875
3 0.5966146 0.6464844 0.0265625 0.0148437
0 0.5450521 0.7835937 0.0244792 0.0156250
2 0.6539063 0.7113281 0.0286458 0.0242188
4 0.4507813 0.2992187 0.0234375 0.0250000
7 0.4908854 0.8847656 0.0244792 0.0320312
9 0.7377604 0.5796875 0.0161458 0.0343750
9 0.6065104 0.2980469 0.0203125 0.0382813
11 0.6835938 0.6210938 0.0161458 0.0359375
7 0.7062500 0.5250000 0.0250000 0.0312500
7 0.5195312 0.4238281 0.0234375 0.0226562
7 0.3171875 0.5402344 0.0260417 0.0257812
9 0.4122396 0.5988281 0.0182292 0.0273438
11 0.5994792 0.4953125 0.0270833 0.0359375
7 0.6611979 0.6980469 0.0244792 0.0242188
10 0.5533854 0.2058594 0.0244792 0.0242188
6 0.4820313 0.4734375 0.0161458 0.0343750
6 0.3666667 0.1078125 0.0166667 0.0390625
10 0.7062500 0.5667969 0.0260417 0.0273438
7 0.6953125 0.5402344 0.0270833 0.0257812
