3 0.5786458 0.6417969 0.0322917 0.0945312
0 0.6221354 0.4671875 0.0630208 0.0593750
5 0.7072917 0.5882812 0.0666667 0.0453125
3 0.4242187 0.6562500 0.0401042 0.0515625
2 0.4927083 0.4042969 0.0479167 0.0601563
3 0.2927083 0.6746094 0.0656250 0.0523438
4 0.4315104 0.3871094 0.0380208 0.1007813
3 0.3888021 0.5804687 0.0661458 0.0500000
1 0.1984375 0.3390625 0.0281250 0.0906250
5 0.4664063 0.3320312 0.0369792 0.0906250
0 0.6924479 0.4769531 0.0598958 0.0445313
2 0.6401042 0.3796875 0.0552083 0.0421875
3 0.2859375 0.6527344 0.0395833 0.0710937
4 0.7210937 0.3894531 0.0276042 0.0804688
2 0.5588542 0.5730469 0.0572917 0.0414062
4 0.5252604 0.2019531 0.0484375 0.0757812
5 0.4195313 0.3531250 0.0578125 0.0484375
4 0.5622396 0.7105469 0.0380208 0.0804688
0 0.3981771 0.2910156 0.0682292 0.0476562
2 0.4726562 0.2410156 0.0411458 0.0554687
1 0.6057292 0.6757812 0.0531250 0.0484375
0 0.4406250 0.8386719 0.0447917 0.0804688
0 0.4536458 0.3238281 0.0489583 0.0570312
2 0.2695312 0.5039062 0.0671875 0.0468750
4 0.6414062 0.7660156 0.0557292 0.0570312
4 0.4557292 0.9179688 0.0437500 0.0718750
5 0.5536458 0.8882813 0.0281250 0.0937500
0 0.5497396 0.1789062 0.0682292 0.0375000
1 0.5953125 0.8011719 0.0625000 0.0460938
5 0.5309896 0.4894531 0.0276042 0.0507812
5 0.6447917 0.1015625 0.0322917 0.1031250
5 0.3661458 0.1863281 0.0302083 0.0648438
4 0.5210938 0.7191406 0.0369792 0.0554687
2 0.5356771 0.3597656 0.0588542 0.0445313
0 0.6804687 0.5406250 0.0598958 0.0421875
0 0.5239583 0.7019531 0.0677083 0.0398437
1 0.6127604 0.1558594 0.0380208 0.0976562
2 0.4489583 0.2289063 0.0489583 0.0718750
0 0.5125000 0.4589844 0.0593750 0.0367188
0 0.4763021 0.9269531 0.0536458 0.0476562
1 0.3458333 0.3593750 0.0281250 0.0875000
3 0.4614583 0.4203125 0.0270833 0.0921875
4 0.6187500 0.8972656 0.0427083 0.0929688
4 0.6632813 0.5878906 0.0619792 0.0445313
2 0.5296875 0.7027344 0.0302083 0.0804688
3 0.5864583 0.3906250 0.0333333 0.0875000
3 0.6372396 0.5218750 0.0588542 0.0421875
2 0.3229167 0.1445312 0.0614583 0.0437500
2 0.4903646 0.1570313 0.0401042 0.0437500
4 0.7656250 0.4292969 0.0427083 0.0523438
4 0.5372396 0.2417969 0.0505208 0.0648438
5 0.3919271 0.3679688 0.0296875 0.0796875
1 0.5007812 0.8953125 0.0546875 0.0750000
5 0.6039062 0.3359375 0.0380208 0.0875000
2 0.2638021 0.4902344 0.0505208 0.0429688
5 0.4953125 0.6808594 0.0302083 0.0617188
1 0.5401042 0.3148437 0.0302083 0.0515625
0 0.4140625 0.3406250 0.0281250 0.0406250
4 0.5929688 0.4160156 0.0682292 0.0367188
1 0.4070313 0.5367188 0.0609375 0.0562500
4 0.5778646 0.1550781 0.0401042 0.0757812
2 0.3369792 0.2500000 0.0604167 0.0515625
4 0.7395833 0.5261719 0.0572917 0.0429688
0 0.5184896 0.7265625 0.0578125 0.0453125
5 0.6812500 0.6812500 0.0562500 0.0656250
2 0.5911458 0.6023437 0.0343750 0.0515625
1 0.6440104 0.4222656 0.0578125 0.0398437
2 0.6690104 0.6382813 0.0651042 0.0500000
0 0.5513021 0.9343750 0.0578125 0.0687500
2 0.4770833 0.2019531 0.0510417 0.0679687
0 0.3903646 0.5039062 0.0328125 0.0546875
10 0.6406250 0.7171875 0.0562500 0.0703125
11 0.4442708 0.5648437 0.0593750 0.0593750
11 0.6166667 0.5953125 0.0562500 0.0546875
7 0.4789062 0.2699219 0.0526042 0.0523438
