0 0.3723958 0.3089844 0.0177083 0.0289063
1 0.3973958 0.5417969 0.0187500 0.0351562
4 0.5020833 0.8425781 0.0145833 0.0367188
7 0.4572917 0.3808594 0.0177083 0.0414062
10 0.5234375 0.4007812 0.0239583 0.0234375
6 0.3145833 0.2593750 0.0250000 0.0250000
8 0.4661458 0.5042969 0.0239583 0.0273438
10 0.7221354 0.2464844 0.0244792 0.0242188
11 0.5994792 0.7011719 0.0250000 0.0273438
11 0.4039063 0.3355469 0.0223958 0.0289063
8 0.6244792 0.4214844 0.0260417 0.0257812
7 0.7210937 0.6945313 0.0244792 0.0234375
8 0.4138021 0.6199219 0.0213542 0.0351562
9 0.4000000 0.4460938 0.0239583 0.0250000
11 0.2390625 0.5757813 0.0250000 0.0250000
11 0.5575521 0.7218750 0.0255208 0.0250000
10 0.5880208 0.6000000 0.0270833 0.0375000
9 0.6341146 0.5933594 0.0255208 0.0257812
6 0.4093750 0.4753906 0.0270833 0.0257812
10 0.4765625 0.4691406 0.0197917 0.0414062
6 0.4726562 0.7496094 0.0265625 0.0273438
7 0.4375000 0.5898438 0.0177083 0.0234375
