0 0.5481771 0.6773438 0.0130208 0.0421875
2 0.5471354 0.1890625 0.0265625 0.0296875
0 0.5195312 0.6050781 0.0244792 0.0351562
5 0.3424479 0.2386719 0.0286458 0.0195312
5 0.4932292 0.8511719 0.0208333 0.0335937
2 0.6158854 0.3332031 0.0255208 0.0195312
0 0.3302083 0.5382813 0.0239583 0.0281250
4 0.5859375 0.6894531 0.0270833 0.0210938
4 0.6526042 0.3500000 0.0250000 0.0234375
0 0.4927083 0.1238281 0.0145833 0.0257812
0 0.5591146 0.6882812 0.0234375 0.0203125
2 0.6341146 0.5648437 0.0265625 0.0296875
4 0.6236979 0.5996094 0.0244792 0.0132812
1 0.3419271 0.6382813 0.0265625 0.0234375
5 0.7809896 0.3796875 0.0244792 0.0203125
5 0.4916667 0.2613281 0.0270833 0.0210938
0 0.6747396 0.5179687 0.0276042 0.0234375
5 0.3346354 0.4183594 0.0171875 0.0304687
1 0.5036458 0.3972656 0.0156250 0.0414062
0 0.5427083 0.2265625 0.0177083 0.0203125
5 0.6130208 0.3179688 0.0250000 0.0203125
0 0.4315104 0.2269531 0.0192708 0.0242188
4 0.4796875 0.7078125 0.0135417 0.0421875
0 0.6705729 0.2593750 0.0265625 0.0187500
4 0.5520833 0.1476562 0.0260417 0.0218750
3 0.6132812 0.4339844 0.0244792 0.0242188
0 0.6513021 0.2273438 0.0151042 0.0218750
2 0.6830729 0.5324219 0.0151042 0.0226562
0 0.2877604 0.4726562 0.0255208 0.0203125
0 0.5197917 0.1726563 0.0135417 0.0375000
2 0.4236979 0.4496094 0.0276042 0.0242188
0 0.4856771 0.7507812 0.0140625 0.0390625
4 0.5044271 0.8828125 0.0140625 0.0390625
2 0.6781250 0.7585937 0.0250000 0.0156250
4 0.5421875 0.2953125 0.0281250 0.0203125
3 0.7309896 0.4757812 0.0203125 0.0187500
2 0.4783854 0.5496094 0.0234375 0.0304687
2 0.6690104 0.5429688 0.0213542 0.0265625
2 0.6070313 0.3324219 0.0234375 0.0273438
3 0.5708333 0.5457031 0.0166667 0.0226562
0 0.2479167 0.3226562 0.0187500 0.0343750
5 0.5632812 0.7589844 0.0255208 0.0195312
5 0.6833333 0.4570312 0.0125000 0.0375000
0 0.5960937 0.3027344 0.0151042 0.0382813
0 0.3434896 0.2085937 0.0130208 0.0187500
3 0.5848958 0.6324219 0.0291667 0.0210938
0 0.3351562 0.4800781 0.0265625 0.0242188
3 0.7075521 0.6253906 0.0265625 0.0273438
1 0.3960938 0.5832031 0.0140625 0.0414062
1 0.4630208 0.3570313 0.0250000 0.0187500
0 0.4815104 0.6117187 0.0213542 0.0203125
0 0.6765625 0.9234375 0.0270833 0.0203125
2 0.4502604 0.4949219 0.0151042 0.0335937
4 0.4958333 0.1792969 0.0208333 0.0195312
1 0.6911458 0.6800781 0.0250000 0.0195312
0 0.5208333 0.2808594 0.0177083 0.0367188
3 0.4492188 0.7882813 0.0255208 0.0187500
4 0.5781250 0.4148438 0.0250000 0.0171875
4 0.6278646 0.3714844 0.0255208 0.0179687
4 0.6859375 0.5496094 0.0197917 0.0289063
5 0.4091146 0.4593750 0.0276042 0.0203125
2 0.6510417 0.7285156 0.0135417 0.0382813
1 0.5281250 0.2968750 0.0135417 0.0234375
4 0.7651042 0.3316406 0.0156250 0.0210938
1 0.7169271 0.6835938 0.0234375 0.0250000
4 0.7312500 0.5976562 0.0250000 0.0187500
3 0.2203125 0.6257812 0.0145833 0.0343750
9 0.6343750 0.3988281 0.0260417 0.0257812
8 0.6065104 0.2058594 0.0244792 0.0273438
6 0.5481771 0.0312500 0.0234375 0.0281250
7 0.2682292 0.4671875 0.0260417 0.0250000
9 0.3697917 0.4976563 0.0218750 0.0296875
11 0.4609375 0.8210937 0.0239583 0.0437500
10 0.5812500 0.8878906 0.0250000 0.0351562
9 0.6984375 0.6945313 0.0270833 0.0250000
9 0.6830729 0.8019531 0.0255208 0.0289063
10 0.7963542 0.4449219 0.0260417 0.0242188
10 0.4601562 0.1316406 0.0213542 0.0429688
11 0.6684896 0.3304687 0.0244792 0.0234375
