1 0.6369792 0.7535156 0.0406250 0.0335937
3 0.4557292 0.0910156 0.0343750 0.0523438
0 0.6005208 0.3570313 0.0229167 0.0359375
2 0.7609375 0.3687500 0.0322917 0.0406250
2 0.6041667 0.6097656 0.0302083 0.0460938
5 0.4697917 0.7242188 0.0406250 0.0421875
3 0.2325521 0.5421875 0.0317708 0.0562500
1 0.2700521 0.3480469 0.0286458 0.0570312
0 0.5153646 0.6765625 0.0223958 0.0390625
3 0.7291667 0.5398437 0.0416667 0.0296875
1 0.5072917 0.2949219 0.0395833 0.0351562
0 0.4406250 0.2984375 0.0291667 0.0406250
3 0.7937500 0.6046875 0.0333333 0.0359375
2 0.4867187 0.4695313 0.0421875 0.0312500
4 0.6916667 0.7617188 0.0385417 0.0281250
4 0.6588542 0.4359375 0.0333333 0.0343750
5 0.6851563 0.8289062 0.0234375 0.0546875
0 0.6963542 0.7363281 0.0208333 0.0414062
5 0.4710937 0.3109375 0.0255208 0.0359375
3 0.4953125 0.7355469 0.0322917 0.0554687
4 0.5921875 0.2917969 0.0260417 0.0539063
2 0.5669271 0.5460938 0.0380208 0.0359375
0 0.5216146 0.5894531 0.0338542 0.0304687
4 0.6424479 0.8128906 0.0411458 0.0367188
1 0.6757812 0.2761719 0.0338542 0.0398437
3 0.5190104 0.1554687 0.0348958 0.0359375
3 0.4984375 0.3628906 0.0437500 0.0351562
1 0.2830729 0.4371094 0.0328125 0.0617188
0 0.6276042 0.6789063 0.0281250 0.0562500
3 0.7028646 0.4804688 0.0401042 0.0328125
1 0.3143229 0.5156250 0.0390625 0.0234375
1 0.7557292 0.3968750 0.0260417 0.0359375
1 0.6054688 0.5984375 0.0380208 0.0250000
0 0.4575521 0.3414063 0.0473958 0.0328125
4 0.4361979 0.8265625 0.0286458 0.0531250
1 0.5460938 0.3617187 0.0276042 0.0328125
5 0.4635417 0.3210938 0.0312500 0.0281250
10 0.6645833 0.2496094 0.0260417 0.0585938
10 0.2432292 0.3128906 0.0427083 0.0414062
9 0.5122396 0.3000000 0.0348958 0.0484375
6 0.4140625 0.7296875 0.0375000 0.0421875
7 0.7127604 0.5906250 0.0348958 0.0640625
8 0.4080729 0.7171875 0.0359375 0.0421875
11 0.6697917 0.5175781 0.0375000 0.0507812
11 0.6013021 0.4851563 0.0380208 0.0390625
7 0.4333333 0.1601562 0.0375000 0.0546875
11 0.5513021 0.3812500 0.0244792 0.0578125
11 0.6817708 0.5136719 0.0447917 0.0570312
7 0.4809896 0.8132812 0.0432292 0.0406250
6 0.5307292 0.3605469 0.0385417 0.0601563
10 0.7401042 0.3898437 0.0395833 0.0531250
7 0.4434896 0.7683594 0.0369792 0.0523438
9 0.3625000 0.6726562 0.0343750 0.0562500
9 0.7588542 0.2363281 0.0260417 0.0585938
10 0.6085938 0.8277344 0.0328125 0.0398437
10 0.5419271 0.6179687 0.0380208 0.0406250
