2 0.4596354 0.7457031 0.0140625 0.0273438
2 0.6276042 0.3871094 0.0239583 0.0382813
2 0.6036458 0.5117188 0.0229167 0.0265625
2 0.6953125 0.4535156 0.0145833 0.0210938
4 0.4799479 0.6332031 0.0276042 0.0367188
2 0.5429688 0.3042969 0.0255208 0.0289063
5 0.4747396 0.0984375 0.0255208 0.0359375
2 0.3593750 0.6640625 0.0291667 0.0218750
4 0.2914062 0.4039063 0.0223958 0.0203125
4 0.3229167 0.2460938 0.0281250 0.0187500
5 0.5023437 0.2687500 0.0286458 0.0250000
1 0.6697917 0.4109375 0.0208333 0.0312500
1 0.5763021 0.4656250 0.0192708 0.0312500
1 0.4882812 0.5671875 0.0234375 0.0218750
2 0.3208333 0.3699219 0.0197917 0.0414062
5 0.8013021 0.5097656 0.0296875 0.0210938
1 0.5447917 0.5492187 0.0218750 0.0312500
1 0.3117187 0.6539063 0.0276042 0.0281250
3 0.5674479 0.2488281 0.0276042 0.0242188
0 0.5851563 0.5371094 0.0151042 0.0273438
4 0.4921875 0.4589844 0.0270833 0.0195312
3 0.4166667 0.8929687 0.0177083 0.0453125
5 0.7257813 0.7535156 0.0151042 0.0476562
4 0.6666667 0.5437500 0.0114583 0.0390625
2 0.5596354 0.6210938 0.0234375 0.0328125
1 0.6283854 0.4714844 0.0276042 0.0335937
2 0.3106771 0.7699219 0.0296875 0.0226562
5 0.4791667 0.2457031 0.0239583 0.0273438
5 0.7270833 0.1562500 0.0312500 0.0250000
5 0.3885417 0.9183594 0.0166667 0.0257812
4 0.3359375 0.6812500 0.0125000 0.0171875
5 0.5536458 0.3699219 0.0239583 0.0351562
0 0.7177083 0.6136719 0.0145833 0.0210938
0 0.5492187 0.3363281 0.0255208 0.0242188
0 0.5880208 0.6562500 0.0218750 0.0218750
2 0.4026042 0.1804688 0.0166667 0.0296875
3 0.6411458 0.7894531 0.0239583 0.0226562
3 0.6002604 0.8082031 0.0317708 0.0242188
1 0.5518229 0.4339844 0.0140625 0.0414062
2 0.5145833 0.2703125 0.0208333 0.0250000
4 0.7294271 0.3875000 0.0307292 0.0218750
2 0.6226563 0.5199219 0.0223958 0.0304687
5 0.4984375 0.8968750 0.0302083 0.0265625
5 0.6273437 0.4687500 0.0244792 0.0359375
5 0.5820312 0.6296875 0.0213542 0.0281250
3 0.4471354 0.2816406 0.0307292 0.0226562
3 0.5328125 0.8273438 0.0302083 0.0265625
0 0.6213542 0.3476562 0.0239583 0.0296875
2 0.5070313 0.5902344 0.0192708 0.0226562
3 0.7302083 0.4445312 0.0229167 0.0343750
2 0.7148438 0.4312500 0.0265625 0.0328125
4 0.4062500 0.5785156 0.0145833 0.0445313
3 0.5859375 0.4949219 0.0312500 0.0195312
1 0.4497396 0.6859375 0.0182292 0.0468750
2 0.7052083 0.7718750 0.0177083 0.0296875
5 0.5364583 0.5062500 0.0260417 0.0296875
3 0.3367188 0.3898437 0.0296875 0.0296875
5 0.3210938 0.2781250 0.0140625 0.0375000
1 0.4645833 0.6062500 0.0166667 0.0250000
0 0.6963542 0.5828125 0.0166667 0.0250000
4 0.6492187 0.5277344 0.0328125 0.0226562
0 0.5924479 0.2718750 0.0307292 0.0281250
2 0.6947917 0.2636719 0.0208333 0.0257812
2 0.5716146 0.7144531 0.0192708 0.0367188
5 0.5906250 0.3515625 0.0312500 0.0203125
4 0.6963542 0.6808594 0.0197917 0.0367188
0 0.3309896 0.3656250 0.0213542 0.0343750
4 0.3606771 0.5050781 0.0265625 0.0273438
3 0.5072917 0.5632812 0.0145833 0.0265625
0 0.3257813 0.5675781 0.0213542 0.0351562
3 0.6541667 0.3796875 0.0114583 0.0375000
4 0.5684896 0.3816406 0.0286458 0.0226562
5 0.3351562 0.6453125 0.0244792 0.0203125
0 0.5309896 0.3449219 0.0171875 0.0304687
2 0.6549479 0.4933594 0.0203125 0.0257812
10 0.5710937 0.2847656 0.0286458 0.0289063
6 0.3244792 0.3527344 0.0260417 0.0335937
8 0.4947917 0.2816406 0.0260417 0.0367188
7 0.4403646 0.4335938 0.0276042 0.0265625
7 0.5385417 0.2902344 0.0260417 0.0304687
10 0.6765625 0.2429688 0.0187500 0.0421875
8 0.5604167 0.8062500 0.0239583 0.0375000
10 0.5924479 0.6574219 0.0255208 0.0382813
6 0.2533854 0.3167969 0.0182292 0.0320312
6 0.5156250 0.0011719 0.0062500 0.0023437
7 0.3981771 0.5785156 0.0182292 0.0351562
11 0.4041667 0.8078125 0.0239583 0.0421875
6 0.6002604 0.2917969 0.0265625 0.0257812
8 0.6018229 0.3062500 0.0203125 0.0359375
8 0.6486979 0.6785156 0.0265625 0.0257812
9 0.5052083 0.5457031 0.0312500 0.0304687
