1 0.4182292 0.8191406 0.0177083 0.0382813
4 0.6229167 0.4632812 0.0270833 0.0234375
5 0.6213542 0.8328125 0.0156250 0.0296875
0 0.7164063 0.4812500 0.0276042 0.0203125
2 0.4945312 0.6734375 0.0317708 0.0234375
3 0.5513021 0.5269531 0.0140625 0.0367188
0 0.4117188 0.8093750 0.0296875 0.0171875
5 0.5466146 0.1992188 0.0171875 0.0453125
5 0.5588542 0.3144531 0.0187500 0.0273438
0 0.5231771 0.3210938 0.0244792 0.0203125
2 0.5953125 0.4402344 0.0166667 0.0414062
5 0.6750000 0.5824219 0.0239583 0.0273438
5 0.3036458 0.3667969 0.0302083 0.0195312
1 0.7000000 0.5339844 0.0291667 0.0210938
0 0.6356771 0.6394531 0.0286458 0.0257812
5 0.8421875 0.5535156 0.0312500 0.0273438
4 0.3846354 0.7570313 0.0161458 0.0203125
5 0.5015625 0.5734375 0.0125000 0.0218750
1 0.2682292 0.7296875 0.0291667 0.0171875
2 0.4867187 0.3164062 0.0130208 0.0296875
2 0.5427083 0.6398438 0.0239583 0.0218750
5 0.6697917 0.7035156 0.0312500 0.0210938
2 0.4536458 0.8566406 0.0125000 0.0335937
4 0.3466146 0.4226563 0.0223958 0.0218750
3 0.3528646 0.6066406 0.0307292 0.0257812
2 0.5135417 0.3449219 0.0312500 0.0195312
0 0.7145833 0.3457031 0.0177083 0.0289063
4 0.4812500 0.1398437 0.0291667 0.0203125
5 0.4091146 0.3046875 0.0161458 0.0187500
3 0.5382813 0.2964844 0.0286458 0.0210938
1 0.5828125 0.8046875 0.0239583 0.0250000
5 0.7572917 0.5835938 0.0250000 0.0359375
3 0.6664062 0.6523438 0.0286458 0.0250000
3 0.5796875 0.7875000 0.0187500 0.0421875
2 0.4518229 0.6265625 0.0296875 0.0187500
0 0.3828125 0.5687500 0.0114583 0.0265625
1 0.3921875 0.4476562 0.0281250 0.0203125
2 0.4260417 0.3468750 0.0281250 0.0187500
2 0.6031250 0.3566406 0.0177083 0.0195312
2 0.6307292 0.4992187 0.0166667 0.0312500
4 0.5768229 0.4984375 0.0182292 0.0187500
5 0.5953125 0.1996094 0.0114583 0.0398437
5 0.5976562 0.4250000 0.0244792 0.0281250
2 0.3486979 0.2925781 0.0307292 0.0242188
5 0.5820312 0.8484375 0.0234375 0.0343750
1 0.5713542 0.3585937 0.0229167 0.0265625
0 0.5903646 0.5777344 0.0286458 0.0179687
4 0.5848958 0.3699219 0.0281250 0.0195312
1 0.5002604 0.2667969 0.0265625 0.0179687
2 0.5466146 0.1089844 0.0203125 0.0398437
1 0.5419271 0.3027344 0.0161458 0.0398437
5 0.4216146 0.4699219 0.0286458 0.0210938
1 0.6768229 0.7968750 0.0234375 0.0203125
4 0.6046875 0.5144531 0.0208333 0.0289063
3 0.4203125 0.7777344 0.0270833 0.0210938
3 0.5648437 0.6000000 0.0130208 0.0281250
1 0.4130208 0.6015625 0.0166667 0.0312500
1 0.4458333 0.1683594 0.0291667 0.0210938
4 0.4145833 0.3015625 0.0239583 0.0359375
0 0.3684896 0.7574219 0.0203125 0.0226562
5 0.4627604 0.4414062 0.0192708 0.0281250
4 0.6541667 0.2074219 0.0260417 0.0179687
3 0.6716146 0.3507812 0.0171875 0.0453125
4 0.4901042 0.8183594 0.0281250 0.0242188
4 0.4770833 0.6605469 0.0229167 0.0320312
4 0.3302083 0.5382813 0.0187500 0.0281250
0 0.5703125 0.3429687 0.0250000 0.0187500
5 0.3802083 0.4523437 0.0187500 0.0390625
3 0.7518229 0.3031250 0.0171875 0.0421875
1 0.2856771 0.6585937 0.0203125 0.0296875
5 0.6166667 0.8203125 0.0250000 0.0140625
5 0.5575521 0.5730469 0.0182292 0.0226562
2 0.5239583 0.5078125 0.0260417 0.0187500
5 0.6479167 0.4410156 0.0197917 0.0257812
1 0.5343750 0.8132812 0.0270833 0.0187500
4 0.4455729 0.4921875 0.0223958 0.0218750
3 0.5515625 0.6929688 0.0177083 0.0359375
9 0.5518229 0.3523438 0.0255208 0.0296875
9 0.5161458 0.4468750 0.0218750 0.0406250
7 0.3296875 0.5242187 0.0208333 0.0375000
7 0.5661458 0.7742187 0.0260417 0.0296875
8 0.5825521 0.4949219 0.0276042 0.0273438
11 0.6315104 0.6742187 0.0244792 0.0406250
7 0.4630208 0.4316406 0.0260417 0.0257812
10 0.2585938 0.6300781 0.0296875 0.0351562
7 0.6630208 0.2570312 0.0270833 0.0296875
