0 0.4140625 0.0820312 0.0302083 0.0218750
1 0.5898438 0.4820313 0.0171875 0.0343750
5 0.6901042 0.1636719 0.0208333 0.0351562
2 0.3575521 0.6398438 0.0130208 0.0296875
5 0.2903646 0.7539062 0.0171875 0.0390625
0 0.4359375 0.6578125 0.0218750 0.0328125
1 0.6307292 0.1851562 0.0197917 0.0203125
5 0.5299479 0.5007812 0.0296875 0.0234375
1 0.5424479 0.5558594 0.0255208 0.0351562
5 0.4867187 0.3550781 0.0296875 0.0242188
0 0.4736979 0.1894531 0.0192708 0.0226562
4 0.2606771 0.2605469 0.0286458 0.0242188
5 0.4010417 0.8558594 0.0302083 0.0210938
4 0.5351562 0.6996094 0.0307292 0.0226562
5 0.4244792 0.3214844 0.0156250 0.0351562
0 0.6132812 0.3578125 0.0286458 0.0203125
3 0.3075521 0.6484375 0.0276042 0.0359375
5 0.4617188 0.5222656 0.0161458 0.0335937
4 0.4226563 0.8929687 0.0234375 0.0218750
5 0.4963542 0.8605469 0.0135417 0.0492187
1 0.3356771 0.5371094 0.0151042 0.0195312
4 0.5867187 0.3804688 0.0276042 0.0218750
2 0.7377604 0.4125000 0.0255208 0.0281250
5 0.4820313 0.3332031 0.0140625 0.0398437
4 0.5888021 0.6722656 0.0276042 0.0226562
1 0.4994792 0.8023438 0.0166667 0.0187500
5 0.6815104 0.3585937 0.0286458 0.0218750
5 0.3453125 0.5835938 0.0187500 0.0265625
3 0.6789063 0.3394531 0.0286458 0.0210938
4 0.2882812 0.3332031 0.0140625 0.0445313
4 0.5971354 0.7199219 0.0317708 0.0210938
1 0.7122396 0.6964844 0.0286458 0.0210938
4 0.6286458 0.7160156 0.0145833 0.0335937
5 0.5132813 0.4484375 0.0244792 0.0203125
2 0.5070313 0.2335937 0.0171875 0.0328125
4 0.5429688 0.5046875 0.0171875 0.0265625
2 0.7382812 0.5976562 0.0161458 0.0218750
1 0.5203125 0.3398438 0.0302083 0.0203125
0 0.8015625 0.4851563 0.0218750 0.0328125
1 0.6309896 0.2371094 0.0161458 0.0257812
5 0.4096354 0.2882812 0.0161458 0.0437500
3 0.6031250 0.3484375 0.0208333 0.0296875
3 0.6434896 0.1929687 0.0234375 0.0312500
1 0.6973958 0.6171875 0.0281250 0.0218750
2 0.6997396 0.3765625 0.0182292 0.0421875
2 0.3786458 0.5562500 0.0218750 0.0281250
0 0.6067708 0.2929688 0.0239583 0.0375000
2 0.7182292 0.7476563 0.0312500 0.0218750
2 0.6179687 0.4253906 0.0276042 0.0242188
1 0.3757813 0.4507813 0.0213542 0.0218750
1 0.4101562 0.7542969 0.0203125 0.0414062
7 0.4765625 0.3636719 0.0208333 0.0289063
6 0.4820313 0.3222656 0.0276042 0.0320312
