5 0.5359375 0.3343750 0.0281250 0.0296875
0 0.6398438 0.7675781 0.0359375 0.0257812
0 0.3203125 0.5308594 0.0197917 0.0320312
0 0.5138021 0.3593750 0.0203125 0.0421875
3 0.6927083 0.2960937 0.0291667 0.0328125
2 0.5934896 0.2503906 0.0203125 0.0445313
2 0.6354167 0.7007813 0.0302083 0.0343750
1 0.3648438 0.6753906 0.0203125 0.0398437
3 0.5854167 0.5101562 0.0166667 0.0343750
0 0.3523438 0.2566406 0.0171875 0.0476562
3 0.4593750 0.6277344 0.0250000 0.0320312
3 0.6661458 0.5980469 0.0364583 0.0242188
3 0.3596354 0.7984375 0.0171875 0.0234375
1 0.6223958 0.3082031 0.0302083 0.0226562
4 0.4958333 0.6554688 0.0229167 0.0234375
0 0.6531250 0.2328125 0.0260417 0.0375000
1 0.4601562 0.5929688 0.0213542 0.0515625
0 0.5851563 0.4937500 0.0296875 0.0281250
0 0.3218750 0.7281250 0.0187500 0.0531250
5 0.6658854 0.6226563 0.0223958 0.0296875
3 0.5408854 0.7757812 0.0307292 0.0296875
0 0.6523438 0.5230469 0.0265625 0.0351562
7 0.2856771 0.5613281 0.0307292 0.0289063
6 0.6403646 0.1753906 0.0296875 0.0335937
10 0.3515625 0.6910156 0.0281250 0.0335937
11 0.6315104 0.3156250 0.0317708 0.0375000
10 0.3406250 0.1816406 0.0302083 0.0398437
7 0.6453125 0.2300781 0.0270833 0.0429688
10 0.4114583 0.3917969 0.0291667 0.0304687
11 0.6817708 0.3648438 0.0250000 0.0468750
7 0.5385417 0.8660156 0.0197917 0.0476562
11 0.6356771 0.8554688 0.0286458 0.0500000
9 0.3856771 0.5535156 0.0317708 0.0320312
10 0.3937500 0.7234375 0.0239583 0.0484375
8 0.6385417 0.4546875 0.0291667 0.0406250
