2 0.4408854 0.2011719 0.0182292 0.0273438
1 0.5713542 0.3289063 0.0239583 0.0156250
5 0.5872396 0.8593750 0.0130208 0.0171875
1 0.5846354 0.7152344 0.0140625 0.0164063
3 0.4104167 0.2898438 0.0166667 0.0265625
1 0.4609375 0.3000000 0.0166667 0.0312500
2 0.5908854 0.3980469 0.0213542 0.0273438
3 0.3778646 0.7535156 0.0119792 0.0226562
4 0.6434896 0.5550781 0.0109375 0.0195312
2 0.5223958 0.3414063 0.0156250 0.0343750
3 0.5341146 0.5765625 0.0223958 0.0187500
1 0.6145833 0.4929688 0.0145833 0.0281250
5 0.5914063 0.6964844 0.0119792 0.0195312
3 0.5184896 0.5488281 0.0130208 0.0195312
3 0.5203125 0.5156250 0.0197917 0.0156250
5 0.5640625 0.4449219 0.0135417 0.0304687
4 0.5377604 0.8132812 0.0140625 0.0218750
1 0.5364583 0.1683594 0.0187500 0.0257812
5 0.4757812 0.2480469 0.0109375 0.0179687
3 0.5593750 0.4542969 0.0145833 0.0257812
1 0.4520833 0.6484375 0.0250000 0.0171875
3 0.7197917 0.6054688 0.0229167 0.0218750
2 0.3851562 0.1929687 0.0119792 0.0359375
1 0.5114583 0.6382813 0.0114583 0.0343750
3 0.7156250 0.5339844 0.0239583 0.0257812
2 0.4125000 0.7578125 0.0104167 0.0359375
4 0.5250000 0.2324219 0.0156250 0.0148437
1 0.3296875 0.8195313 0.0125000 0.0265625
0 0.5916667 0.6406250 0.0239583 0.0156250
5 0.3674479 0.8085938 0.0119792 0.0359375
2 0.6062500 0.8703125 0.0135417 0.0343750
2 0.4278646 0.5082031 0.0203125 0.0148437
5 0.7341146 0.4664063 0.0234375 0.0250000
1 0.7059896 0.2941406 0.0244792 0.0195312
0 0.3000000 0.4402344 0.0260417 0.0179687
4 0.5419271 0.6988281 0.0098958 0.0304687
0 0.6421875 0.7570313 0.0135417 0.0343750
4 0.6916667 0.4773438 0.0229167 0.0156250
5 0.5166667 0.7097656 0.0135417 0.0257812
4 0.5247396 0.5289063 0.0213542 0.0140625
1 0.4458333 0.9335938 0.0166667 0.0250000
0 0.6263021 0.4871094 0.0203125 0.0210938
1 0.3716146 0.5750000 0.0140625 0.0203125
0 0.5268229 0.6078125 0.0130208 0.0343750
1 0.6684896 0.5546875 0.0223958 0.0234375
0 0.4742188 0.1726563 0.0182292 0.0156250
5 0.3864583 0.8828125 0.0125000 0.0359375
2 0.6632813 0.6871094 0.0098958 0.0164063
3 0.6338542 0.8777344 0.0156250 0.0273438
0 0.3263021 0.4875000 0.0213542 0.0187500
4 0.4763021 0.7343750 0.0182292 0.0171875
5 0.7067708 0.4769531 0.0104167 0.0335937
0 0.3236979 0.5738281 0.0098958 0.0335937
0 0.5203125 0.4046875 0.0104167 0.0218750
5 0.4096354 0.8250000 0.0140625 0.0203125
5 0.4200521 0.7734375 0.0140625 0.0265625
4 0.5429688 0.8679687 0.0161458 0.0312500
3 0.6015625 0.3078125 0.0187500 0.0281250
4 0.4192708 0.6785156 0.0104167 0.0335937
5 0.5854167 0.5675781 0.0218750 0.0179687
2 0.4651042 0.4328125 0.0125000 0.0343750
4 0.6372396 0.8121094 0.0151042 0.0179687
0 0.6567708 0.5796875 0.0156250 0.0265625
3 0.7247396 0.3148437 0.0223958 0.0171875
4 0.4070313 0.5824219 0.0203125 0.0164063
1 0.4164062 0.2277344 0.0182292 0.0289063
3 0.3755208 0.9246094 0.0104167 0.0335937
1 0.6971354 0.6414062 0.0223958 0.0140625
3 0.4611979 0.7761719 0.0182292 0.0179687
4 0.5046875 0.6691406 0.0145833 0.0304687
5 0.6000000 0.1847656 0.0229167 0.0179687
5 0.5981771 0.2824219 0.0151042 0.0289063
3 0.5153646 0.5035156 0.0244792 0.0179687
7 0.3161458 0.6214844 0.0208333 0.0257812
10 0.4169271 0.6093750 0.0203125 0.0218750
7 0.6666667 0.4820313 0.0197917 0.0250000
9 0.5151042 0.4734375 0.0177083 0.0312500
7 0.6210938 0.7128906 0.0234375 0.0304687
11 0.6679688 0.4320312 0.0213542 0.0218750
11 0.5880208 0.6890625 0.0208333 0.0203125
11 0.4000000 0.6308594 0.0197917 0.0320312
8 0.7104167 0.7050781 0.0229167 0.0226562
6 0.3408854 0.6164063 0.0234375 0.0265625
8 0.7945313 0.2785156 0.0234375 0.0273438
7 0.5981771 0.5140625 0.0234375 0.0234375
