0 0.6820312 0.4316406 0.0234375 0.0335937
1 0.4476562 0.5644531 0.0192708 0.0179687
4 0.6898437 0.5347656 0.0213542 0.0226562
5 0.6945313 0.8496094 0.0265625 0.0210938
5 0.5023437 0.4027344 0.0171875 0.0382813
2 0.5570312 0.6273437 0.0255208 0.0203125
4 0.3122396 0.4449219 0.0130208 0.0398437
4 0.5835938 0.4175781 0.0255208 0.0257812
5 0.6494792 0.5257812 0.0270833 0.0218750
0 0.1825521 0.4058594 0.0182292 0.0242188
4 0.4596354 0.3492188 0.0109375 0.0296875
2 0.4682292 0.5746094 0.0218750 0.0195312
1 0.4388021 0.7007813 0.0130208 0.0234375
5 0.6937500 0.3218750 0.0166667 0.0375000
3 0.4221354 0.7921875 0.0119792 0.0343750
4 0.3533854 0.2042969 0.0151042 0.0351562
0 0.5942708 0.5863281 0.0208333 0.0320312
2 0.5880208 0.1371094 0.0156250 0.0242188
0 0.5757813 0.1261719 0.0234375 0.0257812
2 0.4455729 0.3687500 0.0223958 0.0203125
5 0.3554688 0.4351563 0.0255208 0.0218750
3 0.3789062 0.4945312 0.0130208 0.0203125
3 0.4276042 0.6003906 0.0166667 0.0398437
1 0.7260417 0.6839844 0.0229167 0.0257812
3 0.6645833 0.4601562 0.0218750 0.0234375
1 0.5552083 0.4269531 0.0156250 0.0414062
3 0.3083333 0.5632812 0.0250000 0.0203125
1 0.6861979 0.3292969 0.0119792 0.0367188
2 0.3838542 0.1804688 0.0135417 0.0187500
0 0.6466146 0.5789062 0.0255208 0.0187500
4 0.5234375 0.3101563 0.0125000 0.0375000
0 0.2372396 0.4679687 0.0255208 0.0296875
4 0.5851563 0.6382813 0.0171875 0.0203125
4 0.3460937 0.8582031 0.0223958 0.0179687
0 0.4156250 0.1707031 0.0135417 0.0367188
0 0.5799479 0.2171875 0.0161458 0.0218750
2 0.3114583 0.3550781 0.0239583 0.0242188
1 0.5312500 0.2128906 0.0125000 0.0414062
5 0.5057292 0.7089844 0.0197917 0.0179687
4 0.5622396 0.3042969 0.0182292 0.0414062
1 0.6830729 0.4941406 0.0255208 0.0304687
4 0.7385417 0.1152344 0.0229167 0.0226562
5 0.6158854 0.3992188 0.0203125 0.0328125
5 0.4466146 0.1527344 0.0151042 0.0304687
4 0.6005208 0.8671875 0.0229167 0.0187500
0 0.2705729 0.5914063 0.0130208 0.0359375
5 0.6283854 0.5339844 0.0244792 0.0195312
2 0.4979167 0.8722656 0.0145833 0.0429688
1 0.6354167 0.3800781 0.0177083 0.0304687
1 0.3416667 0.5968750 0.0135417 0.0218750
3 0.5250000 0.5132813 0.0135417 0.0328125
2 0.6080729 0.3699219 0.0182292 0.0289063
1 0.6783854 0.3324219 0.0182292 0.0367188
3 0.4822917 0.3640625 0.0145833 0.0390625
4 0.4822917 0.1679688 0.0114583 0.0187500
11 0.5190104 0.7386719 0.0234375 0.0367188
9 0.4031250 0.1515625 0.0260417 0.0312500
7 0.4544271 0.3062500 0.0255208 0.0281250
6 0.4302083 0.5039062 0.0156250 0.0343750
11 0.6421875 0.3367188 0.0197917 0.0359375
11 0.5507812 0.3296875 0.0213542 0.0343750
9 0.5281250 0.9214844 0.0250000 0.0289063
9 0.2937500 0.8339844 0.0260417 0.0304687
10 0.4091146 0.6625000 0.0171875 0.0265625
8 0.4684896 0.4980469 0.0171875 0.0382813
6 0.2351563 0.7460938 0.0255208 0.0312500
9 0.6807292 0.2933594 0.0197917 0.0273438
10 0.6414062 0.2042969 0.0234375 0.0273438
10 0.6140625 0.8328125 0.0229167 0.0281250
10 0.5057292 0.8035156 0.0239583 0.0367188
10 0.6932292 0.7132812 0.0239583 0.0234375
11 0.5304688 0.1933594 0.0244792 0.0257812
