4 0.6390625 0.1070312 0.0583333 0.0687500
2 0.5927083 0.5593750 0.0697917 0.0765625
1 0.4906250 0.0347656 0.0687500 0.0585938
0 0.5804687 0.6808594 0.0859375 0.0726563
0 0.4083333 0.3683594 0.0708333 0.0492187
3 0.2656250 0.2371094 0.0802083 0.0554687
3 0.7640625 0.6261719 0.0812500 0.0773438
3 0.5950521 0.5753906 0.0817708 0.0710937
1 0.5460938 0.5191406 0.0619792 0.0664062
0 0.5049479 0.3175781 0.0401042 0.0726563
1 0.5049479 0.3019531 0.0598958 0.1195313
4 0.6216146 0.3199219 0.0817708 0.0554687
1 0.7312500 0.4203125 0.0833333 0.0531250
5 0.2794271 0.7109375 0.0755208 0.0546875
0 0.5723958 0.7460938 0.0645833 0.1046875
1 0.6622396 0.2683594 0.0661458 0.0710937
1 0.5218750 0.4335938 0.0447917 0.0828125
0 0.4648438 0.7949219 0.0682292 0.0570312
1 0.3843750 0.2406250 0.0468750 0.0515625
1 0.4111979 0.5906250 0.0588542 0.0765625
5 0.4804688 0.0699219 0.0703125 0.0898438
0 0.5526042 0.4101562 0.0468750 0.1187500
1 0.6937500 0.4820313 0.0791667 0.0500000
8 0.5979167 0.4968750 0.0750000 0.0765625
6 0.4091146 0.8304687 0.0692708 0.1078125
6 0.3046875 0.3031250 0.0729167 0.1125000
10 0.5440104 0.7792969 0.0682292 0.0976562
10 0.2179687 0.2472656 0.0765625 0.0835937
7 0.6773438 0.6929688 0.0640625 0.1140625
11 0.3911458 0.2066406 0.0791667 0.0992187
11 0.4684896 0.4082031 0.0692708 0.1054688
