3 0.4388021 0.4253906 0.0286458 0.0476562
2 0.6627604 0.7527344 0.0421875 0.0335937
4 0.5250000 0.5816406 0.0416667 0.0304687
5 0.4770833 0.6425781 0.0239583 0.0304687
0 0.7018229 0.2972656 0.0442708 0.0351562
1 0.3294271 0.1621094 0.0380208 0.0335937
1 0.7171875 0.3851562 0.0229167 0.0468750
0 0.5398437 0.4296875 0.0255208 0.0593750
2 0.4273438 0.6519531 0.0328125 0.0539063
3 0.6500000 0.6007813 0.0187500 0.0578125
0 0.7072917 0.6031250 0.0197917 0.0406250
5 0.6406250 0.6527344 0.0281250 0.0242188
0 0.6096354 0.3066406 0.0432292 0.0320312
5 0.6367188 0.7425781 0.0286458 0.0367188
2 0.3833333 0.5480469 0.0395833 0.0289063
5 0.5015625 0.6015625 0.0322917 0.0437500
4 0.5372396 0.5375000 0.0380208 0.0281250
1 0.7419271 0.2730469 0.0296875 0.0554687
5 0.6763021 0.4988281 0.0442708 0.0367188
3 0.4208333 0.8574219 0.0250000 0.0648438
1 0.3726563 0.1898438 0.0401042 0.0312500
5 0.6195312 0.4527344 0.0203125 0.0617188
3 0.6221354 0.5066406 0.0411458 0.0335937
1 0.3669271 0.4289062 0.0317708 0.0359375
2 0.7247396 0.5746094 0.0401042 0.0351562
2 0.6614583 0.6351562 0.0406250 0.0234375
4 0.4065104 0.5996094 0.0234375 0.0382813
4 0.3466146 0.4378906 0.0432292 0.0398437
1 0.5869792 0.0828125 0.0364583 0.0437500
1 0.6244792 0.5050781 0.0385417 0.0398437
5 0.5812500 0.5871094 0.0302083 0.0554687
3 0.4346354 0.5195312 0.0328125 0.0359375
3 0.3861979 0.6519531 0.0390625 0.0335937
2 0.3247396 0.4261719 0.0213542 0.0367188
1 0.6687500 0.5507812 0.0364583 0.0312500
2 0.4125000 0.5675781 0.0229167 0.0382813
1 0.6104167 0.8718750 0.0177083 0.0484375
3 0.6776042 0.3714844 0.0229167 0.0289063
4 0.3070312 0.1929687 0.0255208 0.0546875
2 0.4434896 0.5027344 0.0328125 0.0648438
0 0.5598958 0.7585937 0.0291667 0.0531250
2 0.6825521 0.2988281 0.0453125 0.0398437
5 0.4325521 0.4660156 0.0307292 0.0476562
6 0.6729167 0.3761719 0.0250000 0.0429688
6 0.3023438 0.7320313 0.0380208 0.0375000
7 0.2828125 0.2554688 0.0406250 0.0390625
8 0.4973958 0.6214844 0.0281250 0.0570312
7 0.7263021 0.5371094 0.0411458 0.0398437
11 0.4010417 0.3414063 0.0302083 0.0546875
11 0.4705729 0.7179688 0.0276042 0.0609375
7 0.6880208 0.4140625 0.0437500 0.0421875
9 0.6476563 0.3253906 0.0296875 0.0429688
10 0.5890625 0.4304688 0.0281250 0.0640625
8 0.5242187 0.3679688 0.0390625 0.0484375
