4 0.6875000 0.4703125 0.0197917 0.0250000
4 0.6635417 0.7894531 0.0229167 0.0132812
2 0.6054688 0.7390625 0.0255208 0.0218750
5 0.5046875 0.5035156 0.0125000 0.0242188
0 0.7416667 0.5847656 0.0239583 0.0210938
5 0.4106771 0.4605469 0.0192708 0.0148437
3 0.5976562 0.7425781 0.0119792 0.0242188
5 0.3356771 0.6097656 0.0234375 0.0210938
3 0.6229167 0.4296875 0.0156250 0.0328125
0 0.5213542 0.7343750 0.0104167 0.0343750
2 0.6187500 0.4539063 0.0166667 0.0250000
1 0.5994792 0.7128906 0.0208333 0.0164063
2 0.2914062 0.3566406 0.0234375 0.0226562
1 0.5127604 0.5765625 0.0234375 0.0156250
2 0.6052083 0.6492187 0.0229167 0.0187500
4 0.5976562 0.6144531 0.0234375 0.0195312
3 0.3429687 0.3535156 0.0234375 0.0164063
5 0.3062500 0.3164062 0.0229167 0.0140625
1 0.4192708 0.5718750 0.0145833 0.0171875
1 0.4033854 0.2179687 0.0213542 0.0250000
2 0.5476562 0.4359375 0.0213542 0.0156250
2 0.3213542 0.4562500 0.0229167 0.0218750
3 0.6583333 0.6410156 0.0208333 0.0195312
4 0.3276042 0.6964844 0.0166667 0.0179687
0 0.6716146 0.3519531 0.0234375 0.0179687
2 0.4502604 0.8039063 0.0234375 0.0203125
0 0.4322917 0.4093750 0.0166667 0.0265625
2 0.3166667 0.6898437 0.0135417 0.0375000
3 0.5085937 0.1781250 0.0203125 0.0140625
5 0.6354167 0.4277344 0.0218750 0.0179687
3 0.2825521 0.7214844 0.0151042 0.0320312
0 0.3869792 0.2859375 0.0239583 0.0218750
2 0.6684896 0.6191406 0.0119792 0.0367188
1 0.6723958 0.2371094 0.0104167 0.0257812
5 0.5822917 0.5792969 0.0239583 0.0164063
1 0.6822917 0.5917969 0.0125000 0.0164063
1 0.6127604 0.7640625 0.0119792 0.0312500
2 0.4489583 0.8136719 0.0218750 0.0226562
2 0.4916667 0.6765625 0.0125000 0.0281250
4 0.6781250 0.8511719 0.0250000 0.0179687
1 0.3875000 0.7093750 0.0166667 0.0296875
0 0.5218750 0.1382812 0.0104167 0.0359375
1 0.4171875 0.2054688 0.0239583 0.0171875
2 0.5609375 0.5503906 0.0125000 0.0257812
0 0.3679688 0.6683594 0.0098958 0.0351562
0 0.6486979 0.7074219 0.0244792 0.0148437
0 0.7528646 0.4273438 0.0140625 0.0187500
7 0.4729167 0.4410156 0.0197917 0.0257812
6 0.5895833 0.2363281 0.0156250 0.0351562
6 0.4242187 0.9316406 0.0161458 0.0335937
9 0.7085938 0.7652344 0.0171875 0.0335937
7 0.6838542 0.6140625 0.0218750 0.0296875
8 0.2739583 0.3187500 0.0145833 0.0328125
8 0.6713542 0.5039062 0.0145833 0.0250000
10 0.4432292 0.5917969 0.0135417 0.0320312
11 0.4770833 0.6558594 0.0135417 0.0304687
8 0.6361979 0.3214844 0.0255208 0.0257812
9 0.4393229 0.7015625 0.0213542 0.0218750
9 0.3950521 0.8425781 0.0213542 0.0273438
9 0.5041667 0.8230469 0.0156250 0.0335937
8 0.5580729 0.3035156 0.0192708 0.0242188
