1 0.4468750 0.3878906 0.0260417 0.0539063
5 0.6083333 0.2363281 0.0541667 0.0320312
1 0.5718750 0.3910156 0.0291667 0.0382813
1 0.4072917 0.4292969 0.0260417 0.0460938
4 0.3257813 0.4093750 0.0317708 0.0546875
5 0.4054687 0.2000000 0.0276042 0.0750000
0 0.4002604 0.7933594 0.0255208 0.0414062
1 0.5513021 0.2054688 0.0505208 0.0375000
4 0.7848958 0.1847656 0.0416667 0.0351562
2 0.3500000 0.1652344 0.0468750 0.0445313
2 0.6343750 0.2980469 0.0270833 0.0351562
5 0.5031250 0.2968750 0.0312500 0.0406250
0 0.7033854 0.2929688 0.0359375 0.0578125
0 0.5731771 0.3488281 0.0307292 0.0617188
2 0.6942708 0.4328125 0.0343750 0.0515625
0 0.7046875 0.5234375 0.0458333 0.0296875
5 0.6554688 0.3738281 0.0421875 0.0304687
1 0.4190104 0.8257813 0.0307292 0.0781250
2 0.7942708 0.4132812 0.0416667 0.0593750
2 0.6020833 0.6355469 0.0333333 0.0476562
1 0.5286458 0.4730469 0.0489583 0.0460938
5 0.4989583 0.1464844 0.0270833 0.0632812
5 0.2872396 0.3832031 0.0473958 0.0445313
4 0.4690104 0.3113281 0.0369792 0.0523438
8 0.7901042 0.5843750 0.0489583 0.0484375
10 0.4901042 0.3230469 0.0479167 0.0617188
8 0.5757813 0.3609375 0.0463542 0.0671875
7 0.5640625 0.4167969 0.0489583 0.0710937
10 0.4531250 0.6472656 0.0427083 0.0679687
6 0.7161458 0.4386719 0.0354167 0.0570312
7 0.6796875 0.7160156 0.0489583 0.0460938
9 0.2255208 0.7281250 0.0333333 0.0500000
6 0.5835938 0.4929688 0.0411458 0.0437500
9 0.4622396 0.2851562 0.0317708 0.0734375
11 0.3057292 0.6269531 0.0479167 0.0554687
7 0.6104167 0.5968750 0.0302083 0.0453125
7 0.6585937 0.1660156 0.0463542 0.0460938
9 0.2593750 0.7375000 0.0291667 0.0625000
10 0.2130208 0.1851562 0.0354167 0.0656250
6 0.7203125 0.3207031 0.0354167 0.0726563
10 0.5658854 0.1957031 0.0286458 0.0695313
7 0.5934896 0.0914062 0.0484375 0.0468750
10 0.5463542 0.1871094 0.0447917 0.0679687
9 0.6940104 0.4992187 0.0453125 0.0578125
