4 0.4476562 0.6679688 0.0234375 0.0281250
1 0.6575521 0.3468750 0.0380208 0.0296875
5 0.7953125 0.3707031 0.0260417 0.0273438
5 0.6442708 0.4207031 0.0312500 0.0289063
4 0.4127604 0.4417969 0.0213542 0.0429688
4 0.4705729 0.2886719 0.0317708 0.0335937
5 0.7190104 0.6660156 0.0359375 0.0320312
0 0.7273437 0.2640625 0.0182292 0.0515625
0 0.6166667 0.5605469 0.0343750 0.0242188
1 0.3161458 0.8062500 0.0218750 0.0421875
0 0.5283854 0.8292969 0.0223958 0.0601563
4 0.4770833 0.4093750 0.0208333 0.0484375
3 0.5601563 0.7441406 0.0171875 0.0257812
3 0.4625000 0.0351562 0.0239583 0.0546875
2 0.6026042 0.6640625 0.0375000 0.0328125
2 0.5169271 0.4597656 0.0317708 0.0320312
5 0.6518229 0.4968750 0.0213542 0.0343750
4 0.4729167 0.8390625 0.0281250 0.0468750
3 0.7218750 0.6304688 0.0229167 0.0312500
3 0.5890625 0.5769531 0.0364583 0.0257812
0 0.5914063 0.6925781 0.0276042 0.0289063
5 0.2984375 0.5253906 0.0375000 0.0382813
4 0.6119792 0.1550781 0.0229167 0.0382813
0 0.6546875 0.1804688 0.0375000 0.0343750
3 0.4617188 0.4250000 0.0213542 0.0546875
0 0.4309896 0.8796875 0.0328125 0.0281250
4 0.5601563 0.5195312 0.0265625 0.0281250
1 0.6156250 0.6562500 0.0239583 0.0484375
3 0.6481771 0.5148438 0.0369792 0.0328125
1 0.6005208 0.1808594 0.0229167 0.0382813
5 0.4671875 0.6546875 0.0270833 0.0500000
1 0.6744792 0.5039062 0.0291667 0.0312500
2 0.5528646 0.6257812 0.0348958 0.0265625
0 0.5854167 0.4164062 0.0156250 0.0390625
5 0.4346354 0.5656250 0.0307292 0.0484375
2 0.7390625 0.3328125 0.0229167 0.0343750
4 0.5968750 0.5210938 0.0343750 0.0250000
4 0.4072917 0.7054687 0.0302083 0.0312500
1 0.4622396 0.7175781 0.0161458 0.0539063
3 0.4718750 0.2968750 0.0354167 0.0250000
0 0.5523438 0.5367188 0.0307292 0.0343750
4 0.3846354 0.3695312 0.0307292 0.0328125
5 0.3799479 0.2167969 0.0296875 0.0304687
0 0.5776042 0.2710938 0.0229167 0.0578125
2 0.4263021 0.5992188 0.0265625 0.0343750
3 0.3919271 0.5640625 0.0161458 0.0500000
4 0.7132812 0.8511719 0.0161458 0.0523438
2 0.5804687 0.7929688 0.0265625 0.0468750
1 0.6302083 0.6714844 0.0385417 0.0289063
5 0.7763021 0.6718750 0.0192708 0.0531250
5 0.7250000 0.2550781 0.0229167 0.0289063
4 0.5125000 0.5132813 0.0354167 0.0250000
0 0.5348958 0.2593750 0.0218750 0.0593750
0 0.4726562 0.7664062 0.0296875 0.0250000
1 0.5721354 0.2890625 0.0307292 0.0343750
5 0.2466146 0.4152344 0.0369792 0.0242188
4 0.6098958 0.4972656 0.0197917 0.0414062
5 0.7265625 0.3929687 0.0322917 0.0250000
1 0.5815104 0.6066406 0.0276042 0.0289063
2 0.5020833 0.6933594 0.0375000 0.0273438
2 0.6963542 0.2750000 0.0187500 0.0250000
3 0.7768229 0.7613281 0.0359375 0.0304687
0 0.5179687 0.7468750 0.0317708 0.0296875
4 0.5304688 0.3628906 0.0359375 0.0257812
5 0.3963542 0.7656250 0.0156250 0.0531250
0 0.7653646 0.7218750 0.0380208 0.0312500
4 0.5958333 0.4078125 0.0375000 0.0281250
2 0.4825521 0.5601563 0.0296875 0.0421875
4 0.5794271 0.5898438 0.0265625 0.0265625
10 0.5031250 0.7203125 0.0239583 0.0562500
7 0.5479167 0.9410156 0.0343750 0.0445313
8 0.6406250 0.5089844 0.0250000 0.0414062
7 0.3250000 0.2968750 0.0302083 0.0437500
9 0.4815104 0.1300781 0.0307292 0.0460938
11 0.5914063 0.3253906 0.0317708 0.0570312
8 0.3338542 0.3371094 0.0333333 0.0367188
6 0.4682292 0.7519531 0.0375000 0.0367188
7 0.7049479 0.3671875 0.0338542 0.0390625
9 0.4945312 0.1070312 0.0276042 0.0500000
6 0.6989583 0.4671875 0.0239583 0.0375000
9 0.4643229 0.1539062 0.0348958 0.0406250
7 0.7195312 0.4382813 0.0317708 0.0343750
