0 0.5125000 0.7523437 0.0260417 0.0531250
2 0.7682292 0.5878906 0.0343750 0.0242188
5 0.4145833 0.6078125 0.0364583 0.0250000
0 0.4036458 0.4480469 0.0354167 0.0257812
1 0.6911458 0.5378906 0.0322917 0.0226562
1 0.5614583 0.6699219 0.0250000 0.0445313
1 0.5645833 0.4214844 0.0197917 0.0398437
2 0.6554688 0.5093750 0.0192708 0.0234375
1 0.7372396 0.3085938 0.0213542 0.0421875
5 0.7039062 0.5089844 0.0182292 0.0445313
5 0.5955729 0.5121094 0.0286458 0.0445313
0 0.5703125 0.2113281 0.0343750 0.0242188
1 0.5692708 0.1539062 0.0229167 0.0390625
1 0.2796875 0.3058594 0.0333333 0.0257812
4 0.5934896 0.7339844 0.0223958 0.0351562
0 0.4111979 0.6214844 0.0296875 0.0304687
4 0.5843750 0.5808594 0.0187500 0.0507812
3 0.5598958 0.4496094 0.0322917 0.0289063
4 0.2804687 0.4335938 0.0265625 0.0484375
4 0.5486979 0.6812500 0.0328125 0.0312500
0 0.2791667 0.1683594 0.0343750 0.0273438
4 0.3804688 0.8316406 0.0255208 0.0414062
3 0.3062500 0.4414062 0.0135417 0.0468750
3 0.5018229 0.8554688 0.0161458 0.0421875
4 0.6250000 0.3906250 0.0281250 0.0328125
4 0.5843750 0.5308594 0.0333333 0.0335937
5 0.5268229 0.7933594 0.0192708 0.0492187
0 0.4908854 0.4816406 0.0328125 0.0242188
5 0.3742187 0.7820312 0.0203125 0.0484375
0 0.3257813 0.3527344 0.0234375 0.0226562
5 0.6093750 0.3027344 0.0343750 0.0226562
3 0.3721354 0.4539063 0.0192708 0.0343750
1 0.7419271 0.6781250 0.0244792 0.0421875
2 0.4677083 0.1539062 0.0250000 0.0500000
1 0.5544271 0.5570312 0.0338542 0.0218750
0 0.4182292 0.7699219 0.0166667 0.0523438
4 0.3445313 0.7367187 0.0296875 0.0265625
2 0.3736979 0.4574219 0.0192708 0.0554687
1 0.5992188 0.5023437 0.0338542 0.0250000
1 0.7552083 0.4492188 0.0270833 0.0359375
5 0.5492187 0.8156250 0.0348958 0.0265625
2 0.2888021 0.7164063 0.0192708 0.0437500
3 0.6617188 0.6191406 0.0244792 0.0476562
5 0.7520833 0.8171875 0.0333333 0.0234375
2 0.6908854 0.3882813 0.0328125 0.0312500
2 0.5588542 0.6761719 0.0218750 0.0414062
4 0.5854167 0.5652344 0.0281250 0.0398437
3 0.4929688 0.7242188 0.0307292 0.0421875
3 0.4557292 0.8261719 0.0364583 0.0242188
3 0.4367187 0.2000000 0.0286458 0.0359375
2 0.6260417 0.4570312 0.0156250 0.0281250
5 0.5276042 0.4421875 0.0239583 0.0468750
1 0.2690104 0.3792969 0.0255208 0.0507812
2 0.4036458 0.7730469 0.0208333 0.0398437
3 0.5434896 0.6734375 0.0151042 0.0500000
3 0.6937500 0.3472656 0.0333333 0.0242188
1 0.7018229 0.7933594 0.0359375 0.0257812
4 0.3356771 0.5812500 0.0223958 0.0359375
4 0.6981771 0.2789063 0.0348958 0.0312500
4 0.3507812 0.6261719 0.0161458 0.0507812
1 0.4869792 0.5394531 0.0291667 0.0289063
4 0.4750000 0.6035156 0.0187500 0.0398437
4 0.3104167 0.5964844 0.0281250 0.0320312
0 0.6690104 0.7171875 0.0338542 0.0250000
3 0.5786458 0.5500000 0.0197917 0.0421875
3 0.4825521 0.4476562 0.0203125 0.0234375
0 0.2843750 0.5367188 0.0166667 0.0562500
2 0.5216146 0.3753906 0.0244792 0.0351562
5 0.4210937 0.6519531 0.0192708 0.0382813
0 0.5385417 0.1390625 0.0229167 0.0250000
2 0.7205729 0.4773438 0.0359375 0.0265625
6 0.6677083 0.4425781 0.0291667 0.0320312
6 0.3505208 0.7339844 0.0218750 0.0304687
9 0.3101563 0.7058594 0.0234375 0.0507812
6 0.4026042 0.3125000 0.0281250 0.0500000
11 0.5471354 0.5937500 0.0328125 0.0375000
10 0.7164063 0.7125000 0.0234375 0.0500000
6 0.5552083 0.6847656 0.0333333 0.0445313
9 0.4651042 0.8265625 0.0260417 0.0421875
6 0.4080729 0.1800781 0.0338542 0.0460938
6 0.6588542 0.8765625 0.0312500 0.0312500
