1 0.7007813 0.8355469 0.0713542 0.1304687
1 0.4705729 0.5812500 0.1119792 0.1531250
5 0.4320312 0.5144531 0.1598958 0.1132812
0 0.5067708 0.4968750 0.0895833 0.1671875
1 0.6614583 0.8906250 0.1645833 0.1062500
2 0.7911458 0.2144531 0.1510417 0.0992187
1 0.7205729 0.3363281 0.0963542 0.1132812
0 0.7841146 0.5164062 0.1171875 0.1125000
2 0.4820313 0.3640625 0.0911458 0.1296875
5 0.7940104 0.4492188 0.1557292 0.0859375
4 0.4802083 0.7542969 0.0729167 0.2414062
4 0.4531250 0.5898438 0.1520833 0.1203125
5 0.7596354 0.7195312 0.1401042 0.1156250
3 0.7523437 0.5488281 0.0703125 0.1382812
8 0.6536458 0.7601562 0.1468750 0.1546875
8 0.5973958 0.2148438 0.0958333 0.2000000
6 0.2489583 0.7781250 0.0864583 0.1718750
10 0.3619792 0.3558594 0.1375000 0.1445312
8 0.4614583 0.5261719 0.1031250 0.1476562
7 0.6799479 0.6726562 0.1317708 0.2406250
9 0.5666667 0.5308594 0.1333333 0.1304687
