4 0.2721354 0.3726563 0.1432292 0.1203125
4 0.4492188 0.2234375 0.0942708 0.1906250
0 0.5598958 0.2816406 0.1802083 0.1164063
5 0.5786458 0.4527344 0.0833333 0.2414062
4 0.2955729 0.6156250 0.1046875 0.2609375
0 0.5218750 0.5863281 0.1458333 0.1476562
4 0.3830729 0.3382812 0.1796875 0.1234375
0 0.6171875 0.5468750 0.1552083 0.1250000
4 0.5070313 0.5140625 0.1005208 0.1687500
2 0.4520833 0.3507812 0.1333333 0.1218750
2 0.5645833 0.6039062 0.1416667 0.1406250
3 0.2523437 0.4527344 0.1359375 0.1945312
3 0.4236979 0.4316406 0.0869792 0.1523438
4 0.5755208 0.3695312 0.1135417 0.2812500
4 0.7973958 0.4894531 0.0989583 0.1773437
1 0.6994792 0.2234375 0.1697917 0.1140625
4 0.6679688 0.6421875 0.1359375 0.1312500
1 0.5664062 0.2367188 0.1526042 0.1062500
4 0.5304688 0.1878906 0.1557292 0.0929688
4 0.6101562 0.3023438 0.1661458 0.1296875
1 0.3927083 0.7335938 0.1250000 0.1281250
0 0.7484375 0.7601562 0.1343750 0.1125000
2 0.6825521 0.4582031 0.1692708 0.1523438
3 0.6645833 0.6570312 0.1572917 0.1140625
2 0.3031250 0.5324219 0.0687500 0.1414063
0 0.3307292 0.3398438 0.1739583 0.1468750
1 0.3468750 0.1812500 0.1343750 0.1671875
3 0.6236979 0.4199219 0.0786458 0.2148438
2 0.6734375 0.7886719 0.1302083 0.1835938
2 0.6445312 0.8003906 0.0953125 0.2585938
2 0.4549479 0.2316406 0.1317708 0.1570313
2 0.5325521 0.1777344 0.1088542 0.1210938
1 0.2320312 0.5664062 0.1661458 0.1546875
0 0.6583333 0.5394531 0.1302083 0.1601562
5 0.2182292 0.6453125 0.1479167 0.2046875
4 0.2721354 0.6523438 0.1578125 0.1265625
1 0.7135417 0.7226562 0.0822917 0.1234375
4 0.7192708 0.2855469 0.0812500 0.2632813
5 0.4187500 0.7839844 0.1822917 0.1226562
2 0.5744792 0.4390625 0.1125000 0.2046875
2 0.5151042 0.6585937 0.0781250 0.2515625
0 0.4255208 0.7500000 0.1687500 0.1031250
5 0.7156250 0.4917969 0.0875000 0.1398437
3 0.6398438 0.7960938 0.1442708 0.1156250
3 0.6820312 0.4933594 0.1578125 0.1039063
3 0.7257813 0.3984375 0.1484375 0.1281250
0 0.6968750 0.5398437 0.1406250 0.2406250
5 0.4494792 0.4375000 0.1239583 0.1546875
3 0.3825521 0.5875000 0.1286458 0.1187500
2 0.3518229 0.1945312 0.1567708 0.1375000
2 0.7106771 0.3539062 0.1109375 0.2328125
1 0.5161458 0.1625000 0.0812500 0.2609375
4 0.2695312 0.6722656 0.1432292 0.1414063
4 0.4955729 0.2312500 0.1015625 0.1765625
1 0.6825521 0.3382812 0.1567708 0.0921875
2 0.2763021 0.2507813 0.1734375 0.1109375
1 0.6356771 0.5992188 0.1567708 0.1765625
5 0.3835938 0.5867187 0.0786458 0.1906250
5 0.6341146 0.2652344 0.0953125 0.1320312
2 0.4861979 0.3945312 0.1536458 0.1390625
0 0.4130208 0.5105469 0.1520833 0.1382812
3 0.4380208 0.6703125 0.1416667 0.2109375
3 0.7364583 0.6667969 0.1468750 0.0867187
2 0.6065104 0.9367188 0.1411458 0.1250000
0 0.6778646 0.3253906 0.0838542 0.1148437
0 0.4031250 0.2968750 0.1562500 0.1687500
3 0.7192708 0.4175781 0.1666667 0.0898438
4 0.4171875 0.3445313 0.1229167 0.2343750
2 0.6653646 0.1679688 0.1317708 0.1531250
2 0.4476562 0.1128906 0.1317708 0.1664063
0 0.7018229 0.7988281 0.1619792 0.1242188
4 0.5843750 0.4597656 0.1750000 0.1320312
0 0.4052083 0.7136719 0.1000000 0.2414062
1 0.5304688 0.7996094 0.1557292 0.1351563
0 0.6830729 0.4460938 0.1390625 0.1187500
1 0.6789063 0.2269531 0.1557292 0.1289062
11 0.7875000 0.3875000 0.1697917 0.1640625
8 0.3343750 0.5156250 0.1406250 0.1671875
9 0.6747396 0.3675781 0.1786458 0.1695312
7 0.7015625 0.3031250 0.1552083 0.1562500
11 0.4833333 0.6074219 0.1010417 0.2148438
10 0.2986979 0.9539062 0.0765625 0.0906250
6 0.4867187 0.1003906 0.1484375 0.2007812
7 0.3364583 0.2863281 0.1760417 0.1914062
8 0.7502604 0.6566406 0.0963542 0.1679688
10 0.4234375 0.8003906 0.1489583 0.1570313
10 0.3885417 0.5597656 0.1416667 0.1382812
9 0.6622396 0.2636719 0.1380208 0.2445313
8 0.5885417 0.5105469 0.1333333 0.1460937
6 0.3893229 0.3875000 0.1505208 0.1781250
7 0.6390625 0.5054688 0.1520833 0.1812500
6 0.2664063 0.5097656 0.1317708 0.2289063
9 0.5088542 0.1691406 0.1385417 0.1679688
6 0.7338542 0.3734375 0.1635417 0.1609375
10 0.3645833 0.6230469 0.1062500 0.1679688
