4 0.5528646 0.3296875 0.0692708 0.0500000
1 0.5867187 0.1457031 0.0692708 0.0835937
4 0.5437500 0.7074219 0.0854167 0.0648438
0 0.7481771 0.6097656 0.0661458 0.0867187
5 0.2557292 0.6117187 0.0541667 0.0906250
5 0.3658854 0.3542969 0.0734375 0.0507812
0 0.5903646 0.6105469 0.0713542 0.0445313
5 0.4192708 0.5875000 0.0552083 0.0968750
5 0.4335938 0.1695312 0.0359375 0.1078125
5 0.5677083 0.5023437 0.0427083 0.0609375
4 0.3718750 0.7261719 0.0781250 0.0664062
1 0.6531250 0.7738281 0.0541667 0.0960938
4 0.8395833 0.4265625 0.0666667 0.0703125
1 0.5354167 0.8171875 0.0531250 0.0625000
3 0.3903646 0.2789063 0.0786458 0.0593750
3 0.2437500 0.5996094 0.0812500 0.0476562
2 0.6677083 0.3195312 0.0791667 0.0546875
4 0.4859375 0.1023437 0.0708333 0.0546875
1 0.4705729 0.7816406 0.0651042 0.1007813
1 0.4210937 0.4238281 0.0661458 0.0539063
5 0.5361979 0.9503906 0.0609375 0.0804688
0 0.4666667 0.6851563 0.0697917 0.0625000
2 0.5442708 0.6367188 0.0531250 0.0859375
2 0.5229167 0.5386719 0.0531250 0.1023437
3 0.6533854 0.6179687 0.0723958 0.0609375
2 0.5684896 0.4863281 0.0765625 0.0476562
2 0.5489583 0.5472656 0.0437500 0.0773438
2 0.7026042 0.6230469 0.0666667 0.0695313
3 0.6872396 0.4453125 0.0755208 0.0546875
3 0.5018229 0.6300781 0.0515625 0.1101562
4 0.4666667 0.9671875 0.0604167 0.0640625
4 0.6270833 0.2562500 0.0729167 0.0562500
1 0.3705729 0.6179687 0.0828125 0.0593750
2 0.3622396 0.6691406 0.0515625 0.0617188
5 0.5585938 0.4117188 0.0578125 0.1031250
5 0.4914062 0.2976563 0.0432292 0.0625000
0 0.4661458 0.6128906 0.0395833 0.0710937
4 0.4468750 0.2507813 0.0760417 0.0640625
5 0.6554688 0.7421875 0.0453125 0.0671875
2 0.5151042 0.2554688 0.0458333 0.1000000
3 0.7005208 0.1519531 0.0770833 0.0601563
2 0.5132813 0.5734375 0.0703125 0.0531250
4 0.4140625 0.7648438 0.0656250 0.0921875
2 0.6304688 0.8957031 0.0734375 0.0664062
2 0.5815104 0.6492187 0.0755208 0.0531250
0 0.4411458 0.5937500 0.0562500 0.0656250
1 0.4161458 0.9609375 0.0802083 0.0546875
3 0.3914063 0.5062500 0.0463542 0.1156250
0 0.5328125 0.6113281 0.0739583 0.0617188
0 0.2901042 0.5781250 0.0375000 0.0609375
3 0.3778646 0.3746094 0.0734375 0.0664062
0 0.5671875 0.8117188 0.0791667 0.0593750
0 0.7518229 0.6664062 0.0380208 0.1156250
4 0.5138021 0.3222656 0.0390625 0.1054688
5 0.7992187 0.4312500 0.0723958 0.0593750
3 0.4059896 0.6121094 0.0369792 0.0992187
2 0.2914062 0.6289062 0.0463542 0.0625000
3 0.3567708 0.9042969 0.0406250 0.0648438
1 0.5841146 0.1402344 0.0723958 0.0585938
0 0.5968750 0.6500000 0.0583333 0.0859375
9 0.7138021 0.3218750 0.0536458 0.1140625
7 0.5343750 0.4132812 0.0604167 0.0843750
11 0.4486979 0.7140625 0.0484375 0.0906250
7 0.7195312 0.4128906 0.0640625 0.1054688
6 0.3429687 0.7472656 0.0515625 0.1195313
8 0.3242188 0.6187500 0.0494792 0.1000000
7 0.7513021 0.5675781 0.0734375 0.0898438
9 0.4750000 0.7929688 0.0677083 0.0812500
11 0.4929688 0.5054688 0.0734375 0.0750000
9 0.3101563 0.1300781 0.0776042 0.0789062
6 0.4718750 0.2832031 0.0510417 0.1054688
7 0.5429688 0.3250000 0.0630208 0.0687500
11 0.3859375 0.8257813 0.0677083 0.0812500
7 0.6835938 0.5679688 0.0713542 0.0718750
10 0.3070312 0.2101562 0.0744792 0.0875000
11 0.5114583 0.6917969 0.0750000 0.0851563
6 0.2182292 0.2199219 0.0458333 0.0929688
8 0.7184896 0.6949219 0.0578125 0.1070312
7 0.6328125 0.1863281 0.0645833 0.1007813
8 0.5208333 0.6507812 0.0635417 0.0843750
