5 0.3973958 0.6773438 0.0239583 0.0312500
1 0.5203125 0.5765625 0.0156250 0.0359375
2 0.5484375 0.4511719 0.0177083 0.0242188
1 0.6388021 0.3800781 0.0151042 0.0382813
2 0.6135417 0.5050781 0.0197917 0.0257812
4 0.5945312 0.1285156 0.0265625 0.0226562
1 0.6028646 0.5988281 0.0213542 0.0335937
1 0.6994792 0.2531250 0.0270833 0.0187500
1 0.6895833 0.5023437 0.0270833 0.0234375
2 0.3726563 0.2722656 0.0140625 0.0289063
1 0.5755208 0.6531250 0.0156250 0.0265625
1 0.4817708 0.2562500 0.0145833 0.0171875
5 0.3872396 0.8121094 0.0213542 0.0351562
5 0.6802083 0.5785156 0.0270833 0.0164063
4 0.3408854 0.4019531 0.0286458 0.0179687
3 0.6552083 0.3066406 0.0260417 0.0210938
2 0.6067708 0.3718750 0.0177083 0.0265625
4 0.5565104 0.6441406 0.0276042 0.0195312
1 0.4697917 0.4351563 0.0187500 0.0312500
0 0.4080729 0.5722656 0.0161458 0.0226562
4 0.5940104 0.4703125 0.0213542 0.0187500
2 0.4427083 0.1640625 0.0156250 0.0375000
1 0.6515625 0.5789062 0.0166667 0.0406250
5 0.4807292 0.3707031 0.0270833 0.0210938
2 0.5421875 0.4535156 0.0114583 0.0367188
3 0.6187500 0.1000000 0.0281250 0.0187500
0 0.5515625 0.3753906 0.0125000 0.0273438
4 0.6455729 0.6718750 0.0286458 0.0187500
4 0.6606771 0.4039063 0.0151042 0.0375000
2 0.6088542 0.6101562 0.0260417 0.0218750
1 0.7210937 0.5558594 0.0286458 0.0195312
2 0.3856771 0.7523437 0.0140625 0.0296875
0 0.4359375 0.6523438 0.0187500 0.0312500
2 0.4479167 0.3292969 0.0135417 0.0289063
4 0.3830729 0.7695312 0.0286458 0.0171875
5 0.5489583 0.2269531 0.0270833 0.0210938
2 0.5554687 0.5492187 0.0203125 0.0203125
3 0.6049479 0.6949219 0.0213542 0.0273438
4 0.4497396 0.6269531 0.0161458 0.0195312
4 0.8252604 0.5457031 0.0151042 0.0210938
0 0.6632813 0.6308594 0.0161458 0.0351562
0 0.5442708 0.0679687 0.0270833 0.0187500
3 0.5986979 0.9148437 0.0119792 0.0312500
5 0.7658854 0.5203125 0.0213542 0.0343750
7 0.4937500 0.2429688 0.0250000 0.0296875
6 0.7161458 0.2082031 0.0239583 0.0257812
10 0.6218750 0.4046875 0.0177083 0.0312500
10 0.3666667 0.4835937 0.0218750 0.0343750
10 0.6492187 0.5519531 0.0244792 0.0242188
6 0.6476563 0.3312500 0.0213542 0.0421875
10 0.4906250 0.7843750 0.0156250 0.0375000
11 0.5726562 0.3562500 0.0234375 0.0281250
9 0.4635417 0.2953125 0.0250000 0.0250000
10 0.4848958 0.6503906 0.0270833 0.0398437
11 0.6721354 0.0699219 0.0255208 0.0273438
7 0.6950521 0.6738281 0.0244792 0.0242188
10 0.2786458 0.7375000 0.0270833 0.0296875
8 0.6799479 0.2804687 0.0182292 0.0390625
6 0.5692708 0.1394531 0.0250000 0.0320312
6 0.1776042 0.6496094 0.0250000 0.0382813
9 0.2130208 0.3789062 0.0177083 0.0296875
6 0.7049479 0.2152344 0.0244792 0.0242188
7 0.4414062 0.4726562 0.0223958 0.0359375
10 0.5812500 0.3800781 0.0239583 0.0289063
