0 0.3898437 0.4699219 0.0255208 0.0179687
2 0.5403646 0.7976562 0.0119792 0.0406250
4 0.5468750 0.8250000 0.0229167 0.0203125
1 0.6992188 0.6753906 0.0130208 0.0398437
0 0.3255208 0.2691406 0.0302083 0.0242188
2 0.7023438 0.2796875 0.0265625 0.0203125
4 0.6486979 0.2812500 0.0276042 0.0187500
5 0.5005208 0.4800781 0.0229167 0.0320312
2 0.6044271 0.3761719 0.0234375 0.0179687
5 0.4984375 0.3121094 0.0177083 0.0335937
4 0.6395833 0.2363281 0.0177083 0.0320312
2 0.2854167 0.6679688 0.0156250 0.0234375
3 0.7872396 0.5355469 0.0255208 0.0273438
5 0.3143229 0.6949219 0.0276042 0.0273438
3 0.7096354 0.6769531 0.0255208 0.0179687
2 0.5044271 0.6191406 0.0192708 0.0257812
3 0.6856771 0.5183594 0.0213542 0.0367188
0 0.3539062 0.5800781 0.0182292 0.0210938
4 0.6567708 0.1503906 0.0156250 0.0429688
3 0.4406250 0.1800781 0.0166667 0.0257812
5 0.3299479 0.6726562 0.0265625 0.0250000
4 0.5523438 0.6007813 0.0192708 0.0359375
5 0.2877604 0.5214844 0.0151042 0.0382813
1 0.2822917 0.3464844 0.0239583 0.0304687
0 0.6416667 0.7390625 0.0166667 0.0281250
3 0.5674479 0.4796875 0.0192708 0.0406250
1 0.6901042 0.4042969 0.0270833 0.0226562
5 0.3361979 0.5320312 0.0255208 0.0203125
1 0.5497396 0.7804688 0.0223958 0.0218750
2 0.5937500 0.4523437 0.0239583 0.0281250
2 0.3484375 0.5851563 0.0239583 0.0296875
0 0.5473958 0.4484375 0.0177083 0.0375000
2 0.6593750 0.4660156 0.0156250 0.0382813
5 0.3078125 0.3101563 0.0281250 0.0203125
3 0.5575521 0.4394531 0.0255208 0.0304687
0 0.2638021 0.4917969 0.0286458 0.0210938
0 0.4226563 0.7371094 0.0244792 0.0273438
5 0.5911458 0.3992188 0.0250000 0.0203125
4 0.2742188 0.5824219 0.0234375 0.0273438
4 0.4583333 0.3097656 0.0166667 0.0273438
5 0.5091146 0.4683594 0.0140625 0.0304687
5 0.5557292 0.5328125 0.0291667 0.0218750
2 0.5598958 0.4902344 0.0260417 0.0179687
2 0.6182292 0.7457031 0.0260417 0.0210938
1 0.5406250 0.7500000 0.0197917 0.0265625
4 0.6744792 0.6773438 0.0239583 0.0187500
10 0.4218750 0.3710938 0.0260417 0.0265625
8 0.6856771 0.6789063 0.0276042 0.0265625
11 0.6395833 0.7488281 0.0270833 0.0351562
9 0.6255208 0.7945313 0.0229167 0.0312500
8 0.1955729 0.4503906 0.0255208 0.0257812
7 0.4833333 0.5261719 0.0177083 0.0242188
6 0.6635417 0.1828125 0.0239583 0.0250000
