0 0.5450521 0.4277344 0.0567708 0.0492187
4 0.4359375 0.4164062 0.0645833 0.0640625
0 0.3367188 0.2566406 0.0609375 0.0414062
1 0.5968750 0.7191406 0.0666667 0.0429688
2 0.6825521 0.6863281 0.0567708 0.0585938
2 0.5843750 0.5664062 0.0333333 0.0578125
4 0.5179687 0.6917969 0.0578125 0.0570312
1 0.6200521 0.4312500 0.0609375 0.0406250
1 0.6372396 0.9160156 0.0401042 0.0867187
2 0.5091146 0.4476562 0.0401042 0.0375000
2 0.4171875 0.4730469 0.0333333 0.0570312
3 0.3369792 0.4785156 0.0375000 0.0757812
7 0.4528646 0.4863281 0.0359375 0.0773438
11 0.5713542 0.5941406 0.0604167 0.0617188
11 0.5986979 0.3863281 0.0494792 0.0757812
9 0.4111979 0.5250000 0.0609375 0.0609375
9 0.5427083 0.3992188 0.0614583 0.0593750
6 0.5210938 0.9000000 0.0546875 0.0671875
8 0.5283854 0.4589844 0.0359375 0.0789062
11 0.5252604 0.5394531 0.0526042 0.0585938
11 0.6257812 0.4148438 0.0619792 0.0625000
10 0.3403646 0.7695312 0.0588542 0.0578125
10 0.5247396 0.8585938 0.0484375 0.0859375
8 0.6656250 0.6058594 0.0604167 0.0632812
6 0.5924479 0.3898437 0.0588542 0.0578125
10 0.4916667 0.6800781 0.0458333 0.0539063
