2 0.6083333 0.5058594 0.0156250 0.0242188
1 0.5565104 0.3492188 0.0182292 0.0281250
3 0.6838542 0.5277344 0.0270833 0.0179687
3 0.3734375 0.2832031 0.0270833 0.0289063
0 0.6083333 0.4324219 0.0187500 0.0210938
5 0.5880208 0.6742187 0.0291667 0.0203125
2 0.5898438 0.3277344 0.0276042 0.0210938
5 0.4848958 0.2488281 0.0135417 0.0429688
0 0.4346354 0.5875000 0.0265625 0.0218750
3 0.6317708 0.7378906 0.0218750 0.0242188
9 0.5875000 0.3371094 0.0239583 0.0289063
10 0.4929688 0.7585937 0.0192708 0.0375000
9 0.4880208 0.3054688 0.0166667 0.0406250
9 0.6231771 0.7449219 0.0244792 0.0242188
10 0.3963542 0.5398437 0.0260417 0.0281250
10 0.3901042 0.3667969 0.0281250 0.0351562
11 0.3966146 0.5445313 0.0234375 0.0328125
10 0.5315104 0.3843750 0.0223958 0.0234375
