0 0.6171875 0.3871094 0.0885417 0.0570312
0 0.2630208 0.4558594 0.0406250 0.0710937
0 0.3286458 0.1988281 0.0531250 0.0570312
0 0.5252604 0.4308594 0.0703125 0.0632812
2 0.5820312 0.8011719 0.0401042 0.0648438
4 0.6348958 0.5285156 0.0739583 0.0726563
4 0.6411458 0.7984375 0.0750000 0.0734375
4 0.4518229 0.2640625 0.0557292 0.1312500
3 0.6606771 0.3597656 0.0588542 0.0757812
1 0.5890625 0.2335937 0.0739583 0.0671875
0 0.5661458 0.3421875 0.0520833 0.0578125
1 0.5880208 0.4507813 0.0406250 0.0921875
2 0.6315104 0.4046875 0.0661458 0.0500000
0 0.4604167 0.5214844 0.0697917 0.0523438
4 0.2598958 0.5222656 0.0322917 0.0585938
0 0.5684896 0.5078125 0.0526042 0.0562500
1 0.4971354 0.3335938 0.0380208 0.1031250
5 0.4002604 0.6722656 0.0765625 0.0601563
5 0.4515625 0.2843750 0.0458333 0.0546875
0 0.4114583 0.8148437 0.0427083 0.0609375
1 0.5549479 0.4281250 0.0703125 0.0515625
4 0.3528646 0.3230469 0.0536458 0.0882813
3 0.3773437 0.1125000 0.0401042 0.1203125
2 0.4059896 0.3761719 0.0661458 0.0945312
0 0.7338542 0.6003906 0.0812500 0.0554687
0 0.5492187 0.1675781 0.0463542 0.1257813
2 0.6013021 0.7117187 0.0557292 0.0921875
0 0.6927083 0.7246094 0.0614583 0.0632812
3 0.6440104 0.8906250 0.0755208 0.0765625
5 0.3434896 0.4597656 0.0796875 0.0507812
3 0.5955729 0.4109375 0.0661458 0.0812500
4 0.5781250 0.3644531 0.0364583 0.0539063
0 0.3432292 0.6968750 0.0875000 0.0500000
3 0.4450521 0.3703125 0.0432292 0.0562500
5 0.6307292 0.7500000 0.0677083 0.0578125
3 0.5434896 0.3457031 0.0734375 0.0570312
1 0.6523438 0.4085937 0.0807292 0.0562500
2 0.6510417 0.3160156 0.0416667 0.0664062
1 0.6419271 0.2949219 0.0880208 0.0867187
4 0.7005208 0.3292969 0.0708333 0.0742188
3 0.2880208 0.6082031 0.0781250 0.0679687
3 0.5281250 0.3273437 0.0802083 0.0812500
2 0.5856771 0.4292969 0.0765625 0.0492187
4 0.4013021 0.4625000 0.0505208 0.1078125
1 0.7411458 0.4734375 0.0729167 0.0703125
4 0.2895833 0.5757813 0.0552083 0.0890625
0 0.4518229 0.4179688 0.0515625 0.0625000
3 0.5091146 0.7750000 0.0661458 0.0562500
8 0.3033854 0.7839844 0.0786458 0.0773438
11 0.5195312 0.7097656 0.0609375 0.1054688
7 0.6723958 0.2996094 0.0802083 0.0804688
9 0.7059896 0.3062500 0.0807292 0.0750000
11 0.3057292 0.6363281 0.0677083 0.0726563
8 0.4575521 0.1816406 0.0578125 0.1101562
10 0.5830729 0.6515625 0.0588542 0.1281250
6 0.4468750 0.1710937 0.0520833 0.0843750
6 0.7380208 0.5027344 0.0708333 0.0789062
8 0.6708333 0.6492187 0.0770833 0.1078125
9 0.4677083 0.4082031 0.0604167 0.0945312
6 0.3143229 0.2296875 0.0765625 0.0843750
9 0.6781250 0.6875000 0.0854167 0.1062500
9 0.5914063 0.2488281 0.0578125 0.0960938
10 0.4968750 0.4394531 0.0750000 0.0992187
8 0.5557292 0.3390625 0.0541667 0.1078125
