3 0.5377604 0.7214844 0.0317708 0.0242188
0 0.5343750 0.9070312 0.0322917 0.0281250
3 0.3395833 0.7691406 0.0229167 0.0273438
4 0.4575521 0.5496094 0.0265625 0.0304687
3 0.5619792 0.2195313 0.0260417 0.0359375
0 0.4934896 0.6656250 0.0130208 0.0453125
5 0.4703125 0.6507812 0.0281250 0.0359375
2 0.5515625 0.3015625 0.0197917 0.0312500
4 0.6536458 0.7386719 0.0281250 0.0257812
2 0.3588542 0.5820312 0.0135417 0.0234375
1 0.7942708 0.5750000 0.0239583 0.0390625
3 0.3429687 0.5824219 0.0296875 0.0367188
1 0.6440104 0.4363281 0.0223958 0.0226562
4 0.5684896 0.5546875 0.0244792 0.0375000
3 0.3770833 0.5925781 0.0333333 0.0257812
0 0.2950521 0.6542969 0.0203125 0.0460938
0 0.5588542 0.6062500 0.0291667 0.0234375
3 0.5104167 0.5605469 0.0187500 0.0289063
5 0.6619792 0.5550781 0.0322917 0.0335937
8 0.6078125 0.7085938 0.0270833 0.0359375
9 0.5750000 0.3554688 0.0291667 0.0421875
10 0.6440104 0.3664062 0.0213542 0.0421875
7 0.4393229 0.5074219 0.0307292 0.0335937
8 0.5057292 0.5625000 0.0208333 0.0328125
11 0.5518229 0.5007812 0.0276042 0.0281250
