2 0.5700521 0.4773438 0.0234375 0.0234375
2 0.4091146 0.7300781 0.0223958 0.0195312
5 0.6263021 0.3710938 0.0161458 0.0406250
3 0.4229167 0.8562500 0.0156250 0.0328125
4 0.2770833 0.5816406 0.0229167 0.0273438
5 0.7002604 0.3402344 0.0244792 0.0164063
0 0.6580729 0.5738281 0.0234375 0.0179687
2 0.6674479 0.3058594 0.0223958 0.0273438
4 0.2960937 0.4863281 0.0213542 0.0210938
4 0.6026042 0.2136719 0.0239583 0.0148437
3 0.3760417 0.3304687 0.0187500 0.0218750
3 0.2859375 0.7859375 0.0166667 0.0156250
1 0.6835938 0.6558594 0.0244792 0.0195312
2 0.7460938 0.4230469 0.0213542 0.0304687
5 0.3453125 0.2164062 0.0177083 0.0359375
1 0.3533854 0.2679687 0.0192708 0.0343750
4 0.6265625 0.7066406 0.0239583 0.0210938
2 0.6841146 0.7964844 0.0255208 0.0195312
0 0.6489583 0.9125000 0.0270833 0.0187500
1 0.4182292 0.6031250 0.0250000 0.0218750
5 0.5075521 0.5257812 0.0140625 0.0234375
3 0.3559896 0.6433594 0.0223958 0.0226562
1 0.4669271 0.2292969 0.0109375 0.0335937
5 0.4747396 0.2066406 0.0140625 0.0164063
3 0.4979167 0.1988281 0.0135417 0.0320312
2 0.4270833 0.2351563 0.0187500 0.0328125
0 0.5421875 0.4777344 0.0156250 0.0226562
1 0.6580729 0.5156250 0.0109375 0.0203125
4 0.4661458 0.6820312 0.0187500 0.0187500
3 0.7106771 0.8832031 0.0265625 0.0195312
0 0.4927083 0.5253906 0.0229167 0.0164063
4 0.6408854 0.2109375 0.0234375 0.0296875
2 0.7520833 0.5992188 0.0197917 0.0250000
4 0.4273438 0.2828125 0.0171875 0.0171875
1 0.5252604 0.4296875 0.0234375 0.0187500
4 0.4468750 0.3738281 0.0239583 0.0242188
2 0.5380208 0.2859375 0.0239583 0.0171875
4 0.5268229 0.2054688 0.0130208 0.0281250
1 0.6768229 0.4683594 0.0161458 0.0351562
2 0.6445312 0.7128906 0.0244792 0.0226562
11 0.6208333 0.3269531 0.0239583 0.0226562
9 0.5528646 0.2832031 0.0213542 0.0242188
7 0.2630208 0.5261719 0.0218750 0.0257812
11 0.4361979 0.6988281 0.0223958 0.0257812
6 0.4966146 0.9132813 0.0182292 0.0328125
