1 0.3013021 0.4988281 0.0223958 0.0351562
4 0.6710938 0.5597656 0.0526042 0.0335937
2 0.5388021 0.3007812 0.0421875 0.0515625
1 0.5731771 0.5765625 0.0526042 0.0343750
1 0.5809896 0.7425781 0.0453125 0.0304687
3 0.4377604 0.6132812 0.0494792 0.0296875
4 0.6250000 0.2625000 0.0489583 0.0421875
3 0.3369792 0.5464844 0.0364583 0.0523438
5 0.7041667 0.3035156 0.0479167 0.0445313
4 0.5450521 0.6289062 0.0463542 0.0343750
3 0.5747396 0.7359375 0.0473958 0.0343750
2 0.3986979 0.6242188 0.0276042 0.0484375
0 0.3466146 0.7367187 0.0348958 0.0687500
3 0.5992188 0.1261719 0.0307292 0.0664062
2 0.5729167 0.5238281 0.0208333 0.0445313
4 0.5786458 0.3734375 0.0447917 0.0375000
8 0.3609375 0.3242188 0.0364583 0.0703125
10 0.6656250 0.5718750 0.0479167 0.0468750
10 0.2888021 0.6332031 0.0380208 0.0476562
7 0.5088542 0.0601563 0.0437500 0.0703125
9 0.5174479 0.7085938 0.0463542 0.0437500
7 0.2950521 0.4781250 0.0484375 0.0453125
8 0.5007812 0.4382813 0.0401042 0.0500000
