4 0.6997396 0.5371094 0.0244792 0.0164063
0 0.5080729 0.2671875 0.0192708 0.0187500
2 0.2859375 0.7816406 0.0229167 0.0195312
4 0.5726562 0.3460937 0.0234375 0.0156250
1 0.6596354 0.6847656 0.0140625 0.0226562
3 0.3911458 0.3628906 0.0156250 0.0273438
3 0.3677083 0.4492188 0.0135417 0.0296875
0 0.6044271 0.6710938 0.0223958 0.0234375
4 0.4223958 0.4707031 0.0156250 0.0242188
3 0.6684896 0.6457031 0.0109375 0.0289063
3 0.4807292 0.6585937 0.0218750 0.0218750
4 0.4489583 0.7300781 0.0135417 0.0289063
5 0.5888021 0.4511719 0.0130208 0.0148437
4 0.4770833 0.4976563 0.0260417 0.0187500
3 0.5625000 0.4355469 0.0208333 0.0289063
5 0.6770833 0.4757812 0.0229167 0.0171875
4 0.6434896 0.4968750 0.0223958 0.0203125
5 0.3046875 0.3019531 0.0229167 0.0179687
2 0.4278646 0.5144531 0.0244792 0.0273438
1 0.7442708 0.6136719 0.0114583 0.0164063
5 0.7580729 0.5894531 0.0223958 0.0273438
3 0.5078125 0.2484375 0.0166667 0.0171875
2 0.6723958 0.7902344 0.0239583 0.0195312
1 0.6156250 0.5667969 0.0239583 0.0210938
4 0.6562500 0.6453125 0.0250000 0.0156250
5 0.6416667 0.3390625 0.0156250 0.0265625
4 0.3721354 0.3519531 0.0119792 0.0195312
3 0.5460938 0.6121094 0.0223958 0.0164063
1 0.4606771 0.2835937 0.0223958 0.0171875
3 0.5247396 0.1875000 0.0244792 0.0234375
10 0.4721354 0.6578125 0.0213542 0.0328125
6 0.3697917 0.3769531 0.0187500 0.0335937
7 0.3669271 0.7664062 0.0244792 0.0328125
11 0.4221354 0.3378906 0.0192708 0.0320312
6 0.4343750 0.3945312 0.0166667 0.0281250
7 0.4294271 0.5566406 0.0234375 0.0273438
6 0.3838542 0.6769531 0.0166667 0.0351562
8 0.2770833 0.6035156 0.0260417 0.0242188
11 0.7023438 0.4714844 0.0234375 0.0289063
7 0.6835938 0.3125000 0.0171875 0.0218750
9 0.3541667 0.5449219 0.0250000 0.0242188
10 0.5486979 0.7210937 0.0213542 0.0218750
7 0.6856771 0.0765625 0.0234375 0.0250000
7 0.3723958 0.0792969 0.0156250 0.0335937
7 0.4304688 0.6871094 0.0255208 0.0242188
11 0.4531250 0.1183594 0.0250000 0.0367188
11 0.5304688 0.0363281 0.0223958 0.0335937
11 0.4013021 0.2082031 0.0203125 0.0335937
7 0.5588542 0.6957031 0.0239583 0.0226562
9 0.7330729 0.3921875 0.0213542 0.0328125
