0 0.7809896 0.6820312 0.0921875 0.0843750
2 0.6046875 0.3304687 0.0812500 0.0687500
3 0.3885417 0.4640625 0.0708333 0.1078125
3 0.4705729 0.7746094 0.0609375 0.1226562
1 0.6080729 0.5277344 0.0557292 0.0710937
2 0.4161458 0.6621094 0.0552083 0.1226562
1 0.7411458 0.5871094 0.1010417 0.0648438
1 0.7065104 0.5679688 0.0942708 0.0609375
4 0.4713542 0.7339844 0.0520833 0.1367188
4 0.5231771 0.1773437 0.0619792 0.1171875
1 0.6567708 0.5671875 0.0781250 0.0515625
3 0.6205729 0.7910156 0.0473958 0.1320312
3 0.4940104 0.2796875 0.0598958 0.0656250
3 0.4023438 0.4671875 0.0411458 0.0640625
4 0.4179688 0.3824219 0.0807292 0.0914062
4 0.4098958 0.8988281 0.0541667 0.0960938
4 0.5041667 0.4410156 0.0677083 0.0617188
2 0.4768229 0.3160156 0.0557292 0.1226562
3 0.5476562 0.5902344 0.0953125 0.0664062
3 0.6549479 0.3738281 0.1026042 0.0789062
1 0.4377604 0.6253906 0.0494792 0.1523438
3 0.6932292 0.5058594 0.0656250 0.0664062
4 0.7075521 0.1875000 0.0942708 0.0718750
1 0.2765625 0.9375000 0.0677083 0.0750000
2 0.2580729 0.6433594 0.0484375 0.1132812
2 0.6796875 0.5003906 0.0802083 0.0570312
5 0.4333333 0.5937500 0.0395833 0.0984375
2 0.3231771 0.3582031 0.0963542 0.1054688
4 0.3809896 0.9449219 0.0598958 0.1085938
3 0.8325521 0.5730469 0.0609375 0.1164063
3 0.3580729 0.5894531 0.0515625 0.1398437
2 0.5260417 0.5812500 0.0500000 0.1250000
0 0.2033854 0.3394531 0.0880208 0.1054688
3 0.3986979 0.6039062 0.0588542 0.1015625
1 0.4242187 0.8082031 0.0911458 0.0648438
5 0.5250000 0.3250000 0.0572917 0.1250000
1 0.4091146 0.4519531 0.0838542 0.0679687
0 0.6773438 0.2750000 0.0348958 0.1296875
3 0.5890625 0.1332031 0.0906250 0.0601563
2 0.6260417 0.2656250 0.0531250 0.0921875
0 0.5171875 0.2148438 0.0593750 0.0593750
5 0.3723958 0.3722656 0.0395833 0.1273438
1 0.5401042 0.7968750 0.0458333 0.1281250
1 0.6815104 0.6546875 0.0390625 0.0906250
0 0.2864583 0.1343750 0.0395833 0.1390625
3 0.7036458 0.6125000 0.0979167 0.0812500
0 0.6531250 0.6742187 0.0895833 0.0484375
0 0.7625000 0.5761719 0.0708333 0.1226562
1 0.3247396 0.6664062 0.0703125 0.1343750
4 0.7432292 0.1871094 0.0885417 0.0632812
0 0.3950521 0.4921875 0.0890625 0.0625000
2 0.4328125 0.6402344 0.0708333 0.0820312
5 0.3380208 0.9023438 0.0520833 0.1109375
1 0.3398438 0.3273437 0.0890625 0.0812500
0 0.3575521 0.4195313 0.0526042 0.1218750
4 0.3627604 0.7632813 0.0494792 0.1281250
7 0.6333333 0.6054688 0.0864583 0.0968750
8 0.5731771 0.7445312 0.0994792 0.1234375
11 0.7427083 0.7113281 0.0833333 0.0820312
6 0.6843750 0.3644531 0.0843750 0.1007813
10 0.3739583 0.3156250 0.0833333 0.0921875
11 0.5322917 0.7281250 0.0666667 0.1015625
8 0.6890625 0.8027344 0.0822917 0.0820312
11 0.5299479 0.7503906 0.0598958 0.1304687
6 0.5973958 0.7753906 0.0822917 0.0851563
7 0.5148438 0.9433594 0.0661458 0.1117188
10 0.5703125 0.3242188 0.0770833 0.1171875
7 0.4161458 0.3839844 0.0604167 0.0820312
9 0.6252604 0.7031250 0.0703125 0.0812500
10 0.5880208 0.7644531 0.0645833 0.0789062
7 0.4867187 0.5457031 0.0703125 0.1132812
10 0.5950521 0.2910156 0.0776042 0.1367188
10 0.5723958 0.5031250 0.0562500 0.0859375
8 0.3898437 0.5851563 0.0807292 0.1343750
11 0.5578125 0.5878906 0.0822917 0.1320312
11 0.5539063 0.8703125 0.0734375 0.1296875
