3 0.7177083 0.4656250 0.0114583 0.0203125
0 0.4940104 0.2277344 0.0161458 0.0164063
1 0.4489583 0.4640625 0.0218750 0.0171875
3 0.5619792 0.5257812 0.0197917 0.0218750
2 0.6000000 0.6382813 0.0208333 0.0218750
0 0.4919271 0.5886719 0.0171875 0.0164063
3 0.6044271 0.4136719 0.0140625 0.0195312
3 0.3471354 0.3890625 0.0109375 0.0281250
4 0.4549479 0.4652344 0.0140625 0.0242188
2 0.3552083 0.3085938 0.0218750 0.0171875
3 0.3807292 0.2707031 0.0177083 0.0257812
1 0.5906250 0.5171875 0.0177083 0.0203125
0 0.7244792 0.5664062 0.0218750 0.0203125
3 0.5963542 0.5710937 0.0166667 0.0171875
4 0.5570312 0.6191406 0.0255208 0.0148437
0 0.5994792 0.1847656 0.0114583 0.0226562
2 0.4434896 0.5082031 0.0182292 0.0273438
2 0.4695313 0.7027344 0.0171875 0.0289063
5 0.4960938 0.3535156 0.0109375 0.0289063
0 0.5750000 0.1804688 0.0197917 0.0234375
5 0.4768229 0.7550781 0.0203125 0.0242188
2 0.3075521 0.5785156 0.0119792 0.0226562
4 0.5864583 0.1062500 0.0135417 0.0265625
5 0.1786458 0.6597656 0.0177083 0.0289063
3 0.5598958 0.5226563 0.0218750 0.0187500
4 0.6359375 0.4296875 0.0250000 0.0156250
0 0.4710937 0.6507812 0.0151042 0.0234375
0 0.4408854 0.1566406 0.0140625 0.0164063
3 0.5804687 0.4039063 0.0182292 0.0187500
3 0.6127604 0.4441406 0.0203125 0.0210938
3 0.6765625 0.4789062 0.0135417 0.0203125
1 0.5549479 0.4718750 0.0203125 0.0203125
2 0.6812500 0.7273437 0.0104167 0.0203125
2 0.5507812 0.5738281 0.0213542 0.0164063
1 0.5799479 0.7808594 0.0161458 0.0210938
1 0.6270833 0.4917969 0.0135417 0.0195312
4 0.5817708 0.4417969 0.0197917 0.0242188
5 0.2486979 0.4308594 0.0213542 0.0257812
4 0.5658854 0.3652344 0.0140625 0.0210938
0 0.7583333 0.6710938 0.0125000 0.0171875
1 0.6325521 0.5898438 0.0244792 0.0187500
5 0.5218750 0.4320312 0.0093750 0.0296875
5 0.3802083 0.4425781 0.0145833 0.0304687
4 0.6393229 0.3417969 0.0234375 0.0164063
5 0.4432292 0.0250000 0.0208333 0.0250000
5 0.5184896 0.7472656 0.0234375 0.0164063
3 0.3559896 0.5296875 0.0119792 0.0218750
3 0.4838542 0.7187500 0.0197917 0.0281250
1 0.2799479 0.2031250 0.0234375 0.0171875
2 0.3372396 0.7789063 0.0234375 0.0171875
3 0.5106771 0.1582031 0.0234375 0.0164063
3 0.5494792 0.2105469 0.0156250 0.0210938
2 0.3179688 0.5023437 0.0088542 0.0296875
5 0.7338542 0.6644531 0.0239583 0.0210938
1 0.4432292 0.4320312 0.0114583 0.0218750
3 0.6674479 0.6679688 0.0223958 0.0156250
4 0.5585938 0.3105469 0.0140625 0.0351562
0 0.6557292 0.5500000 0.0114583 0.0218750
1 0.6239583 0.4460938 0.0218750 0.0203125
5 0.6539063 0.1816406 0.0140625 0.0351562
4 0.4731771 0.3210938 0.0130208 0.0187500
5 0.5174479 0.8164062 0.0203125 0.0296875
0 0.7117187 0.5359375 0.0192708 0.0156250
0 0.5486979 0.3957031 0.0244792 0.0164063
0 0.6716146 0.4976563 0.0140625 0.0218750
0 0.5674479 0.3929687 0.0244792 0.0125000
3 0.6802083 0.5507812 0.0125000 0.0234375
3 0.3960938 0.8195313 0.0234375 0.0171875
0 0.4708333 0.7808594 0.0145833 0.0351562
4 0.7010417 0.9257812 0.0208333 0.0171875
3 0.4716146 0.6972656 0.0119792 0.0226562
3 0.5734375 0.5234375 0.0229167 0.0250000
7 0.3841146 0.1937500 0.0140625 0.0312500
10 0.6807292 0.4417969 0.0229167 0.0226562
10 0.7044271 0.5777344 0.0234375 0.0242188
11 0.5734375 0.5367188 0.0187500 0.0203125
9 0.5481771 0.4503906 0.0192708 0.0210938
10 0.5244792 0.0906250 0.0208333 0.0234375
10 0.3515625 0.2636719 0.0177083 0.0320312
