1 0.6302083 0.5957031 0.0687500 0.0664062
0 0.4986979 0.6320313 0.0807292 0.0687500
2 0.6747396 0.8347656 0.0661458 0.0632812
5 0.3812500 0.3960938 0.0520833 0.0578125
3 0.6450521 0.2878906 0.0390625 0.1179687
2 0.4174479 0.5578125 0.0442708 0.0687500
4 0.6328125 0.4996094 0.0770833 0.0664062
3 0.6132812 0.5515625 0.0755208 0.0546875
1 0.7023438 0.1449219 0.0765625 0.0492187
2 0.3942708 0.8148437 0.0510417 0.1171875
0 0.2497396 0.4625000 0.0703125 0.0765625
4 0.5130208 0.6605469 0.0718750 0.0414062
1 0.3994792 0.6335937 0.0510417 0.0687500
3 0.4963542 0.9472656 0.0625000 0.0789062
0 0.4536458 0.5398437 0.0531250 0.0515625
5 0.5463542 0.3425781 0.0343750 0.0507812
0 0.6713542 0.6988281 0.0354167 0.0710937
4 0.3830729 0.2187500 0.0442708 0.0468750
1 0.7473958 0.4808594 0.0375000 0.0679687
1 0.2635417 0.4519531 0.0781250 0.0539063
0 0.6398438 0.1839844 0.0786458 0.0445313
3 0.3184896 0.3867188 0.0505208 0.0812500
4 0.4666667 0.5011719 0.0729167 0.0726563
4 0.7562500 0.3257813 0.0427083 0.0968750
3 0.5828125 0.1316406 0.0708333 0.0601563
1 0.3986979 0.7390625 0.0328125 0.1125000
3 0.6747396 0.1230469 0.0765625 0.0820312
4 0.4164062 0.5308594 0.0296875 0.0804688
5 0.6330729 0.8675781 0.0442708 0.1148437
0 0.5361979 0.8933594 0.0546875 0.0632812
2 0.6395833 0.5207031 0.0416667 0.0789062
5 0.4562500 0.4765625 0.0447917 0.0593750
2 0.7606771 0.3429687 0.0463542 0.1187500
4 0.7539062 0.3003906 0.0609375 0.0570312
1 0.6476563 0.0632812 0.0484375 0.1000000
0 0.7445312 0.5128906 0.0755208 0.0945312
1 0.6945313 0.4812500 0.0380208 0.0578125
2 0.2812500 0.4015625 0.0781250 0.0484375
4 0.5450521 0.3355469 0.0442708 0.0992187
4 0.3375000 0.8136719 0.0437500 0.1195313
4 0.5973958 0.6281250 0.0312500 0.0984375
0 0.5528646 0.7121094 0.0713542 0.0492187
3 0.7739583 0.6425781 0.0572917 0.0523438
5 0.5765625 0.3589844 0.0770833 0.0617188
3 0.6622396 0.4234375 0.0380208 0.0687500
3 0.7135417 0.4960938 0.0572917 0.1046875
2 0.5544271 0.4847656 0.0713542 0.0664062
2 0.7096354 0.5726562 0.0796875 0.0546875
0 0.4468750 0.8542969 0.0812500 0.0523438
2 0.7565104 0.4625000 0.0473958 0.0500000
4 0.4010417 0.4750000 0.0812500 0.0718750
4 0.6614583 0.6527344 0.0739583 0.0742188
0 0.5494792 0.1468750 0.0604167 0.0843750
3 0.3632812 0.2769531 0.0463542 0.1257813
2 0.7057292 0.2324219 0.0729167 0.0539063
4 0.3244792 0.6945313 0.0750000 0.0484375
4 0.5710937 0.5820312 0.0546875 0.0500000
4 0.7263021 0.8921875 0.0755208 0.0531250
1 0.6890625 0.3722656 0.0614583 0.0742188
0 0.5315104 0.3480469 0.0713542 0.0507812
0 0.2880208 0.3839844 0.0687500 0.0789062
0 0.5273438 0.4500000 0.0609375 0.0515625
0 0.5312500 0.7953125 0.0677083 0.0484375
1 0.3174479 0.8921875 0.0328125 0.1140625
3 0.3890625 0.1578125 0.0437500 0.1093750
1 0.3398438 0.7988281 0.0515625 0.1007813
0 0.6851563 0.6906250 0.0369792 0.0906250
3 0.7101563 0.5984375 0.0453125 0.0937500
0 0.7033854 0.5410156 0.0682292 0.0773438
4 0.4578125 0.6902344 0.0343750 0.1148437
3 0.4393229 0.5535156 0.0598958 0.0804688
4 0.5994792 0.5394531 0.0500000 0.0992187
4 0.7114583 0.5914063 0.0468750 0.0765625
2 0.4888021 0.0695313 0.0453125 0.0796875
0 0.3604167 0.8464844 0.0520833 0.0539063
4 0.5911458 0.7347656 0.0531250 0.0851563
3 0.5539063 0.5371094 0.0723958 0.0539063
7 0.5299479 0.5871094 0.0703125 0.0679687
6 0.6658854 0.2574219 0.0578125 0.1039063
11 0.5583333 0.7253906 0.0645833 0.0898438
9 0.5833333 0.4062500 0.0479167 0.0796875
11 0.3734375 0.3515625 0.0760417 0.0968750
10 0.2882812 0.7609375 0.0734375 0.0718750
10 0.4156250 0.5238281 0.0687500 0.0695313
6 0.3520833 0.6902344 0.0520833 0.1007813
6 0.7031250 0.3121094 0.0770833 0.0742188
7 0.5070313 0.1453125 0.0453125 0.1109375
9 0.7700521 0.3773437 0.0744792 0.0859375
6 0.5677083 0.2644531 0.0677083 0.0679687
7 0.4789062 0.6605469 0.0411458 0.0804688
9 0.3559896 0.5125000 0.0807292 0.0890625
10 0.5229167 0.5187500 0.0677083 0.0796875
8 0.3606771 0.3542969 0.0744792 0.0835937
11 0.5463542 0.7972656 0.0604167 0.0898438
6 0.3796875 0.1871094 0.0739583 0.0773438
