4 0.3765625 0.5007812 0.0302083 0.0265625
3 0.6531250 0.7757812 0.0364583 0.0250000
3 0.3726563 0.4273438 0.0307292 0.0250000
0 0.5416667 0.6699219 0.0250000 0.0273438
3 0.5888021 0.3292969 0.0411458 0.0367188
5 0.4031250 0.5902344 0.0395833 0.0273438
5 0.6117187 0.5003906 0.0203125 0.0445313
1 0.5924479 0.3621094 0.0401042 0.0273438
1 0.4841146 0.7050781 0.0328125 0.0460938
0 0.6174479 0.1429688 0.0401042 0.0281250
0 0.4997396 0.1710937 0.0265625 0.0343750
5 0.7125000 0.7144531 0.0187500 0.0554687
1 0.3085938 0.2253906 0.0421875 0.0289063
0 0.6822917 0.6792969 0.0166667 0.0335937
2 0.3473958 0.4042969 0.0281250 0.0304687
2 0.7968750 0.3988281 0.0416667 0.0367188
4 0.6664062 0.3714844 0.0296875 0.0351562
3 0.4447917 0.8585938 0.0208333 0.0265625
1 0.5783854 0.5839844 0.0442708 0.0351562
5 0.5911458 0.0843750 0.0302083 0.0546875
0 0.7096354 0.5148438 0.0380208 0.0375000
0 0.3434896 0.4984375 0.0234375 0.0609375
1 0.4333333 0.2210938 0.0260417 0.0515625
1 0.7515625 0.6773438 0.0270833 0.0546875
0 0.4994792 0.2199219 0.0260417 0.0507812
0 0.4505208 0.2062500 0.0229167 0.0640625
5 0.3927083 0.5699219 0.0406250 0.0304687
0 0.3486979 0.6058594 0.0369792 0.0335937
2 0.3296875 0.2304688 0.0197917 0.0656250
5 0.7023438 0.4320312 0.0390625 0.0343750
0 0.7703125 0.6773438 0.0364583 0.0437500
5 0.3617187 0.6984375 0.0401042 0.0437500
3 0.6710938 0.5027344 0.0401042 0.0304687
3 0.4575521 0.2234375 0.0359375 0.0359375
3 0.3809896 0.2449219 0.0161458 0.0570312
3 0.6341146 0.7699219 0.0213542 0.0351562
5 0.5815104 0.3976562 0.0213542 0.0609375
4 0.4369792 0.4640625 0.0302083 0.0265625
1 0.4411458 0.7765625 0.0197917 0.0359375
5 0.6229167 0.8257813 0.0260417 0.0531250
2 0.5520833 0.9093750 0.0281250 0.0375000
1 0.4161458 0.5160156 0.0239583 0.0351562
0 0.7710938 0.2363281 0.0401042 0.0289063
2 0.5908854 0.7570313 0.0244792 0.0500000
4 0.7062500 0.0851563 0.0375000 0.0265625
10 0.6747396 0.5742188 0.0369792 0.0359375
11 0.4921875 0.1738281 0.0385417 0.0382813
8 0.3445313 0.4359375 0.0338542 0.0593750
11 0.6166667 0.3324219 0.0375000 0.0445313
11 0.3398438 0.4515625 0.0369792 0.0359375
