2 0.4260417 0.8003906 0.0177083 0.0226562
4 0.6265625 0.6871094 0.0229167 0.0242188
4 0.5812500 0.3964844 0.0270833 0.0273438
2 0.4786458 0.3406250 0.0239583 0.0171875
2 0.5333333 0.3687500 0.0166667 0.0234375
4 0.2062500 0.3019531 0.0135417 0.0398437
3 0.7541667 0.5964844 0.0250000 0.0226562
0 0.4708333 0.1335938 0.0187500 0.0156250
2 0.4166667 0.5000000 0.0177083 0.0390625
5 0.4372396 0.4683594 0.0203125 0.0320312
4 0.6255208 0.3214844 0.0250000 0.0179687
3 0.4638021 0.4656250 0.0234375 0.0218750
4 0.5468750 0.3859375 0.0260417 0.0250000
2 0.3445313 0.3710938 0.0203125 0.0218750
3 0.6213542 0.5371094 0.0177083 0.0226562
1 0.4299479 0.6027344 0.0276042 0.0164063
5 0.7528646 0.4421875 0.0223958 0.0203125
0 0.4385417 0.2937500 0.0135417 0.0437500
5 0.2906250 0.3433594 0.0197917 0.0320312
3 0.4911458 0.5722656 0.0291667 0.0210938
0 0.6505208 0.6507812 0.0291667 0.0203125
0 0.7000000 0.1980469 0.0270833 0.0195312
1 0.6145833 0.2289063 0.0229167 0.0187500
5 0.4783854 0.3718750 0.0234375 0.0187500
9 0.3744792 0.2406250 0.0270833 0.0359375
8 0.6710938 0.3031250 0.0171875 0.0359375
