4 0.4028646 0.4640625 0.0130208 0.0218750
0 0.5458333 0.5878906 0.0239583 0.0210938
4 0.6916667 0.7417969 0.0239583 0.0179687
5 0.6898437 0.4250000 0.0234375 0.0187500
0 0.5505208 0.6003906 0.0177083 0.0242188
2 0.5302083 0.5082031 0.0145833 0.0242188
2 0.3015625 0.4015625 0.0229167 0.0250000
6 0.5127604 0.8648438 0.0223958 0.0343750
7 0.5273438 0.2457031 0.0151042 0.0226562
8 0.5958333 0.2882812 0.0166667 0.0375000
6 0.3325521 0.2460938 0.0171875 0.0359375
9 0.6536458 0.3875000 0.0260417 0.0250000
6 0.4330729 0.6835938 0.0203125 0.0218750
10 0.2851562 0.7046875 0.0244792 0.0234375
8 0.5937500 0.3824219 0.0166667 0.0367188
7 0.5570312 0.6921875 0.0182292 0.0281250
9 0.3851562 0.8367187 0.0223958 0.0375000
9 0.2708333 0.4902344 0.0260417 0.0335937
6 0.4179688 0.8152344 0.0234375 0.0257812
9 0.4320312 0.6101562 0.0244792 0.0250000
10 0.7320313 0.4726562 0.0171875 0.0328125
9 0.5145833 0.7792969 0.0166667 0.0273438
8 0.4539063 0.2519531 0.0223958 0.0320312
7 0.5731771 0.2023437 0.0171875 0.0359375
8 0.6427083 0.2957031 0.0208333 0.0351562
9 0.5221354 0.4261719 0.0244792 0.0257812
