1 0.3445313 0.3710938 0.0359375 0.0531250
3 0.4359375 0.3660156 0.0833333 0.0585938
0 0.4567708 0.4007812 0.0697917 0.1156250
4 0.5236979 0.6609375 0.0588542 0.0906250
0 0.6682292 0.6503906 0.0750000 0.0679687
3 0.6895833 0.5921875 0.0697917 0.1000000
5 0.3395833 0.2449219 0.0822917 0.0585938
5 0.6549479 0.6085938 0.0505208 0.0984375
3 0.7283854 0.4128906 0.0359375 0.1039063
5 0.3869792 0.2847656 0.0385417 0.0570312
0 0.7554688 0.2117188 0.0859375 0.0578125
0 0.5054688 0.3082031 0.0411458 0.0554687
4 0.4361979 0.4898438 0.0421875 0.0562500
1 0.6151042 0.2492187 0.0458333 0.0609375
3 0.4028646 0.5941406 0.0703125 0.0726563
2 0.3403646 0.6859375 0.0588542 0.0796875
10 0.4578125 0.4035156 0.0562500 0.0851563
10 0.3208333 0.5015625 0.0729167 0.0843750
11 0.2677083 0.1664063 0.0760417 0.0750000
8 0.8403646 0.6542969 0.0859375 0.0898438
11 0.7291667 0.3617187 0.0750000 0.0796875
9 0.6145833 0.4035156 0.0708333 0.0867187
11 0.5567708 0.3621094 0.0572917 0.1320312
9 0.6187500 0.3609375 0.0781250 0.1078125
10 0.4953125 0.6238281 0.0843750 0.1117188
8 0.5114583 0.4589844 0.0750000 0.0804688
6 0.7007813 0.7785156 0.0578125 0.0851563
7 0.2901042 0.3515625 0.0760417 0.0734375
7 0.5807292 0.3226562 0.0854167 0.1250000
10 0.5164062 0.3914063 0.0703125 0.0687500
