5 0.5067708 0.5773438 0.0312500 0.0343750
0 0.4963542 0.4781250 0.0218750 0.0359375
2 0.4580729 0.5253906 0.0192708 0.0335937
1 0.4596354 0.8421875 0.0223958 0.0359375
2 0.5059896 0.3320312 0.0265625 0.0296875
5 0.3658854 0.7992187 0.0130208 0.0406250
2 0.6468750 0.8125000 0.0270833 0.0234375
2 0.4789062 0.5730469 0.0328125 0.0257812
0 0.7117187 0.2566406 0.0296875 0.0226562
3 0.5341146 0.6960937 0.0265625 0.0281250
2 0.4382813 0.3554688 0.0223958 0.0250000
1 0.3979167 0.9222656 0.0135417 0.0445313
4 0.3929687 0.7621094 0.0192708 0.0429688
4 0.6325521 0.6687500 0.0244792 0.0375000
2 0.6242188 0.1199219 0.0130208 0.0460938
5 0.5619792 0.3167969 0.0197917 0.0304687
0 0.5596354 0.4531250 0.0213542 0.0453125
1 0.5958333 0.2894531 0.0281250 0.0210938
1 0.5403646 0.1953125 0.0296875 0.0234375
1 0.5888021 0.5449219 0.0171875 0.0242188
3 0.6789063 0.3242188 0.0307292 0.0234375
2 0.4807292 0.5925781 0.0135417 0.0226562
5 0.2921875 0.5371094 0.0218750 0.0351562
4 0.5906250 0.5703125 0.0302083 0.0218750
0 0.6346354 0.4660156 0.0182292 0.0335937
0 0.4627604 0.6156250 0.0182292 0.0296875
1 0.4203125 0.2617188 0.0270833 0.0296875
1 0.3882813 0.6519531 0.0286458 0.0257812
4 0.7697917 0.5621094 0.0281250 0.0257812
5 0.6247396 0.2335937 0.0171875 0.0296875
3 0.3458333 0.2414062 0.0187500 0.0296875
4 0.4091146 0.6546875 0.0192708 0.0265625
1 0.5125000 0.7203125 0.0260417 0.0390625
1 0.6583333 0.4988281 0.0302083 0.0226562
2 0.6640625 0.3167969 0.0260417 0.0367188
0 0.5513021 0.3761719 0.0171875 0.0320312
2 0.5927083 0.7550781 0.0125000 0.0445313
0 0.4648438 0.6734375 0.0119792 0.0437500
5 0.4770833 0.4976563 0.0291667 0.0281250
4 0.4455729 0.8007812 0.0151042 0.0250000
1 0.5408854 0.3031250 0.0265625 0.0296875
9 0.5385417 0.4261719 0.0281250 0.0351562
11 0.4789062 0.7238281 0.0203125 0.0304687
7 0.6880208 0.5816406 0.0322917 0.0304687
7 0.5255208 0.5414062 0.0197917 0.0453125
9 0.6859375 0.3648438 0.0281250 0.0328125
11 0.4309896 0.7968750 0.0276042 0.0421875
11 0.7114583 0.5605469 0.0208333 0.0304687
