5 0.6164063 0.6742187 0.0734375 0.0609375
0 0.4773438 0.4398437 0.0776042 0.0546875
0 0.3617187 0.3269531 0.0869792 0.0539063
1 0.6567708 0.6261719 0.0802083 0.0570312
5 0.6718750 0.5914063 0.0531250 0.0671875
1 0.6953125 0.6464844 0.0531250 0.0648438
4 0.4268229 0.7976562 0.0796875 0.0718750
5 0.6247396 0.1914062 0.0713542 0.0812500
5 0.5882812 0.5746094 0.0859375 0.0585938
0 0.7125000 0.4851563 0.0718750 0.0796875
2 0.6609375 0.6281250 0.0791667 0.0531250
3 0.6377604 0.8261719 0.0817708 0.0789062
2 0.5713542 0.7648438 0.0635417 0.1015625
2 0.6903646 0.6312500 0.0859375 0.0609375
4 0.4916667 0.8136719 0.0781250 0.0710937
0 0.2854167 0.3613281 0.0781250 0.0789062
4 0.6864583 0.3558594 0.0541667 0.0945312
2 0.7192708 0.4644531 0.0572917 0.0898438
1 0.3976562 0.3261719 0.0536458 0.0570312
1 0.7671875 0.6234375 0.0447917 0.1062500
4 0.4742188 0.2835937 0.0557292 0.0640625
3 0.6838542 0.6203125 0.0364583 0.1250000
1 0.4484375 0.4050781 0.0458333 0.0757812
2 0.5916667 0.2605469 0.0739583 0.0679687
0 0.6700521 0.0519531 0.0432292 0.1039063
4 0.3385417 0.1183594 0.0333333 0.1164063
0 0.6213542 0.2699219 0.0812500 0.0585938
5 0.5614583 0.4937500 0.0375000 0.0984375
1 0.5070313 0.7195312 0.0380208 0.0546875
1 0.4351563 0.2187500 0.0421875 0.0578125
1 0.7713542 0.4953125 0.0718750 0.0843750
3 0.4130208 0.6464844 0.0510417 0.1101562
3 0.3156250 0.5570312 0.0812500 0.0562500
3 0.3539062 0.8386719 0.0682292 0.0617188
5 0.4679687 0.7941406 0.0713542 0.0804688
5 0.7945313 0.5945312 0.0765625 0.0703125
4 0.4596354 0.3621094 0.0505208 0.1039063
1 0.5861979 0.8382812 0.0505208 0.0625000
5 0.6513021 0.4984375 0.0453125 0.0937500
1 0.5109375 0.2949219 0.0760417 0.0492187
0 0.2924479 0.8453125 0.0786458 0.0484375
5 0.2565104 0.4925781 0.0651042 0.0960938
1 0.4135417 0.4750000 0.0333333 0.0718750
0 0.7125000 0.8851562 0.0833333 0.0593750
3 0.5541667 0.6226563 0.0593750 0.0656250
5 0.4671875 0.1078125 0.0708333 0.1093750
1 0.6812500 0.4613281 0.0864583 0.0710937
5 0.6546875 0.5394531 0.0812500 0.0554687
3 0.3619792 0.7796875 0.0812500 0.0546875
4 0.4018229 0.1421875 0.0515625 0.0593750
4 0.7648438 0.5046875 0.0723958 0.0953125
3 0.6473958 0.6480469 0.0875000 0.0601563
2 0.6596354 0.3097656 0.0776042 0.0601563
3 0.4645833 0.1269531 0.0406250 0.1070312
4 0.6755208 0.5511719 0.0416667 0.0914062
5 0.5283854 0.7570313 0.0640625 0.0937500
2 0.5921875 0.6597656 0.0760417 0.0445313
2 0.5398437 0.5652344 0.0390625 0.0773438
0 0.5859375 0.3253906 0.0343750 0.1007813
1 0.6421875 0.4406250 0.0687500 0.0750000
2 0.3507812 0.3757813 0.0786458 0.0562500
2 0.6143229 0.5375000 0.0765625 0.0593750
6 0.7346354 0.7625000 0.0567708 0.1203125
6 0.4085937 0.5992188 0.0692708 0.0765625
11 0.4875000 0.8039063 0.0687500 0.0718750
11 0.4083333 0.7640625 0.0781250 0.0750000
10 0.4210937 0.5777344 0.0526042 0.0945312
8 0.6901042 0.4863281 0.0791667 0.0882813
6 0.7846354 0.6058594 0.0640625 0.0960938
9 0.6390625 0.2355469 0.0750000 0.1070312
8 0.6406250 0.5082031 0.0625000 0.1148437
9 0.3843750 0.1488281 0.0583333 0.1117188
10 0.7002604 0.4011719 0.0671875 0.1054688
6 0.7354167 0.1753906 0.0781250 0.0851563
