3 0.6914062 0.4031250 0.0140625 0.0250000
4 0.4760417 0.5460938 0.0166667 0.0187500
4 0.5151042 0.8839844 0.0229167 0.0257812
3 0.3809896 0.3875000 0.0130208 0.0187500
2 0.5838542 0.8218750 0.0187500 0.0375000
2 0.4187500 0.5886719 0.0281250 0.0210938
3 0.3273437 0.7750000 0.0130208 0.0218750
2 0.2346354 0.6722656 0.0192708 0.0351562
4 0.6481771 0.8027344 0.0140625 0.0367188
2 0.4882812 0.8085938 0.0203125 0.0203125
0 0.6085938 0.8410156 0.0276042 0.0179687
3 0.6572917 0.6625000 0.0197917 0.0265625
2 0.7028646 0.3769531 0.0286458 0.0242188
5 0.4018229 0.7859375 0.0203125 0.0390625
3 0.4411458 0.2058594 0.0270833 0.0179687
3 0.5554687 0.7437500 0.0213542 0.0343750
4 0.3916667 0.6265625 0.0250000 0.0187500
5 0.6101562 0.3183594 0.0255208 0.0210938
3 0.5580729 0.7511719 0.0151042 0.0367188
0 0.5817708 0.5816406 0.0166667 0.0382813
3 0.3361979 0.4613281 0.0119792 0.0304687
1 0.7096354 0.2605469 0.0265625 0.0164063
5 0.4166667 0.3910156 0.0270833 0.0210938
10 0.6205729 0.5808594 0.0223958 0.0304687
6 0.5968750 0.3843750 0.0177083 0.0375000
10 0.2992187 0.7003906 0.0171875 0.0414062
6 0.6018229 0.1179687 0.0265625 0.0265625
8 0.6382813 0.3343750 0.0244792 0.0234375
11 0.3463542 0.3410156 0.0250000 0.0242188
10 0.7158854 0.6972656 0.0255208 0.0242188
7 0.7177083 0.4707031 0.0260417 0.0289063
7 0.2471354 0.7398438 0.0192708 0.0359375
8 0.4807292 0.5058594 0.0177083 0.0304687
9 0.5960937 0.3074219 0.0276042 0.0304687
10 0.6169271 0.7960938 0.0213542 0.0359375
10 0.2781250 0.3152344 0.0156250 0.0382813
6 0.4169271 0.4921875 0.0161458 0.0343750
8 0.3421875 0.1839844 0.0260417 0.0320312
11 0.4515625 0.2097656 0.0177083 0.0414062
8 0.6981771 0.2292969 0.0255208 0.0242188
9 0.6747396 0.5226563 0.0265625 0.0281250
