3 0.6851563 0.7375000 0.0161458 0.0234375
0 0.4752604 0.3222656 0.0171875 0.0179687
1 0.5111979 0.2121094 0.0109375 0.0335937
3 0.6148438 0.8835937 0.0234375 0.0203125
4 0.3015625 0.3753906 0.0187500 0.0304687
0 0.3177083 0.3867188 0.0125000 0.0328125
1 0.5328125 0.5992188 0.0250000 0.0156250
3 0.7226562 0.3660156 0.0171875 0.0289063
0 0.6393229 0.6527344 0.0234375 0.0148437
0 0.6992188 0.2589844 0.0171875 0.0273438
2 0.4815104 0.0761719 0.0171875 0.0304687
0 0.6546875 0.3898437 0.0239583 0.0171875
0 0.4174479 0.3546875 0.0140625 0.0234375
4 0.6825521 0.6929688 0.0223958 0.0187500
3 0.5174479 0.2488281 0.0109375 0.0179687
0 0.6846354 0.4203125 0.0223958 0.0234375
5 0.2757812 0.5664062 0.0171875 0.0218750
1 0.4437500 0.4414062 0.0197917 0.0156250
4 0.3367188 0.6683594 0.0223958 0.0179687
0 0.6127604 0.2164062 0.0234375 0.0203125
0 0.5429688 0.2628906 0.0151042 0.0289063
1 0.7250000 0.7261719 0.0229167 0.0179687
2 0.5015625 0.4664063 0.0197917 0.0187500
0 0.7335938 0.2292969 0.0234375 0.0195312
2 0.4122396 0.6238281 0.0244792 0.0257812
3 0.6666667 0.5753906 0.0177083 0.0335937
4 0.5408854 0.6308594 0.0234375 0.0164063
5 0.4809896 0.3839844 0.0182292 0.0226562
2 0.5640625 0.1835938 0.0177083 0.0265625
0 0.2723958 0.6851563 0.0197917 0.0203125
1 0.5757813 0.2933594 0.0192708 0.0257812
4 0.6812500 0.6125000 0.0114583 0.0234375
5 0.3968750 0.2406250 0.0197917 0.0250000
4 0.6010417 0.1601562 0.0177083 0.0218750
3 0.6536458 0.4332031 0.0125000 0.0242188
5 0.6851563 0.4148438 0.0234375 0.0171875
3 0.6302083 0.3039062 0.0114583 0.0140625
4 0.5619792 0.6964844 0.0145833 0.0351562
6 0.5752604 0.1277344 0.0192708 0.0320312
