3 0.6190104 0.4363281 0.0255208 0.0210938
1 0.5614583 0.3941406 0.0239583 0.0304687
0 0.4906250 0.5375000 0.0125000 0.0234375
3 0.4325521 0.5753906 0.0223958 0.0210938
5 0.4708333 0.6628906 0.0229167 0.0179687
4 0.4861979 0.3632812 0.0213542 0.0187500
3 0.6523438 0.6640625 0.0244792 0.0187500
0 0.2703125 0.6226563 0.0125000 0.0187500
5 0.3895833 0.4113281 0.0114583 0.0226562
0 0.6505208 0.6324219 0.0145833 0.0367188
4 0.3768229 0.6332031 0.0234375 0.0195312
2 0.6179687 0.3167969 0.0255208 0.0179687
2 0.4085937 0.5300781 0.0171875 0.0398437
5 0.3901042 0.2476562 0.0145833 0.0312500
5 0.5414062 0.3246094 0.0213542 0.0179687
3 0.3820312 0.2992187 0.0130208 0.0265625
3 0.6815104 0.5703125 0.0192708 0.0390625
5 0.5953125 0.6957031 0.0197917 0.0179687
5 0.7473958 0.5980469 0.0145833 0.0257812
3 0.6677083 0.6097656 0.0260417 0.0226562
4 0.5242187 0.1273438 0.0151042 0.0234375
3 0.6088542 0.6324219 0.0197917 0.0210938
5 0.5484375 0.6929688 0.0156250 0.0234375
3 0.4294271 0.1398437 0.0130208 0.0234375
0 0.4401042 0.4386719 0.0250000 0.0257812
3 0.5450521 0.2195313 0.0140625 0.0390625
4 0.6906250 0.3964844 0.0239583 0.0257812
1 0.6286458 0.1851562 0.0260417 0.0156250
3 0.5236979 0.7269531 0.0234375 0.0273438
4 0.6067708 0.5664062 0.0104167 0.0203125
2 0.6393229 0.2156250 0.0255208 0.0234375
3 0.3466146 0.3484375 0.0140625 0.0312500
0 0.3013021 0.7421875 0.0234375 0.0156250
5 0.4906250 0.5472656 0.0239583 0.0195312
0 0.5723958 0.6921875 0.0229167 0.0218750
3 0.5122396 0.7296875 0.0192708 0.0203125
4 0.6825521 0.6636719 0.0223958 0.0257812
2 0.4630208 0.0996094 0.0156250 0.0195312
1 0.6880208 0.5546875 0.0229167 0.0156250
2 0.5489583 0.3882813 0.0250000 0.0203125
1 0.6463542 0.6171875 0.0229167 0.0156250
2 0.5638021 0.7582031 0.0244792 0.0226562
3 0.5885417 0.6152344 0.0145833 0.0179687
1 0.3166667 0.5937500 0.0229167 0.0171875
2 0.6463542 0.4800781 0.0239583 0.0210938
3 0.6630208 0.8117188 0.0250000 0.0234375
3 0.4341146 0.6457031 0.0161458 0.0242188
3 0.3960938 0.6207031 0.0244792 0.0164063
3 0.5265625 0.5421875 0.0218750 0.0312500
3 0.4617188 0.3531250 0.0244792 0.0296875
1 0.3976562 0.2832031 0.0255208 0.0179687
5 0.5278646 0.5523438 0.0151042 0.0343750
1 0.5372396 0.5812500 0.0234375 0.0156250
2 0.4479167 0.3777344 0.0125000 0.0273438
5 0.3492188 0.4703125 0.0244792 0.0203125
1 0.4476562 0.4593750 0.0151042 0.0343750
9 0.4854167 0.5632812 0.0260417 0.0328125
