0 0.5158854 0.4996094 0.0265625 0.0289063
3 0.4953125 0.5632812 0.0281250 0.0296875
2 0.3690104 0.3261719 0.0213542 0.0507812
5 0.6664062 0.5386719 0.0317708 0.0210938
2 0.5656250 0.5351562 0.0250000 0.0390625
3 0.5828125 0.6082031 0.0302083 0.0195312
4 0.6354167 0.7828125 0.0177083 0.0250000
0 0.4755208 0.2753906 0.0229167 0.0210938
4 0.6947917 0.3988281 0.0145833 0.0460938
1 0.4419271 0.0894531 0.0171875 0.0460938
4 0.4393229 0.8554688 0.0161458 0.0515625
1 0.6630208 0.4023438 0.0270833 0.0250000
2 0.5375000 0.4152344 0.0229167 0.0382813
4 0.4463542 0.1742188 0.0156250 0.0234375
0 0.7296875 0.4042969 0.0333333 0.0226562
0 0.5190104 0.3679688 0.0161458 0.0437500
1 0.6020833 0.3718750 0.0312500 0.0187500
1 0.5289063 0.3800781 0.0307292 0.0210938
0 0.7028646 0.6898437 0.0244792 0.0328125
1 0.4002604 0.2992187 0.0213542 0.0406250
0 0.3690104 0.3945312 0.0161458 0.0468750
0 0.5195312 0.2710938 0.0203125 0.0265625
5 0.4575521 0.4910156 0.0234375 0.0398437
5 0.3411458 0.4824219 0.0270833 0.0179687
2 0.6216146 0.4601562 0.0244792 0.0437500
3 0.6114583 0.1792969 0.0166667 0.0476562
5 0.7072917 0.6074219 0.0177083 0.0210938
3 0.6119792 0.6406250 0.0302083 0.0218750
4 0.6072917 0.1230469 0.0177083 0.0476562
1 0.5117188 0.3867188 0.0140625 0.0250000
2 0.7513021 0.3886719 0.0223958 0.0242188
2 0.6031250 0.7457031 0.0187500 0.0445313
5 0.6447917 0.6210938 0.0208333 0.0484375
4 0.6320313 0.6773438 0.0276042 0.0328125
3 0.5164062 0.4132812 0.0276042 0.0171875
2 0.4752604 0.7359375 0.0223958 0.0390625
5 0.5815104 0.4558594 0.0244792 0.0242188
4 0.8143229 0.6328125 0.0307292 0.0328125
3 0.5164062 0.8871094 0.0244792 0.0242188
2 0.4354167 0.4285156 0.0197917 0.0242188
1 0.6354167 0.4605469 0.0208333 0.0289063
5 0.3901042 0.2804687 0.0343750 0.0234375
0 0.4638021 0.3812500 0.0234375 0.0343750
1 0.5270833 0.5835938 0.0125000 0.0406250
0 0.2882812 0.2390625 0.0307292 0.0218750
2 0.3489583 0.3859375 0.0218750 0.0312500
3 0.5817708 0.6109375 0.0302083 0.0234375
0 0.5486979 0.1816406 0.0328125 0.0257812
4 0.6494792 0.4890625 0.0270833 0.0296875
4 0.6356771 0.7636719 0.0255208 0.0351562
5 0.4177083 0.9222656 0.0177083 0.0460938
2 0.3645833 0.5824219 0.0291667 0.0320312
1 0.6252604 0.3535156 0.0234375 0.0273438
3 0.3041667 0.5500000 0.0166667 0.0484375
5 0.5005208 0.5492187 0.0322917 0.0203125
3 0.4174479 0.1261719 0.0244792 0.0320312
0 0.2398437 0.5671875 0.0151042 0.0484375
3 0.7052083 0.5824219 0.0239583 0.0351562
3 0.6229167 0.6691406 0.0270833 0.0242188
5 0.4528646 0.7691406 0.0203125 0.0398437
5 0.6453125 0.3738281 0.0312500 0.0226562
2 0.4960938 0.3968750 0.0182292 0.0218750
0 0.3841146 0.6406250 0.0213542 0.0468750
1 0.4684896 0.2972656 0.0234375 0.0335937
5 0.6671875 0.6148438 0.0270833 0.0250000
0 0.6247396 0.0859375 0.0307292 0.0234375
3 0.3914063 0.3089844 0.0328125 0.0226562
5 0.4075521 0.6316406 0.0171875 0.0429688
0 0.6039062 0.2875000 0.0192708 0.0500000
5 0.6455729 0.4746094 0.0161458 0.0429688
0 0.6184896 0.7617188 0.0307292 0.0218750
5 0.3369792 0.6171875 0.0281250 0.0281250
5 0.5953125 0.3875000 0.0197917 0.0234375
4 0.4244792 0.6457031 0.0291667 0.0195312
3 0.5518229 0.4312500 0.0213542 0.0265625
0 0.6239583 0.5976562 0.0302083 0.0218750
4 0.4143229 0.7203125 0.0109375 0.0375000
10 0.5174479 0.1894531 0.0286458 0.0273438
9 0.5304688 0.2230469 0.0276042 0.0335937
9 0.5520833 0.7089844 0.0302083 0.0304687
7 0.3375000 0.2257812 0.0302083 0.0312500
9 0.5598958 0.7339844 0.0291667 0.0460938
10 0.7049479 0.6492187 0.0286458 0.0281250
