1 0.5960937 0.6753906 0.0140625 0.0195312
2 0.5833333 0.2886719 0.0250000 0.0210938
3 0.3619792 0.3226562 0.0145833 0.0234375
1 0.6476563 0.6222656 0.0255208 0.0179687
0 0.4039063 0.7425781 0.0234375 0.0179687
2 0.2820313 0.7285156 0.0213542 0.0273438
5 0.2929688 0.5933594 0.0119792 0.0320312
4 0.4682292 0.3976562 0.0239583 0.0156250
3 0.6533854 0.7136719 0.0255208 0.0179687
1 0.4622396 0.7003906 0.0130208 0.0195312
5 0.2940104 0.5496094 0.0130208 0.0226562
3 0.6848958 0.4574219 0.0239583 0.0179687
1 0.6955729 0.7359375 0.0088542 0.0343750
3 0.2598958 0.7898437 0.0208333 0.0281250
4 0.5169271 0.5242187 0.0244792 0.0187500
3 0.3848958 0.3582031 0.0156250 0.0242188
2 0.5679688 0.3972656 0.0213542 0.0195312
5 0.5593750 0.7867188 0.0250000 0.0171875
2 0.6130208 0.5410156 0.0156250 0.0210938
5 0.6893229 0.5726562 0.0182292 0.0312500
2 0.5367188 0.2941406 0.0119792 0.0242188
5 0.5250000 0.0937500 0.0125000 0.0171875
4 0.3979167 0.4679687 0.0229167 0.0140625
5 0.6169271 0.5113281 0.0151042 0.0257812
4 0.6127604 0.5332031 0.0088542 0.0164063
4 0.5054688 0.4976563 0.0223958 0.0140625
2 0.1557292 0.4464844 0.0229167 0.0164063
5 0.5838542 0.5312500 0.0208333 0.0187500
0 0.4257812 0.8453125 0.0223958 0.0250000
2 0.4723958 0.7050781 0.0114583 0.0320312
1 0.7010417 0.8289062 0.0250000 0.0156250
2 0.6328125 0.4562500 0.0145833 0.0343750
1 0.3697917 0.3843750 0.0135417 0.0203125
0 0.5937500 0.7355469 0.0125000 0.0367188
0 0.5247396 0.5476562 0.0182292 0.0171875
2 0.5382813 0.4847656 0.0140625 0.0304687
0 0.6838542 0.2359375 0.0166667 0.0234375
3 0.5705729 0.4550781 0.0182292 0.0195312
1 0.4708333 0.4691406 0.0218750 0.0164063
8 0.6325521 0.5144531 0.0234375 0.0273438
11 0.6419271 0.2972656 0.0140625 0.0210938
9 0.4791667 0.4722656 0.0218750 0.0210938
6 0.4598958 0.3937500 0.0177083 0.0343750
9 0.4843750 0.8726563 0.0166667 0.0218750
8 0.6291667 0.5886719 0.0145833 0.0273438
10 0.6539063 0.3726563 0.0151042 0.0312500
11 0.7257813 0.3062500 0.0223958 0.0234375
