0 0.4187500 0.5898438 0.0187500 0.0343750
0 0.5552083 0.7339844 0.0385417 0.0257812
4 0.4187500 0.3578125 0.0322917 0.0359375
2 0.4283854 0.5695313 0.0255208 0.0343750
0 0.5236979 0.1492188 0.0192708 0.0234375
2 0.6718750 0.6898437 0.0302083 0.0375000
4 0.5671875 0.5722656 0.0406250 0.0289063
4 0.6776042 0.1277344 0.0197917 0.0351562
2 0.3888021 0.5640625 0.0171875 0.0421875
3 0.5875000 0.7167969 0.0229167 0.0492187
2 0.7385417 0.6753906 0.0364583 0.0304687
2 0.5901042 0.8253906 0.0343750 0.0304687
0 0.6721354 0.3804688 0.0380208 0.0312500
5 0.5953125 0.2781250 0.0385417 0.0265625
3 0.5145833 0.4375000 0.0208333 0.0296875
5 0.4971354 0.0398437 0.0369792 0.0296875
3 0.6289062 0.4324219 0.0296875 0.0289063
3 0.6140625 0.7789063 0.0239583 0.0578125
4 0.4976563 0.4253906 0.0276042 0.0507812
0 0.2661458 0.7210937 0.0364583 0.0359375
5 0.7419271 0.6730469 0.0390625 0.0320312
1 0.4062500 0.5210938 0.0364583 0.0265625
0 0.4937500 0.2222656 0.0166667 0.0398437
0 0.5716146 0.8117188 0.0171875 0.0312500
4 0.5179687 0.4847656 0.0328125 0.0273438
0 0.3161458 0.7316406 0.0333333 0.0351562
0 0.7197917 0.2378906 0.0343750 0.0257812
4 0.5442708 0.9800781 0.0270833 0.0382813
0 0.5664062 0.3464844 0.0369792 0.0320312
1 0.5013021 0.8277344 0.0369792 0.0226562
2 0.5630208 0.5933594 0.0208333 0.0335937
4 0.5916667 0.2046875 0.0177083 0.0421875
2 0.5184896 0.7695312 0.0359375 0.0359375
2 0.6690104 0.4460938 0.0234375 0.0343750
0 0.4234375 0.5878906 0.0343750 0.0367188
1 0.3809896 0.4765625 0.0182292 0.0281250
3 0.7661458 0.4363281 0.0281250 0.0492187
0 0.5171875 0.3625000 0.0354167 0.0281250
0 0.5364583 0.6015625 0.0312500 0.0234375
5 0.4820313 0.7250000 0.0338542 0.0390625
5 0.5401042 0.4867187 0.0354167 0.0343750
3 0.5895833 0.4589844 0.0250000 0.0304687
1 0.3606771 0.3113281 0.0182292 0.0257812
5 0.5028646 0.6484375 0.0234375 0.0265625
4 0.7000000 0.2718750 0.0260417 0.0250000
0 0.2317708 0.7714844 0.0208333 0.0585938
4 0.5036458 0.7492188 0.0229167 0.0375000
4 0.6796875 0.8003906 0.0187500 0.0554687
0 0.6997396 0.4742188 0.0182292 0.0296875
2 0.6750000 0.1898438 0.0291667 0.0265625
0 0.5283854 0.6707031 0.0265625 0.0414062
3 0.6158854 0.5871094 0.0286458 0.0539063
3 0.4567708 0.3851562 0.0322917 0.0250000
0 0.6815104 0.2531250 0.0411458 0.0218750
4 0.3312500 0.1812500 0.0218750 0.0265625
3 0.3341146 0.9343750 0.0171875 0.0531250
2 0.5447917 0.6585937 0.0375000 0.0265625
1 0.4473958 0.5957031 0.0312500 0.0507812
4 0.5520833 0.8023438 0.0354167 0.0218750
1 0.4205729 0.3542969 0.0359375 0.0273438
11 0.5268229 0.6433594 0.0328125 0.0335937
11 0.4752604 0.6453125 0.0244792 0.0468750
9 0.7622396 0.4750000 0.0390625 0.0453125
9 0.6666667 0.4640625 0.0406250 0.0437500
10 0.5354167 0.7484375 0.0229167 0.0484375
11 0.3489583 0.3390625 0.0364583 0.0359375
8 0.4046875 0.5191406 0.0364583 0.0367188
7 0.7273437 0.6730469 0.0328125 0.0320312
10 0.5458333 0.8175781 0.0333333 0.0335937
