1 0.6760417 0.3835938 0.0906250 0.0562500
3 0.4419271 0.2183594 0.0515625 0.0960938
1 0.6406250 0.7632813 0.0697917 0.0562500
4 0.4585938 0.8210937 0.0515625 0.1156250
0 0.4351563 0.7230469 0.0817708 0.0789062
5 0.5757813 0.7273437 0.0859375 0.0609375
3 0.5255208 0.6996094 0.0791667 0.0570312
5 0.6125000 0.7578125 0.0875000 0.0750000
2 0.5013021 0.8753906 0.0880208 0.0632812
1 0.4333333 0.3796875 0.0447917 0.0890625
2 0.6411458 0.4816406 0.0479167 0.0601563
1 0.4859375 0.3695312 0.0708333 0.0687500
4 0.5554687 0.6722656 0.0723958 0.0632812
3 0.5705729 0.6406250 0.0880208 0.0531250
1 0.2263021 0.7644531 0.0859375 0.0710937
1 0.4817708 0.8148437 0.0427083 0.1328125
2 0.5575521 0.3503906 0.0671875 0.1101562
5 0.5479167 0.8750000 0.0541667 0.1234375
5 0.2419271 0.5320312 0.0411458 0.1296875
1 0.6203125 0.5554687 0.0708333 0.0625000
2 0.7119792 0.7699219 0.0864583 0.0601563
1 0.5854167 0.2664063 0.0812500 0.0562500
4 0.5658854 0.5710937 0.0526042 0.0703125
2 0.5851563 0.5535156 0.0578125 0.1320312
5 0.6036458 0.3750000 0.0677083 0.0593750
5 0.6486979 0.5449219 0.0765625 0.0664062
6 0.3765625 0.2960937 0.0697917 0.0937500
11 0.4927083 0.8910156 0.0812500 0.1039063
