2 0.7052083 0.5644531 0.0218750 0.0617188
1 0.5635417 0.4972656 0.0364583 0.0242188
4 0.3796875 0.6234375 0.0302083 0.0359375
4 0.6648437 0.6097656 0.0390625 0.0273438
5 0.5338542 0.4246094 0.0364583 0.0273438
0 0.6669271 0.3621094 0.0213542 0.0226562
4 0.4916667 0.3996094 0.0343750 0.0257812
2 0.7364583 0.5343750 0.0197917 0.0531250
2 0.5445313 0.4996094 0.0317708 0.0460938
3 0.4622396 0.4062500 0.0296875 0.0500000
3 0.6945313 0.6703125 0.0286458 0.0515625
4 0.6218750 0.8273438 0.0354167 0.0265625
2 0.5627604 0.8097656 0.0338542 0.0242188
3 0.4786458 0.4578125 0.0270833 0.0421875
3 0.6427083 0.6511719 0.0197917 0.0554687
2 0.3630208 0.3695312 0.0312500 0.0234375
5 0.3513021 0.7277344 0.0296875 0.0414062
4 0.4359375 0.4691406 0.0187500 0.0554687
11 0.4398437 0.5808594 0.0265625 0.0382813
11 0.5585938 0.1066406 0.0359375 0.0382813
11 0.4453125 0.2386719 0.0302083 0.0398437
9 0.5846354 0.6031250 0.0307292 0.0421875
9 0.7815104 0.5457031 0.0359375 0.0351562
8 0.5565104 0.3398438 0.0234375 0.0515625
7 0.6054688 0.5386719 0.0317708 0.0382813
7 0.6080729 0.3578125 0.0203125 0.0453125
9 0.4283854 0.3691406 0.0338542 0.0507812
9 0.3669271 0.6101562 0.0276042 0.0328125
7 0.4106771 0.2875000 0.0223958 0.0343750
7 0.4515625 0.2175781 0.0229167 0.0523438
6 0.4367187 0.5195312 0.0223958 0.0343750
6 0.5984375 0.8632812 0.0322917 0.0437500
8 0.5682292 0.3089844 0.0354167 0.0351562
7 0.2593750 0.8035156 0.0395833 0.0460938
10 0.5479167 0.5500000 0.0333333 0.0453125
7 0.5875000 0.2726562 0.0354167 0.0421875
