1 0.4664063 0.6398438 0.0171875 0.0500000
1 0.4375000 0.5246094 0.0197917 0.0335937
5 0.4838542 0.1871094 0.0312500 0.0414062
5 0.4875000 0.2390625 0.0166667 0.0437500
5 0.4546875 0.5828125 0.0166667 0.0359375
0 0.5567708 0.5507812 0.0354167 0.0234375
0 0.6914062 0.4093750 0.0338542 0.0296875
3 0.6437500 0.7175781 0.0260417 0.0523438
0 0.7067708 0.5945312 0.0343750 0.0234375
1 0.6190104 0.7378906 0.0244792 0.0476562
3 0.5135417 0.4296875 0.0322917 0.0296875
0 0.6174479 0.7027344 0.0286458 0.0398437
0 0.5966146 0.5441406 0.0161458 0.0507812
0 0.6648437 0.3113281 0.0369792 0.0242188
0 0.3536458 0.4917969 0.0208333 0.0367188
3 0.7320313 0.2195313 0.0265625 0.0296875
3 0.7091146 0.7578125 0.0338542 0.0265625
1 0.5294271 0.6218750 0.0203125 0.0500000
2 0.7372396 0.4957031 0.0276042 0.0476562
5 0.3486979 0.6507812 0.0182292 0.0281250
5 0.6843750 0.4285156 0.0281250 0.0382813
5 0.3791667 0.7179688 0.0239583 0.0281250
9 0.4966146 0.6898437 0.0234375 0.0546875
7 0.5388021 0.7269531 0.0338542 0.0351562
7 0.6888021 0.3753906 0.0234375 0.0414062
7 0.5747396 0.7269531 0.0328125 0.0304687
9 0.6833333 0.1316406 0.0197917 0.0476562
8 0.4645833 0.4789062 0.0270833 0.0375000
7 0.5984375 0.7464844 0.0218750 0.0523438
9 0.4460938 0.6917969 0.0328125 0.0382813
6 0.4596354 0.6828125 0.0359375 0.0359375
6 0.3596354 0.0960938 0.0338542 0.0406250
7 0.2997396 0.7027344 0.0328125 0.0320312
10 0.4200521 0.5261719 0.0192708 0.0382813
10 0.2838542 0.4878906 0.0312500 0.0398437
11 0.6815104 0.2640625 0.0234375 0.0515625
7 0.6992188 0.4667969 0.0307292 0.0351562
7 0.4421875 0.4269531 0.0333333 0.0460938
8 0.2161458 0.6148438 0.0291667 0.0484375
7 0.5968750 0.4179688 0.0250000 0.0515625
