2 0.2914062 0.8703125 0.0421875 0.1468750
1 0.3307292 0.1312500 0.0989583 0.0750000
4 0.5591146 0.4117188 0.0994792 0.0671875
0 0.4174479 0.6296875 0.0442708 0.0750000
0 0.7351562 0.2667969 0.0713542 0.1132812
2 0.5875000 0.4871094 0.0635417 0.0945312
4 0.6565104 0.5222656 0.1015625 0.0617188
3 0.4046875 0.2152344 0.0635417 0.0664062
2 0.3703125 0.7074219 0.0458333 0.1164063
5 0.7104167 0.7562500 0.0958333 0.0765625
1 0.5380208 0.7507812 0.0593750 0.1343750
2 0.5747396 0.4562500 0.0973958 0.1015625
5 0.7169271 0.2996094 0.0609375 0.1148437
1 0.6885417 0.4707031 0.0583333 0.0992187
4 0.3385417 0.5726562 0.0416667 0.0765625
0 0.6609375 0.4894531 0.0916667 0.0679687
3 0.2007812 0.2175781 0.0963542 0.0789062
0 0.3432292 0.7257813 0.0656250 0.1312500
3 0.6630208 0.3273437 0.0979167 0.0921875
0 0.7669271 0.3796875 0.0734375 0.0875000
2 0.6614583 0.1414063 0.0677083 0.1531250
0 0.5479167 0.3187500 0.0843750 0.0937500
2 0.6835938 0.4343750 0.0734375 0.0859375
4 0.5677083 0.5460938 0.0947917 0.0593750
3 0.4919271 0.4187500 0.0911458 0.0656250
1 0.6500000 0.5167969 0.0979167 0.0867187
0 0.5408854 0.7296875 0.0380208 0.1265625
1 0.7679687 0.7523437 0.0984375 0.0640625
5 0.7085938 0.6949219 0.0953125 0.0695313
4 0.3473958 0.1855469 0.0458333 0.0929688
1 0.4221354 0.2761719 0.0911458 0.0554687
6 0.7007813 0.7437500 0.0942708 0.0921875
11 0.6268229 0.3113281 0.0984375 0.0929688
10 0.4260417 0.5054688 0.1010417 0.1062500
6 0.3265625 0.5746094 0.0812500 0.1320312
8 0.2750000 0.5730469 0.0562500 0.1195313
10 0.4682292 0.1460937 0.0593750 0.1390625
6 0.5208333 0.3875000 0.0791667 0.1312500
10 0.4440104 0.2792969 0.0911458 0.0867187
7 0.4789062 0.4699219 0.0838542 0.1320312
8 0.3786458 0.6320313 0.0885417 0.0921875
8 0.4015625 0.8386719 0.0604167 0.0914062
