0 0.5471354 0.4125000 0.0213542 0.0234375
1 0.6557292 0.2558594 0.0229167 0.0210938
0 0.5841146 0.6292969 0.0203125 0.0273438
5 0.4458333 0.5328125 0.0125000 0.0156250
2 0.6408854 0.7519531 0.0234375 0.0210938
4 0.3822917 0.3238281 0.0250000 0.0148437
0 0.6445312 0.6453125 0.0098958 0.0171875
5 0.3565104 0.5988281 0.0119792 0.0210938
4 0.4755208 0.5230469 0.0197917 0.0226562
1 0.6497396 0.2765625 0.0161458 0.0343750
0 0.4257812 0.5066406 0.0109375 0.0335937
2 0.5770833 0.5250000 0.0239583 0.0187500
3 0.6598958 0.2843750 0.0260417 0.0218750
0 0.5632812 0.6218750 0.0223958 0.0187500
3 0.4588542 0.3906250 0.0229167 0.0140625
2 0.7132812 0.6792969 0.0192708 0.0242188
2 0.3500000 0.6515625 0.0156250 0.0281250
3 0.4721354 0.6937500 0.0161458 0.0343750
4 0.4197917 0.6777344 0.0239583 0.0148437
1 0.6705729 0.7093750 0.0192708 0.0171875
3 0.5226563 0.6785156 0.0234375 0.0257812
5 0.6468750 0.3949219 0.0156250 0.0226562
2 0.6000000 0.7183594 0.0260417 0.0195312
3 0.5575521 0.5921875 0.0244792 0.0187500
5 0.3328125 0.6453125 0.0125000 0.0359375
1 0.6281250 0.5640625 0.0260417 0.0203125
2 0.3794271 0.7445312 0.0265625 0.0156250
4 0.2794271 0.3410156 0.0223958 0.0148437
3 0.4049479 0.6253906 0.0109375 0.0179687
4 0.3007812 0.7347656 0.0192708 0.0289063
1 0.5520833 0.4164062 0.0177083 0.0265625
4 0.6083333 0.4906250 0.0156250 0.0203125
5 0.4044271 0.3875000 0.0203125 0.0218750
1 0.6971354 0.3925781 0.0276042 0.0210938
0 0.4429688 0.7382812 0.0151042 0.0265625
4 0.5690104 0.3343750 0.0130208 0.0359375
5 0.6554688 0.6574219 0.0140625 0.0273438
0 0.7346354 0.4191406 0.0265625 0.0242188
0 0.4351563 0.0164063 0.0161458 0.0281250
3 0.4591146 0.3441406 0.0255208 0.0179687
9 0.6786458 0.2613281 0.0208333 0.0367188
10 0.5364583 0.2457031 0.0166667 0.0335937
