5 0.4963542 0.5511719 0.0250000 0.0148437
3 0.6138021 0.3500000 0.0244792 0.0171875
1 0.3802083 0.1875000 0.0218750 0.0234375
0 0.3403646 0.4144531 0.0140625 0.0367188
2 0.6888021 0.4398437 0.0276042 0.0203125
5 0.3018229 0.5582031 0.0213542 0.0257812
3 0.6023437 0.5117188 0.0192708 0.0156250
0 0.4148438 0.1757812 0.0130208 0.0375000
0 0.4505208 0.3804688 0.0104167 0.0187500
0 0.4742188 0.7531250 0.0109375 0.0343750
2 0.3796875 0.6937500 0.0166667 0.0265625
2 0.4307292 0.8132812 0.0218750 0.0265625
2 0.6677083 0.1945312 0.0239583 0.0187500
1 0.6406250 0.6449219 0.0239583 0.0148437
0 0.4369792 0.4929688 0.0114583 0.0187500
3 0.4687500 0.6761719 0.0229167 0.0179687
5 0.3921875 0.8304687 0.0125000 0.0375000
2 0.7062500 0.2640625 0.0239583 0.0171875
3 0.5703125 0.5179687 0.0166667 0.0250000
2 0.4645833 0.6480469 0.0208333 0.0164063
0 0.5739583 0.6164063 0.0135417 0.0343750
0 0.2953125 0.4417969 0.0260417 0.0164063
0 0.4799479 0.4628906 0.0192708 0.0164063
0 0.6052083 0.3828125 0.0135417 0.0312500
0 0.4914062 0.5796875 0.0192708 0.0265625
2 0.3919271 0.6054688 0.0109375 0.0359375
5 0.7544271 0.3750000 0.0255208 0.0187500
3 0.6408854 0.7531250 0.0119792 0.0312500
3 0.5158854 0.5078125 0.0161458 0.0328125
6 0.6109375 0.3859375 0.0218750 0.0218750
7 0.6434896 0.7046875 0.0213542 0.0203125
9 0.6861979 0.7281250 0.0234375 0.0250000
6 0.6393229 0.4785156 0.0223958 0.0226562
6 0.5348958 0.6480469 0.0166667 0.0226562
