0 0.3195312 0.4292969 0.0151042 0.0226562
1 0.6414062 0.7808594 0.0255208 0.0226562
2 0.5911458 0.5648437 0.0260417 0.0171875
0 0.2848958 0.3222656 0.0281250 0.0195312
5 0.5294271 0.7035156 0.0255208 0.0195312
5 0.6039062 0.6468750 0.0223958 0.0187500
4 0.3369792 0.2679687 0.0229167 0.0203125
1 0.3682292 0.2351563 0.0166667 0.0375000
1 0.5122396 0.2515625 0.0130208 0.0234375
4 0.6166667 0.6128906 0.0135417 0.0273438
1 0.2486979 0.4546875 0.0255208 0.0187500
5 0.4442708 0.2316406 0.0156250 0.0320312
4 0.2953125 0.3777344 0.0177083 0.0257812
3 0.2903646 0.2960937 0.0234375 0.0203125
5 0.5018229 0.5222656 0.0234375 0.0164063
1 0.4143229 0.7140625 0.0244792 0.0187500
3 0.6067708 0.5781250 0.0218750 0.0187500
0 0.6122396 0.7421875 0.0119792 0.0359375
4 0.4174479 0.6812500 0.0161458 0.0328125
1 0.6898437 0.4667969 0.0255208 0.0195312
4 0.4242187 0.2136719 0.0151042 0.0304687
4 0.5833333 0.3316406 0.0250000 0.0164063
2 0.4697917 0.1718750 0.0135417 0.0343750
4 0.2744792 0.2527344 0.0250000 0.0179687
2 0.3924479 0.3156250 0.0140625 0.0265625
0 0.5833333 0.4332031 0.0166667 0.0164063
0 0.6111979 0.8449219 0.0119792 0.0398437
1 0.5437500 0.5250000 0.0229167 0.0234375
5 0.4127604 0.5593750 0.0192708 0.0312500
5 0.4601562 0.4808594 0.0151042 0.0242188
5 0.3401042 0.8589844 0.0187500 0.0367188
3 0.5554687 0.7292969 0.0182292 0.0320312
10 0.4893229 0.6101562 0.0213542 0.0218750
6 0.6044271 0.6941406 0.0161458 0.0382813
6 0.6291667 0.2062500 0.0145833 0.0328125
6 0.2804687 0.4113281 0.0203125 0.0335937
8 0.4255208 0.2453125 0.0229167 0.0328125
9 0.7302083 0.4472656 0.0260417 0.0242188
9 0.5713542 0.3632812 0.0239583 0.0281250
7 0.6268229 0.7406250 0.0255208 0.0250000
6 0.4627604 0.6992188 0.0223958 0.0234375
7 0.6687500 0.5292969 0.0229167 0.0289063
