4 0.6059896 0.2718750 0.0255208 0.0203125
2 0.4755208 0.3179688 0.0187500 0.0265625
2 0.5286458 0.3765625 0.0177083 0.0421875
3 0.2335937 0.4761719 0.0171875 0.0460938
5 0.3851562 0.4554687 0.0151042 0.0343750
0 0.4861979 0.8378906 0.0140625 0.0195312
0 0.4552083 0.9421875 0.0135417 0.0375000
1 0.3466146 0.3410156 0.0255208 0.0273438
4 0.6653646 0.4878906 0.0286458 0.0210938
5 0.7273437 0.5238281 0.0161458 0.0210938
3 0.7067708 0.2777344 0.0281250 0.0226562
0 0.6315104 0.1941406 0.0213542 0.0226562
3 0.4104167 0.5394531 0.0281250 0.0273438
3 0.4802083 0.2703125 0.0166667 0.0328125
1 0.7460938 0.2699219 0.0182292 0.0414062
0 0.6513021 0.7417969 0.0286458 0.0226562
5 0.3296875 0.3500000 0.0302083 0.0234375
1 0.4390625 0.7328125 0.0145833 0.0343750
5 0.3932292 0.2855469 0.0208333 0.0414062
4 0.5231771 0.6089844 0.0151042 0.0335937
5 0.2440104 0.5265625 0.0223958 0.0359375
4 0.4580729 0.7359375 0.0255208 0.0328125
0 0.5190104 0.7664062 0.0255208 0.0265625
2 0.5372396 0.5074219 0.0213542 0.0445313
5 0.7156250 0.6312500 0.0302083 0.0234375
2 0.4380208 0.9296875 0.0197917 0.0437500
3 0.7028646 0.6300781 0.0296875 0.0320312
3 0.7203125 0.3144531 0.0291667 0.0367188
4 0.4713542 0.6648437 0.0281250 0.0218750
1 0.3875000 0.8007812 0.0177083 0.0453125
5 0.4460938 0.4468750 0.0265625 0.0265625
1 0.4755208 0.7046875 0.0145833 0.0218750
4 0.2994792 0.5683594 0.0239583 0.0226562
3 0.4554687 0.3054688 0.0192708 0.0187500
1 0.7200521 0.6652344 0.0317708 0.0273438
0 0.5476562 0.3878906 0.0161458 0.0320312
4 0.4286458 0.4062500 0.0197917 0.0343750
1 0.4046875 0.8105469 0.0281250 0.0195312
11 0.5890625 0.6292969 0.0281250 0.0273438
10 0.6268229 0.3765625 0.0244792 0.0281250
9 0.4875000 0.5410156 0.0260417 0.0257812
7 0.2986979 0.4988281 0.0276042 0.0257812
9 0.2184896 0.5878906 0.0286458 0.0289063
