0 0.4184896 0.5488281 0.0411458 0.0273438
4 0.2117188 0.5910156 0.0328125 0.0460938
0 0.4078125 0.0242188 0.0291667 0.0484375
0 0.3752604 0.6582031 0.0234375 0.0570312
3 0.5489583 0.6332031 0.0218750 0.0382813
0 0.3359375 0.5820312 0.0208333 0.0437500
5 0.6424479 0.7730469 0.0338542 0.0414062
3 0.6276042 0.1878906 0.0218750 0.0617188
0 0.5658854 0.7687500 0.0203125 0.0359375
5 0.5026042 0.2750000 0.0281250 0.0437500
5 0.3322917 0.3781250 0.0302083 0.0468750
5 0.4234375 0.2523437 0.0166667 0.0312500
3 0.3169271 0.2933594 0.0380208 0.0273438
0 0.3171875 0.4156250 0.0197917 0.0640625
3 0.5166667 0.4054687 0.0229167 0.0281250
4 0.7562500 0.7371094 0.0343750 0.0289063
0 0.5309896 0.2988281 0.0192708 0.0257812
2 0.3575521 0.7542969 0.0421875 0.0320312
1 0.6132812 0.4531250 0.0213542 0.0625000
8 0.2841146 0.2390625 0.0401042 0.0468750
8 0.4268229 0.5199219 0.0390625 0.0414062
9 0.7075521 0.3539062 0.0369792 0.0375000
6 0.4023438 0.2511719 0.0369792 0.0554687
6 0.5927083 0.4964844 0.0375000 0.0367188
10 0.5583333 0.8093750 0.0395833 0.0421875
10 0.8125000 0.4402344 0.0333333 0.0539063
10 0.5117188 0.2062500 0.0401042 0.0437500
9 0.3007812 0.4488281 0.0390625 0.0585938
