1 0.6091146 0.5628906 0.0953125 0.0679687
4 0.6023437 0.6335937 0.0619792 0.1265625
2 0.5333333 0.8054687 0.0833333 0.1093750
3 0.5984375 0.4468750 0.0406250 0.1265625
2 0.3679688 0.3140625 0.1036458 0.0812500
4 0.3971354 0.2816406 0.0963542 0.0851563
4 0.5875000 0.2777344 0.0552083 0.1164063
0 0.3669271 0.5226563 0.0890625 0.0656250
3 0.2856771 0.5292969 0.0536458 0.0835937
0 0.2666667 0.9058594 0.0645833 0.0820312
5 0.3776042 0.1800781 0.0875000 0.1054688
4 0.5604167 0.1703125 0.0947917 0.0718750
4 0.6921875 0.3730469 0.0635417 0.0679687
5 0.4203125 0.1125000 0.0604167 0.1406250
3 0.7236979 0.7308594 0.0442708 0.0929688
5 0.4984375 0.4906250 0.0614583 0.0828125
3 0.4364583 0.3734375 0.0614583 0.1390625
4 0.5835938 0.5308594 0.0890625 0.0851563
0 0.6419271 0.8382812 0.0911458 0.0609375
2 0.3940104 0.5117188 0.0536458 0.1203125
5 0.5218750 0.1761719 0.0531250 0.0617188
4 0.4351563 0.4382813 0.0484375 0.0921875
5 0.5130208 0.7667969 0.0604167 0.1039063
2 0.3572917 0.7437500 0.0937500 0.0656250
0 0.3893229 0.2554688 0.0869792 0.0906250
0 0.5330729 0.2652344 0.0765625 0.0882813
2 0.5953125 0.4601562 0.0854167 0.0656250
4 0.1690104 0.4636719 0.0796875 0.0648438
3 0.6218750 0.7074219 0.0937500 0.0710937
0 0.4361979 0.5339844 0.0526042 0.1101562
5 0.5390625 0.6824219 0.0677083 0.0695313
4 0.6315104 0.5160156 0.0515625 0.0804688
1 0.4468750 0.5722656 0.0760417 0.1273438
3 0.2841146 0.4183594 0.0546875 0.1460937
3 0.4192708 0.5691406 0.0614583 0.1085938
4 0.4505208 0.7144531 0.0489583 0.1429688
3 0.3062500 0.2894531 0.0458333 0.1226562
3 0.6169271 0.1121094 0.0817708 0.1054688
2 0.8015625 0.6035156 0.0822917 0.1210938
1 0.5273438 0.5390625 0.0578125 0.1406250
0 0.4166667 0.2847656 0.0729167 0.0617188
0 0.4281250 0.9281250 0.0406250 0.1421875
5 0.6322917 0.5363281 0.0510417 0.0992187
0 0.3544271 0.4105469 0.0661458 0.0679687
5 0.4557292 0.3921875 0.0729167 0.0859375
5 0.2906250 0.3484375 0.1020833 0.0703125
4 0.6059896 0.5441406 0.0651042 0.1382812
1 0.2981771 0.5230469 0.0692708 0.1039063
1 0.6611979 0.6878906 0.0859375 0.0585938
9 0.7098958 0.4058594 0.0614583 0.1445312
9 0.2825521 0.6496094 0.0848958 0.1054688
6 0.4372396 0.1679688 0.0776042 0.1312500
11 0.3450521 0.6582031 0.0848958 0.1179687
6 0.3739583 0.7359375 0.0875000 0.1234375
6 0.2651042 0.3515625 0.0854167 0.1203125
11 0.4885417 0.4132812 0.1000000 0.0953125
8 0.3893229 0.4507813 0.0963542 0.0953125
11 0.6927083 0.2808594 0.0666667 0.0945312
10 0.6723958 0.5746094 0.0781250 0.0929688
7 0.5651042 0.6238281 0.0906250 0.1023437
11 0.6028646 0.5933594 0.0973958 0.1367188
8 0.6450521 0.5796875 0.0880208 0.0984375
10 0.6981771 0.5269531 0.0619792 0.1414063
11 0.7458333 0.4480469 0.0895833 0.0898438
9 0.2684896 0.7191406 0.0942708 0.0914062
9 0.3398438 0.4679687 0.0776042 0.1109375
11 0.6559896 0.2132813 0.0911458 0.1359375
