2 0.7098958 0.6222656 0.1239583 0.1867187
2 0.4757812 0.1437500 0.1171875 0.2421875
5 0.8179688 0.4179688 0.1317708 0.1968750
4 0.6380208 0.8742188 0.0916667 0.2500000
3 0.5752604 0.2789063 0.1005208 0.2359375
5 0.4260417 0.6843750 0.0677083 0.1750000
2 0.3695312 0.4976563 0.1536458 0.1125000
4 0.6330729 0.5476562 0.1401042 0.1015625
5 0.7479167 0.4066406 0.0750000 0.2304688
2 0.4794271 0.6589844 0.1234375 0.0992187
2 0.3098958 0.9246094 0.0781250 0.1492188
2 0.2744792 0.7968750 0.1333333 0.1421875
5 0.4671875 0.7718750 0.0947917 0.1859375
2 0.5015625 0.3859375 0.1333333 0.1609375
1 0.4023438 0.1710937 0.0817708 0.2421875
1 0.2932292 0.6015625 0.1552083 0.1171875
2 0.6388021 0.7238281 0.1192708 0.2351563
3 0.4825521 0.7187500 0.0953125 0.1625000
1 0.3187500 0.5304688 0.0739583 0.1250000
5 0.6549479 0.5281250 0.1640625 0.1156250
5 0.3226562 0.7726563 0.1473958 0.1109375
3 0.7809896 0.5589844 0.1494792 0.1257813
2 0.4369792 0.9835938 0.0572917 0.0312500
3 0.6515625 0.0847656 0.0760417 0.1695312
5 0.7395833 0.3058594 0.1083333 0.1601562
7 0.6223958 0.4253906 0.1562500 0.1851562
6 0.5914063 0.5632812 0.1453125 0.1406250
8 0.3729167 0.1121094 0.1250000 0.1539062
11 0.5528646 0.6777344 0.1369792 0.1445312
11 0.5809896 0.4191406 0.0869792 0.1960938
9 0.5552083 0.5625000 0.1364583 0.1328125
6 0.4809896 0.7910156 0.0921875 0.2242187
7 0.2523437 0.4183594 0.1015625 0.1523438
11 0.3346354 0.4515625 0.1421875 0.1843750
8 0.6958333 0.3031250 0.1000000 0.2328125
6 0.3450521 0.2417969 0.1317708 0.1632812
11 0.6429687 0.5046875 0.1140625 0.2406250
6 0.7315104 0.2000000 0.1473958 0.1625000
