0 0.8148437 0.5468750 0.0276042 0.0375000
4 0.6549479 0.6593750 0.0307292 0.0203125
5 0.6697917 0.6824219 0.0166667 0.0320312
3 0.3104167 0.4660156 0.0281250 0.0257812
0 0.6106771 0.8207031 0.0317708 0.0320312
1 0.6864583 0.4582031 0.0322917 0.0210938
0 0.4804688 0.5027344 0.0317708 0.0226562
3 0.6677083 0.5976562 0.0312500 0.0187500
2 0.5369792 0.4085937 0.0281250 0.0375000
4 0.4835937 0.0355469 0.0203125 0.0414062
0 0.5583333 0.4199219 0.0197917 0.0320312
4 0.1971354 0.5339844 0.0244792 0.0367188
1 0.5382813 0.5554687 0.0161458 0.0265625
3 0.5192708 0.2187500 0.0250000 0.0468750
0 0.4838542 0.2621094 0.0312500 0.0210938
4 0.5513021 0.3578125 0.0203125 0.0218750
3 0.6822917 0.2539062 0.0156250 0.0328125
3 0.7914062 0.5003906 0.0265625 0.0429688
2 0.2867188 0.3617187 0.0182292 0.0437500
3 0.4265625 0.4296875 0.0177083 0.0437500
4 0.6960937 0.5386719 0.0338542 0.0210938
0 0.3049479 0.5453125 0.0276042 0.0312500
3 0.7770833 0.3812500 0.0197917 0.0375000
1 0.5200521 0.5917969 0.0265625 0.0242188
5 0.4346354 0.3949219 0.0192708 0.0273438
5 0.3677083 0.3398438 0.0281250 0.0250000
4 0.4450521 0.5398437 0.0182292 0.0359375
4 0.3643229 0.1730469 0.0244792 0.0273438
0 0.6638021 0.6757812 0.0328125 0.0328125
5 0.4109375 0.6523438 0.0250000 0.0406250
0 0.6500000 0.2878906 0.0343750 0.0257812
3 0.3164062 0.4679687 0.0182292 0.0375000
2 0.2778646 0.5542969 0.0151042 0.0320312
1 0.3497396 0.2925781 0.0255208 0.0226562
1 0.5492187 0.6558594 0.0192708 0.0210938
3 0.3854167 0.7613281 0.0291667 0.0289063
4 0.6927083 0.5953125 0.0322917 0.0218750
4 0.4161458 0.6328125 0.0166667 0.0453125
2 0.3414063 0.3476562 0.0328125 0.0281250
5 0.6721354 0.6210938 0.0161458 0.0312500
1 0.6411458 0.5406250 0.0177083 0.0312500
2 0.3434896 0.6195312 0.0328125 0.0234375
6 0.6002604 0.2179687 0.0234375 0.0375000
6 0.5036458 0.2238281 0.0302083 0.0507812
10 0.5940104 0.4105469 0.0203125 0.0289063
8 0.6934896 0.8203125 0.0328125 0.0437500
7 0.6846354 0.4445312 0.0223958 0.0484375
9 0.4263021 0.6519531 0.0296875 0.0304687
9 0.4598958 0.7277344 0.0260417 0.0273438
8 0.4174479 0.1640625 0.0307292 0.0328125
7 0.6283854 0.4667969 0.0307292 0.0304687
11 0.6669271 0.3621094 0.0317708 0.0367188
