3 0.4278646 0.1816406 0.0171875 0.0351562
5 0.3924479 0.7332031 0.0151042 0.0257812
5 0.3026042 0.3703125 0.0145833 0.0203125
5 0.5825521 0.3378906 0.0171875 0.0195312
0 0.4802083 0.3644531 0.0125000 0.0179687
1 0.6195312 0.4308594 0.0244792 0.0195312
1 0.7153646 0.4554687 0.0213542 0.0328125
1 0.6671875 0.5593750 0.0104167 0.0187500
0 0.4710937 0.6863281 0.0161458 0.0320312
3 0.4085937 0.4242187 0.0192708 0.0375000
5 0.6554688 0.4128906 0.0234375 0.0242188
0 0.3375000 0.2492187 0.0197917 0.0359375
1 0.4398437 0.4449219 0.0244792 0.0164063
1 0.6729167 0.3792969 0.0229167 0.0210938
5 0.6052083 0.1527344 0.0187500 0.0320312
5 0.4927083 0.5656250 0.0177083 0.0218750
2 0.5861979 0.7167969 0.0203125 0.0398437
4 0.5065104 0.5367188 0.0119792 0.0250000
2 0.4669271 0.7398438 0.0140625 0.0203125
0 0.5437500 0.5722656 0.0260417 0.0210938
0 0.5231771 0.6156250 0.0213542 0.0250000
1 0.3645833 0.2609375 0.0114583 0.0359375
5 0.6460938 0.7078125 0.0192708 0.0187500
2 0.6708333 0.5843750 0.0125000 0.0218750
1 0.3460937 0.7187500 0.0244792 0.0187500
0 0.4437500 0.7417969 0.0239583 0.0164063
2 0.4286458 0.4574219 0.0135417 0.0304687
4 0.3734375 0.4093750 0.0229167 0.0265625
5 0.6502604 0.1984375 0.0192708 0.0328125
3 0.4052083 0.2363281 0.0270833 0.0179687
0 0.5424479 0.7753906 0.0161458 0.0304687
9 0.7161458 0.3562500 0.0260417 0.0250000
7 0.3328125 0.5699219 0.0218750 0.0320312
7 0.6476563 0.5566406 0.0244792 0.0242188
11 0.4575521 0.6343750 0.0203125 0.0234375
8 0.4075521 0.1617187 0.0244792 0.0234375
11 0.6992188 0.5746094 0.0161458 0.0242188
8 0.4140625 0.2703125 0.0156250 0.0343750
8 0.7442708 0.2996094 0.0260417 0.0257812
9 0.3356771 0.2546875 0.0255208 0.0250000
9 0.5984375 0.2539062 0.0239583 0.0296875
7 0.3432292 0.4375000 0.0229167 0.0218750
11 0.2747396 0.5003906 0.0161458 0.0289063
7 0.4458333 0.3472656 0.0197917 0.0320312
