5 0.5867187 0.7679687 0.0869792 0.0781250
0 0.5273438 0.8574219 0.0546875 0.1273438
3 0.5145833 0.8738281 0.0885417 0.1085938
3 0.7807292 0.3988281 0.0906250 0.1007813
3 0.4854167 0.8640625 0.0718750 0.1375000
1 0.4927083 0.2214844 0.0604167 0.1210938
1 0.5958333 0.1812500 0.0583333 0.0890625
4 0.5973958 0.4933594 0.0708333 0.0695313
4 0.4570312 0.3257813 0.0567708 0.1421875
4 0.6356771 0.5421875 0.0963542 0.0906250
2 0.5195312 0.6546875 0.0588542 0.1046875
0 0.6072917 0.4023438 0.0812500 0.0843750
4 0.4455729 0.3503906 0.0505208 0.0960938
8 0.6669271 0.4128906 0.0661458 0.0992187
11 0.4684896 0.7367187 0.0973958 0.1187500
11 0.5815104 0.7554688 0.0859375 0.0875000
8 0.3091146 0.4050781 0.0838542 0.0835937
11 0.5580729 0.5320312 0.0901042 0.1421875
