5 0.6067708 0.6757812 0.0229167 0.0234375
0 0.4825521 0.2152344 0.0234375 0.0242188
3 0.4263021 0.4828125 0.0213542 0.0218750
0 0.5802083 0.4890625 0.0270833 0.0218750
2 0.4234375 0.5921875 0.0104167 0.0296875
2 0.5713542 0.5566406 0.0250000 0.0226562
2 0.5559896 0.6156250 0.0234375 0.0234375
4 0.5705729 0.5402344 0.0255208 0.0210938
3 0.6364583 0.2285156 0.0260417 0.0179687
3 0.3929687 0.6785156 0.0255208 0.0226562
4 0.5575521 0.6585937 0.0130208 0.0265625
4 0.3552083 0.7542969 0.0156250 0.0382813
3 0.5335937 0.8164062 0.0171875 0.0375000
3 0.5677083 0.3789062 0.0229167 0.0250000
2 0.6898437 0.4167969 0.0151042 0.0273438
5 0.4380208 0.5167969 0.0239583 0.0195312
5 0.7799479 0.3058594 0.0130208 0.0382813
5 0.3979167 0.7164063 0.0156250 0.0359375
3 0.4838542 0.7406250 0.0187500 0.0250000
5 0.7078125 0.4902344 0.0239583 0.0179687
5 0.6210938 0.2207031 0.0234375 0.0257812
3 0.3778646 0.6011719 0.0223958 0.0257812
5 0.7752604 0.7414063 0.0276042 0.0234375
2 0.3208333 0.3300781 0.0260417 0.0179687
4 0.5924479 0.1937500 0.0192708 0.0343750
3 0.3283854 0.4300781 0.0203125 0.0164063
3 0.5901042 0.8886719 0.0104167 0.0382813
5 0.4567708 0.7632813 0.0156250 0.0328125
4 0.6882812 0.2265625 0.0234375 0.0203125
2 0.6763021 0.3882813 0.0140625 0.0281250
2 0.2723958 0.4511719 0.0145833 0.0289063
1 0.5700521 0.7097656 0.0213542 0.0195312
1 0.5635417 0.5667969 0.0239583 0.0195312
5 0.3236979 0.6023437 0.0130208 0.0218750
0 0.6562500 0.4433594 0.0177083 0.0320312
4 0.7140625 0.1933594 0.0250000 0.0164063
3 0.3651042 0.7660156 0.0270833 0.0179687
4 0.5854167 0.8148437 0.0093750 0.0171875
3 0.5085937 0.8156250 0.0151042 0.0390625
0 0.4552083 0.5156250 0.0125000 0.0187500
3 0.6013021 0.3679688 0.0276042 0.0218750
5 0.3445313 0.3808594 0.0161458 0.0210938
0 0.6674479 0.6683594 0.0255208 0.0195312
5 0.5156250 0.7777344 0.0229167 0.0320312
4 0.5377604 0.6980469 0.0203125 0.0226562
3 0.3192708 0.6695313 0.0229167 0.0265625
1 0.6312500 0.2730469 0.0145833 0.0179687
4 0.5572917 0.7628906 0.0260417 0.0179687
1 0.5710937 0.2132813 0.0130208 0.0328125
4 0.4854167 0.7035156 0.0125000 0.0195312
3 0.6231771 0.5832031 0.0140625 0.0242188
2 0.2971354 0.6488281 0.0151042 0.0398437
1 0.3317708 0.5570312 0.0218750 0.0250000
4 0.5408854 0.9171875 0.0255208 0.0187500
3 0.5908854 0.7140625 0.0140625 0.0203125
5 0.6210938 0.5281250 0.0276042 0.0187500
2 0.5106771 0.2121094 0.0161458 0.0398437
3 0.6367188 0.3804688 0.0203125 0.0203125
5 0.4338542 0.4082031 0.0281250 0.0226562
3 0.5424479 0.3226562 0.0192708 0.0250000
2 0.5296875 0.3121094 0.0135417 0.0257812
2 0.3963542 0.5125000 0.0156250 0.0187500
3 0.6187500 0.3710938 0.0208333 0.0281250
5 0.6937500 0.2457031 0.0156250 0.0210938
5 0.6265625 0.2175781 0.0239583 0.0148437
0 0.2375000 0.4019531 0.0145833 0.0304687
11 0.3421875 0.3390625 0.0229167 0.0218750
9 0.3450521 0.7699219 0.0244792 0.0242188
6 0.4468750 0.4640625 0.0270833 0.0281250
6 0.5966146 0.3921875 0.0161458 0.0234375
6 0.4598958 0.5898438 0.0145833 0.0312500
11 0.3252604 0.6253906 0.0161458 0.0289063
8 0.6085938 0.5847656 0.0255208 0.0257812
11 0.6028646 0.5957031 0.0234375 0.0226562
11 0.4236979 0.9109375 0.0234375 0.0250000
9 0.6825521 0.4113281 0.0151042 0.0335937
11 0.5158854 0.2140625 0.0213542 0.0359375
