5 0.7828125 0.7382812 0.0541667 0.1078125
3 0.6979167 0.3289063 0.0843750 0.0531250
2 0.4255208 0.6976562 0.0500000 0.0625000
4 0.5973958 0.7773438 0.0750000 0.0609375
5 0.5140625 0.4359375 0.0708333 0.0859375
5 0.5002604 0.2824219 0.0494792 0.0539063
2 0.5002604 0.5070313 0.0536458 0.0625000
4 0.4419271 0.2046875 0.0505208 0.1218750
0 0.4760417 0.4070313 0.0708333 0.0593750
1 0.5187500 0.6312500 0.0739583 0.0531250
5 0.4630208 0.2648437 0.0572917 0.0546875
2 0.6778646 0.2808594 0.0380208 0.0820312
0 0.2692708 0.6503906 0.0781250 0.0695313
4 0.5802083 0.4406250 0.0395833 0.0937500
5 0.4382813 0.7066406 0.0536458 0.0929688
1 0.6835938 0.5359375 0.0755208 0.0562500
2 0.5736979 0.5234375 0.0411458 0.1015625
5 0.3143229 0.5046875 0.0848958 0.0671875
10 0.4906250 0.3121094 0.0791667 0.0820312
11 0.6979167 0.5941406 0.0760417 0.0742188
6 0.5057292 0.2441406 0.0510417 0.1085938
11 0.5755208 0.4097656 0.0468750 0.0789062
6 0.5080729 0.8597656 0.0473958 0.1085938
7 0.3242188 0.5789062 0.0619792 0.1140625
11 0.6447917 0.3808594 0.0791667 0.0882813
8 0.7283854 0.7863281 0.0744792 0.0726563
8 0.3247396 0.5539063 0.0838542 0.0812500
9 0.6265625 0.5945312 0.0770833 0.0828125
10 0.3177083 0.2554688 0.0510417 0.1218750
9 0.8057292 0.6242188 0.0781250 0.0781250
7 0.4898438 0.8214844 0.0630208 0.0945312
11 0.7197917 0.6871094 0.0750000 0.0820312
10 0.2421875 0.3789062 0.0760417 0.0734375
11 0.2932292 0.6101562 0.0635417 0.0828125
6 0.6203125 0.5199219 0.0687500 0.0726563
9 0.5414062 0.5359375 0.0630208 0.1046875
6 0.2630208 0.4808594 0.0677083 0.0835937
