2 0.6052083 0.3128906 0.0270833 0.0648438
2 0.5479167 0.2726562 0.0208333 0.0562500
0 0.4671875 0.5773438 0.0260417 0.0703125
5 0.6997396 0.5746094 0.0432292 0.0273438
2 0.7382812 0.5894531 0.0432292 0.0382813
4 0.7052083 0.6781250 0.0385417 0.0390625
3 0.5372396 0.6398438 0.0213542 0.0500000
3 0.5062500 0.6128906 0.0291667 0.0523438
6 0.5984375 0.6437500 0.0395833 0.0546875
7 0.6895833 0.8390625 0.0416667 0.0500000
8 0.3979167 0.8546875 0.0354167 0.0515625
10 0.8130208 0.5652344 0.0406250 0.0414062
6 0.4802083 0.3796875 0.0322917 0.0484375
6 0.5778646 0.5773438 0.0328125 0.0562500
11 0.6682292 0.4773438 0.0406250 0.0390625
9 0.3919271 0.5292969 0.0401042 0.0398437
8 0.3848958 0.5011719 0.0260417 0.0570312
7 0.6640625 0.8210937 0.0395833 0.0390625
10 0.5286458 0.8195313 0.0375000 0.0375000
6 0.6080729 0.5902344 0.0380208 0.0382813
9 0.5867187 0.9507813 0.0286458 0.0546875
10 0.3263021 0.2660156 0.0276042 0.0507812
9 0.5106771 0.6289062 0.0390625 0.0390625
8 0.3606771 0.7531250 0.0390625 0.0421875
6 0.4731771 0.5660156 0.0348958 0.0492187
6 0.4570312 0.4148438 0.0380208 0.0437500
9 0.6244792 0.7941406 0.0395833 0.0398437
