2 0.7125000 0.6644531 0.0250000 0.0210938
2 0.6265625 0.7398438 0.0239583 0.0218750
1 0.6830729 0.5636719 0.0223958 0.0257812
5 0.6648437 0.6410156 0.0192708 0.0210938
0 0.4843750 0.2468750 0.0135417 0.0328125
2 0.5835938 0.5113281 0.0234375 0.0289063
1 0.4111979 0.3226562 0.0213542 0.0234375
4 0.4554687 0.2554688 0.0151042 0.0328125
0 0.5617188 0.5281250 0.0203125 0.0296875
0 0.6544271 0.6597656 0.0223958 0.0304687
4 0.3885417 0.6039062 0.0260417 0.0218750
1 0.3859375 0.4250000 0.0229167 0.0218750
1 0.4218750 0.5429688 0.0125000 0.0265625
4 0.7278646 0.5621094 0.0276042 0.0210938
2 0.5000000 0.2042969 0.0229167 0.0242188
2 0.4388021 0.5843750 0.0140625 0.0375000
0 0.6070313 0.2050781 0.0192708 0.0257812
4 0.7429687 0.6527344 0.0265625 0.0195312
4 0.5414062 0.4769531 0.0234375 0.0132812
3 0.6088542 0.6390625 0.0177083 0.0281250
1 0.5304688 0.5265625 0.0276042 0.0203125
1 0.6742187 0.3863281 0.0276042 0.0210938
3 0.3463542 0.3640625 0.0270833 0.0218750
4 0.3096354 0.5062500 0.0130208 0.0359375
4 0.6981771 0.1652344 0.0119792 0.0273438
4 0.5414062 0.7746094 0.0255208 0.0210938
3 0.3239583 0.2792969 0.0260417 0.0226562
5 0.6927083 0.4804688 0.0197917 0.0250000
0 0.4674479 0.8031250 0.0203125 0.0156250
0 0.4140625 0.5675781 0.0156250 0.0351562
0 0.4916667 0.3128906 0.0156250 0.0179687
3 0.6231771 0.4503906 0.0192708 0.0304687
3 0.6223958 0.6167969 0.0208333 0.0195312
0 0.2768229 0.6218750 0.0213542 0.0218750
0 0.5682292 0.3468750 0.0250000 0.0156250
5 0.6575521 0.4390625 0.0161458 0.0250000
0 0.6421875 0.5703125 0.0229167 0.0156250
4 0.5833333 0.6222656 0.0166667 0.0195312
2 0.2585938 0.6105469 0.0223958 0.0257812
10 0.4424479 0.7769531 0.0151042 0.0351562
9 0.6752604 0.3468750 0.0223958 0.0234375
8 0.4367187 0.7273437 0.0223958 0.0234375
8 0.6723958 0.8253906 0.0260417 0.0257812
6 0.4604167 0.6800781 0.0239583 0.0226562
7 0.5302083 0.7332031 0.0250000 0.0304687
6 0.6018229 0.5000000 0.0234375 0.0296875
6 0.4789062 0.6457031 0.0203125 0.0367188
6 0.5380208 0.3343750 0.0156250 0.0234375
11 0.4867187 0.7531250 0.0161458 0.0328125
6 0.6213542 0.7210937 0.0166667 0.0234375
11 0.3395833 0.1890625 0.0166667 0.0375000
8 0.6197917 0.6589844 0.0218750 0.0210938
11 0.4268229 0.5117188 0.0161458 0.0234375
8 0.4533854 0.1050781 0.0171875 0.0367188
