3 0.5450521 0.8074219 0.0276042 0.0195312
3 0.6890625 0.6511719 0.0177083 0.0210938
2 0.6223958 0.5792969 0.0250000 0.0351562
5 0.5187500 0.4367187 0.0135417 0.0328125
2 0.3401042 0.2683594 0.0166667 0.0304687
5 0.5815104 0.5964844 0.0151042 0.0351562
5 0.6572917 0.2773438 0.0125000 0.0421875
4 0.6458333 0.3468750 0.0177083 0.0375000
1 0.3179688 0.6742187 0.0244792 0.0343750
5 0.5151042 0.5468750 0.0291667 0.0281250
0 0.5088542 0.3589844 0.0281250 0.0195312
0 0.6333333 0.6972656 0.0281250 0.0242188
1 0.5106771 0.9125000 0.0296875 0.0234375
0 0.3463542 0.4875000 0.0270833 0.0265625
4 0.4861979 0.5894531 0.0244792 0.0257812
4 0.2901042 0.4093750 0.0291667 0.0218750
1 0.2890625 0.8550781 0.0145833 0.0382813
3 0.6010417 0.2394531 0.0270833 0.0195312
1 0.4463542 0.5250000 0.0260417 0.0187500
2 0.4601562 0.1855469 0.0265625 0.0320312
1 0.5101562 0.6058594 0.0182292 0.0398437
0 0.3841146 0.4914062 0.0244792 0.0296875
3 0.4825521 0.6855469 0.0255208 0.0320312
3 0.7924479 0.7410156 0.0182292 0.0351562
1 0.6328125 0.4156250 0.0187500 0.0375000
1 0.3828125 0.3324219 0.0177083 0.0226562
3 0.6276042 0.1917969 0.0260417 0.0226562
5 0.7028646 0.3812500 0.0276042 0.0234375
0 0.3429687 0.5539063 0.0223958 0.0234375
4 0.7138021 0.6398438 0.0223958 0.0281250
5 0.3815104 0.4015625 0.0151042 0.0390625
1 0.3963542 0.7496094 0.0197917 0.0257812
0 0.7372396 0.6093750 0.0296875 0.0218750
1 0.5369792 0.4414062 0.0312500 0.0234375
2 0.5148438 0.4878906 0.0265625 0.0195312
5 0.5382813 0.7000000 0.0161458 0.0484375
4 0.6632813 0.7777344 0.0234375 0.0195312
1 0.6052083 0.6210938 0.0166667 0.0203125
0 0.6330729 0.6273437 0.0151042 0.0406250
0 0.4054687 0.5335937 0.0161458 0.0312500
2 0.6528646 0.8296875 0.0171875 0.0390625
2 0.5921875 0.5015625 0.0270833 0.0265625
0 0.6539063 0.7871094 0.0171875 0.0429688
3 0.6773438 0.3789062 0.0286458 0.0265625
3 0.5000000 0.3250000 0.0260417 0.0171875
3 0.5997396 0.8179688 0.0286458 0.0250000
2 0.7161458 0.4535156 0.0270833 0.0382813
4 0.6062500 0.5347656 0.0239583 0.0304687
2 0.5424479 0.3281250 0.0307292 0.0265625
4 0.3953125 0.4855469 0.0281250 0.0335937
4 0.5739583 0.3960938 0.0312500 0.0234375
1 0.5473958 0.6757812 0.0135417 0.0281250
2 0.4260417 0.8066406 0.0187500 0.0179687
3 0.3695312 0.7652344 0.0161458 0.0195312
3 0.6325521 0.8121094 0.0244792 0.0210938
0 0.2830729 0.4484375 0.0296875 0.0203125
3 0.5552083 0.5140625 0.0177083 0.0203125
4 0.6013021 0.4914062 0.0265625 0.0203125
3 0.4229167 0.3628906 0.0187500 0.0257812
1 0.6497396 0.7179688 0.0307292 0.0250000
2 0.2809896 0.2878906 0.0296875 0.0210938
5 0.4210937 0.7382812 0.0223958 0.0343750
5 0.6942708 0.5824219 0.0218750 0.0289063
2 0.3937500 0.5996094 0.0156250 0.0164063
1 0.4885417 0.7375000 0.0281250 0.0250000
5 0.5119792 0.2011719 0.0218750 0.0242188
1 0.6601562 0.5710937 0.0203125 0.0328125
5 0.6015625 0.5683594 0.0250000 0.0273438
1 0.3455729 0.4285156 0.0151042 0.0460938
3 0.3713542 0.7816406 0.0250000 0.0257812
4 0.4450521 0.1972656 0.0234375 0.0226562
5 0.8010417 0.6398438 0.0260417 0.0187500
3 0.6434896 0.1785156 0.0276042 0.0195312
2 0.6421875 0.7421875 0.0250000 0.0203125
4 0.7320313 0.3121094 0.0140625 0.0429688
2 0.4984375 0.2164062 0.0270833 0.0187500
5 0.4419271 0.7750000 0.0234375 0.0359375
5 0.6927083 0.4937500 0.0291667 0.0250000
1 0.4666667 0.4203125 0.0156250 0.0281250
10 0.4593750 0.2238281 0.0229167 0.0351562
8 0.6296875 0.6265625 0.0260417 0.0312500
10 0.5140625 0.3757813 0.0239583 0.0343750
9 0.5135417 0.6226563 0.0250000 0.0406250
11 0.4507813 0.6726562 0.0244792 0.0328125
6 0.3281250 0.4667969 0.0197917 0.0445313
6 0.2729167 0.4625000 0.0270833 0.0296875
11 0.5914063 0.3816406 0.0255208 0.0429688
8 0.4875000 0.3238281 0.0281250 0.0351562
6 0.4041667 0.3339844 0.0208333 0.0414062
10 0.5455729 0.4550781 0.0192708 0.0304687
7 0.5223958 0.5945312 0.0187500 0.0421875
6 0.3677083 0.5617188 0.0260417 0.0312500
