0 0.4026042 0.7585937 0.1135417 0.0796875
2 0.3039062 0.7558594 0.0880208 0.1070312
4 0.8013021 0.7738281 0.0953125 0.1335938
3 0.5580729 0.4203125 0.1067708 0.1328125
3 0.4390625 0.8210937 0.0500000 0.1765625
0 0.4520833 0.6343750 0.1041667 0.1562500
3 0.5197917 0.8203125 0.0916667 0.1203125
3 0.6518229 0.1597656 0.1234375 0.1257813
3 0.5906250 0.2179687 0.1125000 0.1187500
4 0.5145833 0.6777344 0.0864583 0.0914062
1 0.5872396 0.3121094 0.1276042 0.1554687
2 0.6981771 0.1292969 0.1213542 0.0820312
5 0.6882812 0.3195312 0.0703125 0.1671875
2 0.6981771 0.5253906 0.1067708 0.1132812
1 0.6184896 0.1378906 0.0755208 0.2054688
3 0.4424479 0.7890625 0.0703125 0.1312500
2 0.7901042 0.6160156 0.1083333 0.0945312
1 0.7966146 0.3714844 0.1098958 0.1039063
3 0.3697917 0.4160156 0.0875000 0.1210938
3 0.4044271 0.7503906 0.0807292 0.1710937
3 0.5104167 0.2351563 0.1020833 0.0984375
4 0.6153646 0.8839844 0.1276042 0.1023437
5 0.6041667 0.4839844 0.1072917 0.0804688
3 0.3643229 0.3300781 0.0994792 0.1226562
4 0.5526042 0.4457031 0.1229167 0.0867187
0 0.5434896 0.6546875 0.0744792 0.1093750
2 0.6544271 0.2371094 0.1234375 0.0773438
2 0.4880208 0.5644531 0.0843750 0.1054688
5 0.5783854 0.6476563 0.0973958 0.1437500
3 0.6893229 0.3652344 0.0859375 0.1601562
1 0.7192708 0.4242187 0.0937500 0.1421875
4 0.4882812 0.2203125 0.0859375 0.1203125
0 0.2700521 0.8082031 0.0515625 0.1898438
1 0.3440104 0.2984375 0.1255208 0.1187500
0 0.3781250 0.1183594 0.1166667 0.0945312
4 0.2971354 0.6324219 0.0973958 0.0898438
4 0.4315104 0.8121094 0.0838542 0.1476562
4 0.6682292 0.7117187 0.1322917 0.0921875
1 0.4877604 0.8039063 0.1223958 0.0875000
11 0.3286458 0.5957031 0.1322917 0.1273438
7 0.6682292 0.3613281 0.1166667 0.1570313
9 0.7429687 0.1261719 0.1171875 0.1164063
6 0.2872396 0.6460938 0.0786458 0.1515625
7 0.5294271 0.5976562 0.1307292 0.1328125
8 0.6080729 0.1917969 0.1119792 0.1179687
11 0.2997396 0.1796875 0.1182292 0.1156250
10 0.7502604 0.6226563 0.1213542 0.1140625
7 0.7184896 0.6984375 0.0973958 0.1734375
9 0.7617188 0.4109375 0.1088542 0.1140625
7 0.4114583 0.2289063 0.0802083 0.1218750
9 0.4723958 0.7144531 0.1031250 0.1710937
