3 0.6440104 0.6210938 0.0223958 0.0375000
5 0.5997396 0.7464844 0.0286458 0.0179687
3 0.6807292 0.2812500 0.0208333 0.0265625
4 0.5328125 0.3269531 0.0302083 0.0226562
5 0.3755208 0.5367188 0.0291667 0.0234375
1 0.3739583 0.2269531 0.0291667 0.0210938
0 0.5289063 0.4398437 0.0140625 0.0234375
5 0.3536458 0.4570312 0.0312500 0.0250000
0 0.4018229 0.2632813 0.0265625 0.0250000
2 0.6630208 0.6878906 0.0291667 0.0257812
1 0.4734375 0.2488281 0.0145833 0.0414062
5 0.7398438 0.3531250 0.0265625 0.0296875
3 0.4604167 0.3300781 0.0166667 0.0195312
5 0.4726562 0.3570313 0.0130208 0.0421875
6 0.5940104 0.7492188 0.0265625 0.0343750
11 0.5799479 0.7195312 0.0307292 0.0328125
6 0.4830729 0.2519531 0.0182292 0.0414062
11 0.5195312 0.8011719 0.0213542 0.0429688
8 0.6080729 0.8199219 0.0223958 0.0382813
10 0.5143229 0.8312500 0.0286458 0.0375000
10 0.2778646 0.4667969 0.0182292 0.0429688
