4 0.4656250 0.2769531 0.0270833 0.0289063
5 0.7140625 0.4707031 0.0270833 0.0273438
0 0.5554687 0.4902344 0.0161458 0.0179687
0 0.7486979 0.8218750 0.0286458 0.0218750
3 0.7117187 0.2296875 0.0276042 0.0187500
0 0.4398437 0.8066406 0.0234375 0.0289063
4 0.6093750 0.4179688 0.0166667 0.0203125
2 0.5283854 0.6859375 0.0234375 0.0296875
1 0.5830729 0.3816406 0.0223958 0.0257812
1 0.5450521 0.1800781 0.0255208 0.0210938
4 0.7375000 0.4902344 0.0302083 0.0273438
3 0.5778646 0.5171875 0.0276042 0.0203125
0 0.6765625 0.9156250 0.0229167 0.0281250
4 0.6395833 0.6593750 0.0281250 0.0203125
2 0.7674479 0.3820312 0.0286458 0.0234375
2 0.4494792 0.2570312 0.0250000 0.0218750
4 0.7940104 0.7289062 0.0265625 0.0250000
2 0.6500000 0.5140625 0.0250000 0.0218750
1 0.5174479 0.8687500 0.0140625 0.0343750
5 0.3572917 0.6386719 0.0135417 0.0179687
4 0.5708333 0.3625000 0.0270833 0.0218750
4 0.4140625 0.6468750 0.0270833 0.0312500
2 0.5554687 0.3226562 0.0182292 0.0203125
5 0.4489583 0.6656250 0.0145833 0.0218750
4 0.3544271 0.3789062 0.0223958 0.0359375
0 0.6171875 0.7781250 0.0291667 0.0218750
1 0.5880208 0.0687500 0.0250000 0.0312500
4 0.4869792 0.5804687 0.0270833 0.0250000
0 0.6671875 0.5699219 0.0281250 0.0195312
5 0.6335937 0.4496094 0.0203125 0.0289063
4 0.6455729 0.6507812 0.0286458 0.0218750
3 0.4500000 0.3554688 0.0156250 0.0187500
5 0.4731771 0.4015625 0.0255208 0.0312500
0 0.5463542 0.0960938 0.0187500 0.0343750
2 0.5104167 0.3343750 0.0260417 0.0250000
1 0.6914062 0.6042969 0.0182292 0.0367188
1 0.5666667 0.3941406 0.0291667 0.0210938
5 0.6598958 0.6539063 0.0229167 0.0343750
3 0.7117187 0.5679688 0.0119792 0.0187500
3 0.4518229 0.7984375 0.0265625 0.0234375
4 0.5835938 0.9812500 0.0255208 0.0203125
1 0.6174479 0.3425781 0.0255208 0.0148437
5 0.6260417 0.4453125 0.0281250 0.0218750
0 0.7205729 0.5171875 0.0286458 0.0187500
5 0.4161458 0.3167969 0.0281250 0.0242188
5 0.5338542 0.5886719 0.0156250 0.0382813
3 0.5182292 0.0906250 0.0135417 0.0359375
0 0.4671875 0.6371094 0.0218750 0.0335937
3 0.5208333 0.5500000 0.0197917 0.0265625
2 0.2242187 0.5585938 0.0296875 0.0218750
4 0.3424479 0.6316406 0.0244792 0.0335937
2 0.4645833 0.8609375 0.0281250 0.0218750
2 0.7984375 0.3062500 0.0135417 0.0421875
1 0.5372396 0.5925781 0.0244792 0.0304687
2 0.5468750 0.7222656 0.0302083 0.0210938
3 0.5440104 0.7382812 0.0182292 0.0265625
4 0.3898437 0.3425781 0.0151042 0.0414062
3 0.6406250 0.4066406 0.0281250 0.0164063
1 0.5763021 0.2042969 0.0171875 0.0398437
3 0.6320313 0.2707031 0.0234375 0.0195312
4 0.4401042 0.8000000 0.0177083 0.0359375
3 0.6760417 0.7648438 0.0281250 0.0203125
0 0.6286458 0.7507812 0.0270833 0.0296875
3 0.4841146 0.7113281 0.0255208 0.0164063
5 0.3072917 0.1933594 0.0270833 0.0210938
2 0.4760417 0.5410156 0.0135417 0.0460938
2 0.7166667 0.4464844 0.0250000 0.0257812
0 0.3484375 0.6753906 0.0302083 0.0210938
5 0.4260417 0.3828125 0.0156250 0.0437500
2 0.4083333 0.2921875 0.0270833 0.0203125
4 0.5539063 0.7953125 0.0182292 0.0359375
3 0.4523437 0.5464844 0.0286458 0.0195312
10 0.5533854 0.6199219 0.0151042 0.0273438
6 0.7617188 0.3593750 0.0203125 0.0265625
7 0.5786458 0.5726562 0.0187500 0.0359375
10 0.4903646 0.5507812 0.0213542 0.0390625
10 0.5601563 0.1425781 0.0171875 0.0398437
7 0.6497396 0.1851562 0.0171875 0.0390625
6 0.6523438 0.2156250 0.0234375 0.0343750
11 0.5773438 0.4773438 0.0296875 0.0421875
11 0.4539063 0.6214844 0.0161458 0.0382813
11 0.6653646 0.5691406 0.0171875 0.0367188
8 0.4825521 0.4824219 0.0244792 0.0289063
