0 0.4994792 0.1265625 0.0281250 0.0375000
5 0.3257813 0.2265625 0.0401042 0.0296875
2 0.2195313 0.6628906 0.0203125 0.0554687
5 0.3796875 0.4195313 0.0333333 0.0406250
3 0.7166667 0.1523438 0.0385417 0.0250000
0 0.6213542 0.3097656 0.0250000 0.0570312
4 0.6744792 0.7503906 0.0375000 0.0304687
2 0.6442708 0.2441406 0.0166667 0.0398437
2 0.7283854 0.4992187 0.0338542 0.0406250
1 0.5460938 0.6875000 0.0442708 0.0343750
4 0.4177083 0.5273438 0.0333333 0.0328125
8 0.2968750 0.6609375 0.0239583 0.0546875
7 0.5716146 0.6269531 0.0338542 0.0445313
8 0.4085937 0.3527344 0.0255208 0.0476562
10 0.4484375 0.4296875 0.0333333 0.0500000
