4 0.7343750 0.5808594 0.0437500 0.0476562
1 0.5132813 0.3605469 0.0505208 0.0367188
4 0.4013021 0.8343750 0.0473958 0.0359375
2 0.5955729 0.0890625 0.0317708 0.0640625
5 0.4713542 0.2968750 0.0239583 0.0687500
1 0.6533854 0.8488281 0.0494792 0.0382813
1 0.3799479 0.5816406 0.0390625 0.0382813
4 0.4354167 0.0210938 0.0322917 0.0421875
5 0.5500000 0.5882812 0.0250000 0.0375000
1 0.4968750 0.0363281 0.0291667 0.0570312
3 0.6171875 0.3652344 0.0479167 0.0320312
2 0.3138021 0.7070312 0.0213542 0.0734375
1 0.6075521 0.3675781 0.0307292 0.0664062
3 0.6239583 0.1820313 0.0239583 0.0734375
5 0.3955729 0.2621094 0.0255208 0.0507812
2 0.6205729 0.4519531 0.0505208 0.0304687
3 0.4562500 0.4871094 0.0458333 0.0351562
0 0.4721354 0.6832031 0.0255208 0.0742188
5 0.4713542 0.4203125 0.0364583 0.0359375
5 0.3703125 0.5953125 0.0291667 0.0593750
1 0.6872396 0.2683594 0.0453125 0.0414062
5 0.7484375 0.4648438 0.0458333 0.0546875
2 0.6658854 0.5917969 0.0401042 0.0585938
4 0.5304688 0.7011719 0.0307292 0.0382813
4 0.2984375 0.3546875 0.0250000 0.0734375
3 0.2638021 0.4730469 0.0463542 0.0382813
3 0.6580729 0.4703125 0.0463542 0.0421875
2 0.4812500 0.8707031 0.0322917 0.0648438
4 0.5468750 0.6882812 0.0500000 0.0375000
2 0.5898438 0.5019531 0.0265625 0.0492187
2 0.5671875 0.3144531 0.0218750 0.0695313
0 0.6067708 0.6101562 0.0322917 0.0687500
1 0.3822917 0.4500000 0.0531250 0.0390625
2 0.4971354 0.5343750 0.0401042 0.0453125
3 0.7585937 0.4144531 0.0515625 0.0429688
5 0.4859375 0.8113281 0.0468750 0.0320312
1 0.7135417 0.6019531 0.0395833 0.0351562
0 0.3583333 0.5753906 0.0229167 0.0335937
0 0.7291667 0.3785156 0.0343750 0.0617188
5 0.6664062 0.5640625 0.0442708 0.0328125
4 0.6213542 0.3125000 0.0458333 0.0328125
0 0.5539063 0.7261719 0.0296875 0.0429688
4 0.7093750 0.7617188 0.0447917 0.0390625
1 0.6502604 0.4347656 0.0463542 0.0335937
0 0.4072917 0.2636719 0.0500000 0.0351562
0 0.5515625 0.2871094 0.0437500 0.0398437
4 0.6838542 0.6152344 0.0250000 0.0539063
0 0.3661458 0.8191406 0.0250000 0.0601563
3 0.4356771 0.5089844 0.0286458 0.0304687
0 0.4578125 0.7007813 0.0458333 0.0375000
1 0.4367187 0.1187500 0.0317708 0.0375000
2 0.3682292 0.4253906 0.0239583 0.0710937
3 0.5562500 0.5335937 0.0375000 0.0515625
1 0.3731771 0.5355469 0.0223958 0.0648438
3 0.4041667 0.7792969 0.0489583 0.0289063
1 0.5661458 0.6617188 0.0385417 0.0359375
1 0.4067708 0.5925781 0.0229167 0.0664062
1 0.6604167 0.4960938 0.0302083 0.0640625
3 0.5104167 0.1945312 0.0166667 0.0671875
0 0.2802083 0.7367187 0.0250000 0.0500000
5 0.5044271 0.7445312 0.0338542 0.0656250
4 0.3804688 0.1484375 0.0432292 0.0390625
4 0.5559896 0.3992188 0.0255208 0.0734375
11 0.5557292 0.6601562 0.0395833 0.0406250
7 0.5645833 0.7250000 0.0416667 0.0609375
11 0.4195313 0.5523438 0.0453125 0.0546875
