1 0.5736979 0.2476562 0.0244792 0.0343750
5 0.5299479 0.7539062 0.0317708 0.0453125
4 0.6757812 0.3996094 0.0401042 0.0335937
1 0.3739583 0.4074219 0.0343750 0.0242188
1 0.5971354 0.2773438 0.0223958 0.0328125
1 0.5651042 0.8371094 0.0218750 0.0492187
5 0.4328125 0.4343750 0.0343750 0.0250000
3 0.5833333 0.5855469 0.0218750 0.0257812
1 0.6815104 0.4339844 0.0296875 0.0507812
0 0.6411458 0.2558594 0.0177083 0.0492187
1 0.7416667 0.3363281 0.0364583 0.0226562
3 0.3794271 0.2191406 0.0411458 0.0273438
4 0.5627604 0.4929688 0.0213542 0.0468750
0 0.4497396 0.7332031 0.0182292 0.0523438
5 0.4072917 0.4523437 0.0218750 0.0406250
3 0.4067708 0.5832031 0.0166667 0.0554687
2 0.4729167 0.3261719 0.0197917 0.0539063
0 0.5786458 0.4824219 0.0177083 0.0351562
0 0.6161458 0.5140625 0.0364583 0.0343750
5 0.6197917 0.7335938 0.0197917 0.0515625
3 0.5250000 0.6628906 0.0312500 0.0304687
11 0.6075521 0.3089844 0.0380208 0.0351562
7 0.4841146 0.6203125 0.0359375 0.0390625
