4 0.5273438 0.8593750 0.0348958 0.0734375
2 0.6976562 0.9175781 0.0567708 0.0398437
0 0.3164062 0.2898438 0.0265625 0.0812500
3 0.7005208 0.2871094 0.0500000 0.0382813
4 0.4739583 0.6394531 0.0250000 0.0664062
0 0.7466146 0.6718750 0.0359375 0.0703125
1 0.6151042 0.4816406 0.0302083 0.0710937
0 0.4554687 0.7718750 0.0307292 0.0453125
2 0.7354167 0.3394531 0.0520833 0.0382813
2 0.2820313 0.6402344 0.0494792 0.0382813
3 0.4942708 0.3484375 0.0354167 0.0453125
0 0.5809896 0.8570313 0.0296875 0.0500000
3 0.6669271 0.1816406 0.0442708 0.0445313
0 0.5888021 0.5777344 0.0286458 0.0835937
3 0.6385417 0.3039062 0.0333333 0.0437500
3 0.4260417 0.5761719 0.0239583 0.0632812
1 0.3786458 0.3746094 0.0312500 0.0585938
5 0.5114583 0.7753906 0.0385417 0.0429688
1 0.3289063 0.7890625 0.0515625 0.0343750
3 0.2773438 0.4570312 0.0463542 0.0515625
4 0.5278646 0.4406250 0.0234375 0.0437500
4 0.6304688 0.3933594 0.0494792 0.0289063
2 0.7580729 0.6101562 0.0473958 0.0687500
2 0.3408854 0.3980469 0.0484375 0.0320312
1 0.5213542 0.5035156 0.0437500 0.0570312
1 0.3940104 0.8707031 0.0359375 0.0789062
1 0.7309896 0.3218750 0.0401042 0.0468750
5 0.6278646 0.1488281 0.0328125 0.0585938
2 0.4028646 0.5882812 0.0588542 0.0390625
4 0.6130208 0.1628906 0.0333333 0.0382813
2 0.7958333 0.4062500 0.0510417 0.0468750
4 0.3109375 0.6800781 0.0291667 0.0773438
2 0.4661458 0.3554688 0.0250000 0.0437500
0 0.3429687 0.6113281 0.0328125 0.0507812
1 0.5531250 0.2578125 0.0520833 0.0640625
3 0.3260417 0.7449219 0.0291667 0.0664062
2 0.5398437 0.4507813 0.0505208 0.0437500
2 0.3877604 0.8660156 0.0401042 0.0617188
1 0.7757812 0.2335937 0.0494792 0.0468750
4 0.4661458 0.7953125 0.0458333 0.0562500
5 0.5013021 0.7523437 0.0359375 0.0343750
1 0.6557292 0.4097656 0.0406250 0.0554687
2 0.5385417 0.6468750 0.0510417 0.0515625
10 0.6708333 0.4031250 0.0489583 0.0640625
11 0.3908854 0.5363281 0.0484375 0.0539063
6 0.4841146 0.1972656 0.0442708 0.0664062
8 0.2955729 0.4292969 0.0411458 0.0539063
6 0.6986979 0.2105469 0.0484375 0.0492187
