4 0.5945312 0.2605469 0.0182292 0.0523438
1 0.5289063 0.6382813 0.0223958 0.0468750
1 0.4453125 0.6246094 0.0312500 0.0226562
0 0.5921875 0.5000000 0.0322917 0.0218750
4 0.7710938 0.4242187 0.0328125 0.0234375
5 0.5484375 0.1871094 0.0270833 0.0226562
2 0.6114583 0.5625000 0.0229167 0.0296875
1 0.6434896 0.6375000 0.0348958 0.0250000
3 0.6117187 0.4808594 0.0213542 0.0460938
1 0.6416667 0.7921875 0.0281250 0.0265625
0 0.5789062 0.3679688 0.0130208 0.0437500
0 0.5598958 0.4234375 0.0312500 0.0281250
1 0.7143229 0.5503906 0.0348958 0.0242188
5 0.5601563 0.4816406 0.0182292 0.0492187
5 0.5875000 0.3687500 0.0312500 0.0250000
1 0.4940104 0.4156250 0.0296875 0.0250000
2 0.6609375 0.7265625 0.0218750 0.0515625
4 0.5385417 0.8597656 0.0197917 0.0476562
0 0.6057292 0.7246094 0.0177083 0.0429688
0 0.5507812 0.7019531 0.0161458 0.0242188
2 0.5828125 0.7082031 0.0333333 0.0304687
3 0.2309896 0.5253906 0.0296875 0.0351562
3 0.5247396 0.2921875 0.0182292 0.0468750
4 0.4286458 0.2425781 0.0239583 0.0382813
1 0.4645833 0.4808594 0.0229167 0.0539063
0 0.3372396 0.4691406 0.0286458 0.0414062
4 0.4567708 0.7957031 0.0177083 0.0398437
5 0.5015625 0.5230469 0.0302083 0.0304687
5 0.5809896 0.5554687 0.0255208 0.0218750
5 0.4260417 0.3847656 0.0166667 0.0351562
0 0.5976562 0.3957031 0.0317708 0.0289063
4 0.6835938 0.7042969 0.0140625 0.0398437
4 0.3192708 0.3148437 0.0166667 0.0343750
5 0.5973958 0.5820312 0.0208333 0.0312500
3 0.7361979 0.5402344 0.0244792 0.0414062
0 0.6190104 0.6277344 0.0328125 0.0242188
4 0.6669271 0.6003906 0.0213542 0.0367188
4 0.3520833 0.8097656 0.0218750 0.0367188
4 0.5289063 0.1281250 0.0192708 0.0250000
0 0.5328125 0.4128906 0.0322917 0.0210938
5 0.6098958 0.5937500 0.0322917 0.0250000
5 0.5955729 0.6906250 0.0359375 0.0250000
2 0.5768229 0.3187500 0.0171875 0.0390625
0 0.6682292 0.6191406 0.0322917 0.0273438
0 0.7302083 0.2867188 0.0343750 0.0281250
5 0.4591146 0.5875000 0.0140625 0.0281250
1 0.5294271 0.3953125 0.0234375 0.0312500
0 0.3906250 0.5480469 0.0333333 0.0335937
0 0.5221354 0.8003906 0.0317708 0.0320312
1 0.2346354 0.4812500 0.0213542 0.0390625
11 0.7492188 0.3578125 0.0286458 0.0375000
9 0.5111979 0.6468750 0.0265625 0.0281250
7 0.5557292 0.3964844 0.0250000 0.0320312
10 0.4830729 0.6472656 0.0307292 0.0351562
8 0.3125000 0.2703125 0.0302083 0.0343750
9 0.3869792 0.5402344 0.0187500 0.0414062
9 0.2924479 0.4917969 0.0192708 0.0414062
8 0.7096354 0.1585938 0.0203125 0.0484375
