3 0.7846354 0.4363281 0.0296875 0.0273438
2 0.5523438 0.7812500 0.0161458 0.0359375
0 0.6632813 0.7878906 0.0276042 0.0335937
0 0.4526042 0.6687500 0.0166667 0.0312500
5 0.3479167 0.2304688 0.0218750 0.0359375
1 0.8216146 0.5734375 0.0171875 0.0421875
0 0.4442708 0.5445313 0.0125000 0.0312500
5 0.5544271 0.4921875 0.0255208 0.0328125
2 0.4630208 0.5500000 0.0229167 0.0234375
1 0.6067708 0.5941406 0.0125000 0.0242188
3 0.5156250 0.1640625 0.0239583 0.0265625
3 0.3757813 0.2632813 0.0151042 0.0484375
2 0.3111979 0.5746094 0.0171875 0.0242188
0 0.6471354 0.8464844 0.0276042 0.0242188
2 0.3151042 0.4570312 0.0187500 0.0218750
5 0.5953125 0.7121094 0.0229167 0.0226562
1 0.5187500 0.4796875 0.0229167 0.0281250
1 0.5807292 0.8070312 0.0250000 0.0343750
5 0.1901042 0.5855469 0.0208333 0.0304687
5 0.5174479 0.7910156 0.0265625 0.0351562
3 0.6783854 0.3320312 0.0151042 0.0359375
2 0.6247396 0.7597656 0.0223958 0.0257812
3 0.5466146 0.6632813 0.0161458 0.0453125
5 0.6023437 0.5433594 0.0140625 0.0304687
4 0.4718750 0.7078125 0.0302083 0.0312500
1 0.3924479 0.6027344 0.0265625 0.0195312
5 0.2763021 0.6343750 0.0244792 0.0328125
1 0.6598958 0.7179688 0.0281250 0.0187500
0 0.5500000 0.4640625 0.0166667 0.0234375
4 0.4750000 0.5312500 0.0250000 0.0203125
3 0.4966146 0.1804688 0.0182292 0.0390625
1 0.5117188 0.8445312 0.0203125 0.0359375
2 0.5263021 0.6066406 0.0317708 0.0226562
5 0.6744792 0.8078125 0.0291667 0.0265625
1 0.3507812 0.8246094 0.0296875 0.0242188
9 0.5971354 0.6296875 0.0192708 0.0406250
10 0.4744792 0.3910156 0.0208333 0.0382813
7 0.6692708 0.7070312 0.0281250 0.0281250
9 0.6908854 0.4281250 0.0255208 0.0359375
7 0.6481771 0.5441406 0.0192708 0.0398437
10 0.4390625 0.6027344 0.0291667 0.0320312
6 0.5044271 0.4960938 0.0223958 0.0390625
10 0.6018229 0.2734375 0.0276042 0.0265625
10 0.4489583 0.5328125 0.0187500 0.0312500
11 0.4317708 0.2523437 0.0187500 0.0281250
8 0.5830729 0.6164063 0.0255208 0.0265625
6 0.4067708 0.4605469 0.0281250 0.0351562
10 0.5002604 0.5574219 0.0182292 0.0335937
11 0.7013021 0.6171875 0.0276042 0.0265625
11 0.7557292 0.4007812 0.0281250 0.0375000
7 0.3265625 0.6503906 0.0250000 0.0273438
10 0.7104167 0.4734375 0.0270833 0.0265625
