0 0.7164063 0.3500000 0.0536458 0.0484375
1 0.6468750 0.4878906 0.0312500 0.0742188
2 0.6497396 0.1503906 0.0484375 0.0523438
1 0.5101562 0.5941406 0.0286458 0.0351562
2 0.3354167 0.1144531 0.0364583 0.0773438
4 0.6328125 0.2464844 0.0239583 0.0710937
1 0.5257812 0.5785156 0.0526042 0.0367188
5 0.6291667 0.8839844 0.0489583 0.0445313
3 0.6901042 0.2269531 0.0322917 0.0726563
5 0.7197917 0.2476562 0.0510417 0.0437500
4 0.2554688 0.6000000 0.0526042 0.0406250
2 0.6622396 0.3050781 0.0338542 0.0476562
5 0.6359375 0.3976562 0.0468750 0.0578125
3 0.4359375 0.4007812 0.0354167 0.0734375
2 0.4138021 0.0265625 0.0348958 0.0359375
3 0.5119792 0.3886719 0.0302083 0.0335937
4 0.6174479 0.6781250 0.0567708 0.0390625
0 0.3890625 0.4898438 0.0468750 0.0500000
4 0.5687500 0.2289063 0.0281250 0.0437500
0 0.3757813 0.6140625 0.0484375 0.0343750
0 0.5539063 0.5089844 0.0317708 0.0648438
1 0.6627604 0.7574219 0.0505208 0.0414062
4 0.5234375 0.6781250 0.0541667 0.0390625
4 0.4075521 0.4515625 0.0505208 0.0359375
3 0.6062500 0.6253906 0.0333333 0.0695313
0 0.3408854 0.6164063 0.0536458 0.0421875
3 0.3541667 0.5605469 0.0468750 0.0492187
4 0.5716146 0.8062500 0.0494792 0.0375000
3 0.6768229 0.7386719 0.0234375 0.0414062
3 0.4882812 0.7179688 0.0473958 0.0515625
5 0.5317708 0.1812500 0.0281250 0.0406250
0 0.6026042 0.3750000 0.0489583 0.0484375
3 0.2906250 0.7050781 0.0552083 0.0429688
1 0.5145833 0.6289062 0.0364583 0.0453125
4 0.5403646 0.4972656 0.0265625 0.0445313
5 0.5656250 0.5433594 0.0270833 0.0335937
3 0.7153646 0.6566406 0.0401042 0.0367188
3 0.4135417 0.4730469 0.0312500 0.0726563
2 0.2755208 0.5968750 0.0510417 0.0359375
4 0.6489583 0.7589844 0.0458333 0.0273438
4 0.6671875 0.3593750 0.0218750 0.0625000
1 0.3283854 0.3988281 0.0536458 0.0367188
3 0.3557292 0.5480469 0.0416667 0.0398437
5 0.6539063 0.3097656 0.0317708 0.0757812
3 0.5497396 0.5777344 0.0515625 0.0351562
0 0.5463542 0.6207031 0.0531250 0.0445313
2 0.4335938 0.3847656 0.0338542 0.0835937
3 0.4575521 0.4351563 0.0390625 0.0390625
7 0.7661458 0.4035156 0.0500000 0.0492187
11 0.6325521 0.7386719 0.0369792 0.0695313
8 0.6598958 0.4382813 0.0468750 0.0703125
9 0.3442708 0.3660156 0.0447917 0.0445313
