0 0.5940104 0.9542969 0.0255208 0.0804688
1 0.6171875 0.8761719 0.0541667 0.0429688
0 0.3843750 0.6437500 0.0416667 0.0359375
2 0.2833333 0.3984375 0.0250000 0.0687500
3 0.6359375 0.2242187 0.0333333 0.0359375
1 0.5197917 0.4371094 0.0322917 0.0601563
4 0.6609375 0.3031250 0.0333333 0.0734375
2 0.7489583 0.7789063 0.0385417 0.0546875
3 0.6273437 0.1863281 0.0234375 0.0460938
4 0.3583333 0.3843750 0.0229167 0.0781250
2 0.2598958 0.5207031 0.0489583 0.0429688
4 0.5554687 0.6703125 0.0401042 0.0328125
0 0.6789063 0.7976562 0.0265625 0.0468750
3 0.2559896 0.7062500 0.0536458 0.0390625
0 0.5304688 0.3449219 0.0348958 0.0632812
3 0.6085938 0.2785156 0.0276042 0.0820312
2 0.6890625 0.3484375 0.0385417 0.0796875
2 0.6708333 0.5265625 0.0500000 0.0437500
0 0.6203125 0.3183594 0.0500000 0.0335937
3 0.6440104 0.3125000 0.0578125 0.0390625
5 0.6437500 0.8660156 0.0479167 0.0398437
4 0.5559896 0.8343750 0.0536458 0.0343750
5 0.3585937 0.6148438 0.0494792 0.0390625
4 0.3908854 0.6441406 0.0401042 0.0492187
3 0.5463542 0.2714844 0.0291667 0.0804688
0 0.6114583 0.4546875 0.0489583 0.0406250
3 0.6177083 0.1949219 0.0364583 0.0570312
3 0.6632813 0.7339844 0.0515625 0.0335937
1 0.6950521 0.5769531 0.0505208 0.0367188
2 0.6476563 0.2355469 0.0234375 0.0757812
3 0.5906250 0.2921875 0.0375000 0.0390625
0 0.6263021 0.3699219 0.0296875 0.0742188
2 0.6268229 0.4656250 0.0328125 0.0671875
5 0.4869792 0.5273438 0.0479167 0.0515625
1 0.3942708 0.7582031 0.0552083 0.0445313
1 0.5315104 0.3632812 0.0338542 0.0765625
2 0.5229167 0.5949219 0.0458333 0.0414062
3 0.6111979 0.5593750 0.0265625 0.0328125
0 0.6690104 0.8679687 0.0473958 0.0500000
3 0.6059896 0.6992188 0.0255208 0.0828125
5 0.3802083 0.4253906 0.0260417 0.0710937
4 0.3286458 0.4804688 0.0333333 0.0703125
0 0.6151042 0.7894531 0.0468750 0.0382813
4 0.5927083 0.2632813 0.0333333 0.0531250
0 0.5486979 0.7265625 0.0390625 0.0546875
0 0.3833333 0.2707031 0.0239583 0.0476562
3 0.4218750 0.9667969 0.0281250 0.0648438
4 0.3921875 0.5832031 0.0354167 0.0382813
1 0.5114583 0.6316406 0.0250000 0.0617188
4 0.4406250 0.4832031 0.0364583 0.0664062
2 0.6755208 0.6636719 0.0500000 0.0414062
1 0.7739583 0.7644531 0.0468750 0.0460938
2 0.6658854 0.3125000 0.0265625 0.0703125
0 0.5643229 0.4917969 0.0307292 0.0335937
1 0.4611979 0.7664062 0.0255208 0.0828125
6 0.5101562 0.3160156 0.0380208 0.0648438
7 0.6809896 0.4660156 0.0432292 0.0429688
7 0.5101562 0.2062500 0.0463542 0.0500000
8 0.5773438 0.2628906 0.0401042 0.0695313
6 0.2630208 0.2605469 0.0500000 0.0539063
8 0.5013021 0.3488281 0.0484375 0.0507812
10 0.5690104 0.5492187 0.0494792 0.0500000
9 0.4513021 0.4113281 0.0494792 0.0570312
