4 0.5643229 0.3742187 0.0411458 0.0781250
2 0.5781250 0.0160156 0.0364583 0.0320312
3 0.6437500 0.2960937 0.0385417 0.0843750
4 0.4833333 0.2617188 0.0520833 0.0343750
3 0.2208333 0.4027344 0.0510417 0.0523438
5 0.4726562 0.8527344 0.0432292 0.0585938
3 0.4375000 0.6218750 0.0354167 0.0421875
0 0.7716146 0.5722656 0.0421875 0.0632812
2 0.5677083 0.0519531 0.0312500 0.0632812
3 0.5520833 0.2242187 0.0500000 0.0421875
3 0.4304688 0.7500000 0.0369792 0.0765625
3 0.7354167 0.7898437 0.0614583 0.0359375
0 0.4421875 0.6996094 0.0395833 0.0492187
3 0.5585938 0.5843750 0.0526042 0.0500000
2 0.4242187 0.7812500 0.0307292 0.0468750
0 0.6664062 0.5644531 0.0567708 0.0601563
2 0.5255208 0.0355469 0.0541667 0.0460938
3 0.4934896 0.6511719 0.0505208 0.0554687
5 0.4958333 0.8089844 0.0552083 0.0398437
2 0.7046875 0.4902344 0.0625000 0.0429688
3 0.4510417 0.1394531 0.0437500 0.0617188
3 0.5523438 0.5007812 0.0515625 0.0609375
4 0.6578125 0.7187500 0.0583333 0.0421875
4 0.6445312 0.4421875 0.0255208 0.0484375
1 0.4622396 0.4175781 0.0390625 0.0679687
4 0.4320312 0.4695313 0.0390625 0.0515625
4 0.7031250 0.7546875 0.0593750 0.0406250
2 0.4250000 0.2714844 0.0395833 0.0757812
5 0.6807292 0.4839844 0.0572917 0.0414062
3 0.5973958 0.6015625 0.0531250 0.0625000
2 0.4666667 0.9687500 0.0541667 0.0546875
0 0.4565104 0.7933594 0.0515625 0.0632812
5 0.5723958 0.1277344 0.0333333 0.0726563
0 0.3403646 0.8011719 0.0463542 0.0476562
0 0.3203125 0.1128906 0.0343750 0.0851563
2 0.5083333 0.3562500 0.0437500 0.0593750
5 0.3687500 0.7855469 0.0593750 0.0335937
0 0.4049479 0.5164062 0.0317708 0.0406250
4 0.6606771 0.4648438 0.0609375 0.0546875
9 0.5627604 0.2074219 0.0526042 0.0789062
