0 0.6325521 0.7300781 0.0317708 0.0179687
3 0.4148438 0.6585937 0.0223958 0.0218750
2 0.5317708 0.5996094 0.0208333 0.0273438
5 0.6953125 0.4589844 0.0322917 0.0289063
3 0.3169271 0.5261719 0.0338542 0.0289063
3 0.4567708 0.2726562 0.0312500 0.0187500
0 0.5140625 0.4605469 0.0156250 0.0242188
3 0.3002604 0.3542969 0.0161458 0.0414062
5 0.3703125 0.5097656 0.0239583 0.0414062
3 0.3653646 0.7808594 0.0328125 0.0195312
5 0.2763021 0.2703125 0.0296875 0.0234375
0 0.5802083 0.4058594 0.0260417 0.0289063
1 0.7684896 0.3269531 0.0255208 0.0320312
4 0.3638021 0.4183594 0.0182292 0.0242188
2 0.3768229 0.2781250 0.0265625 0.0328125
3 0.2906250 0.6675781 0.0250000 0.0242188
2 0.5757813 0.7226562 0.0328125 0.0203125
2 0.6182292 0.3578125 0.0177083 0.0312500
3 0.4393229 0.8582031 0.0223958 0.0367188
5 0.3341146 0.6941406 0.0171875 0.0367188
1 0.5244792 0.1507813 0.0260417 0.0328125
3 0.7046875 0.5687500 0.0343750 0.0218750
0 0.5682292 0.6121094 0.0177083 0.0304687
3 0.6520833 0.6769531 0.0156250 0.0257812
4 0.2239583 0.3789062 0.0281250 0.0250000
3 0.4049479 0.7214844 0.0203125 0.0257812
3 0.4057292 0.6820312 0.0229167 0.0218750
3 0.3718750 0.6593750 0.0208333 0.0484375
3 0.4898438 0.6347656 0.0171875 0.0398437
3 0.4799479 0.3742187 0.0234375 0.0453125
3 0.4927083 0.2113281 0.0187500 0.0226562
3 0.5510417 0.6707031 0.0135417 0.0382813
4 0.6026042 0.2917969 0.0145833 0.0460938
5 0.6804687 0.2074219 0.0161458 0.0257812
4 0.3700521 0.3738281 0.0192708 0.0429688
5 0.6523438 0.6578125 0.0213542 0.0343750
4 0.6281250 0.2148438 0.0145833 0.0406250
5 0.6455729 0.7148438 0.0317708 0.0296875
2 0.5643229 0.4726562 0.0296875 0.0296875
1 0.4330729 0.7593750 0.0244792 0.0328125
3 0.4393229 0.3789062 0.0286458 0.0234375
5 0.5533854 0.3261719 0.0307292 0.0226562
3 0.5388021 0.3058594 0.0328125 0.0195312
0 0.3502604 0.3679688 0.0338542 0.0265625
1 0.6104167 0.4066406 0.0177083 0.0382813
2 0.7830729 0.6199219 0.0151042 0.0289063
5 0.4041667 0.8425781 0.0291667 0.0289063
0 0.5765625 0.2589844 0.0208333 0.0335937
2 0.5528646 0.5910156 0.0151042 0.0429688
2 0.4111979 0.7925781 0.0223958 0.0398437
5 0.6414062 0.7683594 0.0192708 0.0242188
0 0.5580729 0.2136719 0.0223958 0.0398437
2 0.6645833 0.4035156 0.0312500 0.0304687
9 0.7695312 0.6656250 0.0286458 0.0296875
8 0.4033854 0.1742188 0.0234375 0.0500000
10 0.3966146 0.6363281 0.0317708 0.0304687
10 0.7794271 0.5945312 0.0307292 0.0406250
8 0.3544271 0.2417969 0.0192708 0.0445313
6 0.5476562 0.2996094 0.0192708 0.0445313
7 0.6880208 0.8914062 0.0281250 0.0468750
11 0.6252604 0.6773438 0.0317708 0.0312500
11 0.5109375 0.2523437 0.0281250 0.0312500
8 0.5835938 0.1601562 0.0223958 0.0484375
7 0.6520833 0.4078125 0.0302083 0.0390625
9 0.6622396 0.5183594 0.0328125 0.0320312
10 0.5903646 0.4566406 0.0182292 0.0273438
7 0.6760417 0.4734375 0.0312500 0.0296875
9 0.4723958 0.3335938 0.0197917 0.0328125
9 0.5419271 0.6199219 0.0276042 0.0289063
6 0.3640625 0.7316406 0.0281250 0.0429688
