4 0.5757813 0.5128906 0.0515625 0.0617188
5 0.5510417 0.2636719 0.0552083 0.0539063
1 0.4656250 0.2214844 0.0500000 0.1101562
3 0.3666667 0.4984375 0.0781250 0.0562500
0 0.3320312 0.2261719 0.0401042 0.0898438
0 0.4643229 0.9332031 0.0411458 0.0882813
5 0.4721354 0.7214844 0.0411458 0.0617188
0 0.5263021 0.5292969 0.0598958 0.0804688
0 0.4502604 0.6195312 0.0536458 0.0718750
7 0.6283854 0.5242187 0.0807292 0.0937500
7 0.5731771 0.8039063 0.0578125 0.1078125
8 0.7713542 0.3125000 0.0812500 0.0781250
10 0.3255208 0.5507812 0.0645833 0.1265625
10 0.3445313 0.6570312 0.0776042 0.0812500
