5 0.6080729 0.4097656 0.0307292 0.0367188
0 0.6015625 0.1113281 0.0375000 0.0257812
3 0.6968750 0.4320312 0.0375000 0.0265625
5 0.7158854 0.5531250 0.0348958 0.0234375
0 0.7208333 0.5234375 0.0375000 0.0343750
1 0.6278646 0.6101562 0.0286458 0.0265625
0 0.6937500 0.2750000 0.0312500 0.0406250
1 0.3020833 0.3863281 0.0364583 0.0257812
1 0.7302083 0.3082031 0.0416667 0.0289063
0 0.3346354 0.8425781 0.0338542 0.0242188
3 0.4817708 0.5144531 0.0197917 0.0226562
0 0.3841146 0.7500000 0.0317708 0.0406250
2 0.5645833 0.5562500 0.0281250 0.0265625
5 0.3882813 0.8937500 0.0286458 0.0328125
3 0.3622396 0.6617188 0.0338542 0.0265625
3 0.5833333 0.1667969 0.0385417 0.0320312
0 0.7463542 0.4195313 0.0312500 0.0375000
5 0.2947917 0.6359375 0.0302083 0.0343750
2 0.5315104 0.5082031 0.0223958 0.0273438
4 0.4385417 0.2558594 0.0385417 0.0242188
5 0.3609375 0.8132812 0.0218750 0.0390625
3 0.5455729 0.6933594 0.0234375 0.0492187
1 0.6497396 0.5546875 0.0348958 0.0250000
3 0.5145833 0.6609375 0.0250000 0.0390625
2 0.5781250 0.4777344 0.0343750 0.0304687
5 0.2231771 0.5242187 0.0359375 0.0250000
0 0.4919271 0.3000000 0.0255208 0.0296875
0 0.4273438 0.5984375 0.0348958 0.0234375
0 0.3338542 0.3210938 0.0166667 0.0515625
1 0.6666667 0.6644531 0.0406250 0.0257812
4 0.4427083 0.7875000 0.0333333 0.0468750
2 0.5145833 0.4847656 0.0250000 0.0554687
1 0.6835938 0.2773438 0.0369792 0.0281250
0 0.6218750 0.6121094 0.0177083 0.0539063
3 0.3583333 0.4929688 0.0166667 0.0468750
2 0.4361979 0.8484375 0.0171875 0.0578125
5 0.7375000 0.4328125 0.0354167 0.0265625
2 0.5643229 0.5015625 0.0338542 0.0312500
3 0.3453125 0.6078125 0.0343750 0.0328125
2 0.7018229 0.1117188 0.0390625 0.0265625
4 0.7023438 0.5031250 0.0369792 0.0343750
1 0.5320312 0.5988281 0.0223958 0.0601563
3 0.3164062 0.8496094 0.0234375 0.0601563
1 0.5140625 0.5238281 0.0187500 0.0382813
1 0.3640625 0.8785156 0.0208333 0.0523438
5 0.6630208 0.7078125 0.0333333 0.0343750
4 0.6627604 0.3757813 0.0348958 0.0250000
5 0.6072917 0.4542969 0.0375000 0.0257812
1 0.5002604 0.5453125 0.0223958 0.0500000
4 0.3200521 0.2195313 0.0286458 0.0218750
3 0.4677083 0.7992187 0.0166667 0.0515625
4 0.2846354 0.6488281 0.0328125 0.0304687
1 0.8119792 0.5425781 0.0177083 0.0289063
1 0.5388021 0.4406250 0.0192708 0.0421875
4 0.5330729 0.7996094 0.0182292 0.0554687
2 0.7156250 0.6890625 0.0343750 0.0343750
1 0.3109375 0.4511719 0.0364583 0.0289063
4 0.6338542 0.5906250 0.0322917 0.0218750
3 0.3429687 0.7007813 0.0244792 0.0531250
5 0.6010417 0.4039063 0.0177083 0.0328125
2 0.6138021 0.8652344 0.0307292 0.0429688
0 0.3447917 0.5144531 0.0343750 0.0398437
1 0.3684896 0.5691406 0.0203125 0.0351562
4 0.5174479 0.7757812 0.0265625 0.0343750
1 0.5367188 0.5296875 0.0296875 0.0265625
1 0.4236979 0.1933594 0.0192708 0.0226562
5 0.4479167 0.2441406 0.0229167 0.0554687
7 0.5184896 0.8410156 0.0348958 0.0414062
7 0.2572917 0.4023438 0.0354167 0.0406250
