4 0.5197917 0.2835937 0.0864583 0.0656250
0 0.6250000 0.3015625 0.0614583 0.0812500
4 0.4778646 0.1695312 0.0734375 0.0718750
1 0.3645833 0.4046875 0.0875000 0.0828125
2 0.2606771 0.5933594 0.0890625 0.1007813
1 0.5346354 0.0566406 0.0578125 0.1132812
5 0.4526042 0.7195312 0.0531250 0.1406250
3 0.6348958 0.6531250 0.0572917 0.1390625
1 0.2497396 0.5433594 0.0859375 0.0648438
1 0.3442708 0.3320312 0.0864583 0.0765625
5 0.3585937 0.3445313 0.0484375 0.1406250
1 0.5255208 0.3921875 0.0729167 0.0859375
3 0.2809896 0.3542969 0.0692708 0.1007813
3 0.3161458 0.4265625 0.0916667 0.0562500
1 0.6208333 0.4785156 0.0614583 0.1179687
4 0.4049479 0.6269531 0.0942708 0.0554687
5 0.5268229 0.8222656 0.0796875 0.0898438
1 0.5390625 0.9406250 0.0697917 0.1078125
5 0.2684896 0.4867187 0.0838542 0.0859375
4 0.3591146 0.5761719 0.0776042 0.0773438
3 0.5052083 0.2957031 0.0854167 0.0835937
4 0.6263021 0.2164062 0.0421875 0.1484375
1 0.5768229 0.1550781 0.0765625 0.1070312
3 0.3338542 0.3886719 0.0479167 0.1429688
0 0.6143229 0.0886719 0.0526042 0.1273438
1 0.6255208 0.6933594 0.0864583 0.0695313
4 0.5875000 0.7265625 0.0895833 0.0578125
2 0.6205729 0.7238281 0.0859375 0.0585938
0 0.5057292 0.7613281 0.0770833 0.0664062
4 0.6651042 0.2601562 0.0875000 0.0578125
4 0.3596354 0.2781250 0.0651042 0.1343750
5 0.6755208 0.4589844 0.0687500 0.0976562
1 0.6885417 0.3226562 0.0916667 0.0578125
2 0.4825521 0.1335938 0.0776042 0.0796875
4 0.5093750 0.6984375 0.0906250 0.0703125
3 0.5768229 0.2085937 0.0848958 0.1000000
4 0.6763021 0.6640625 0.0838542 0.0812500
3 0.7203125 0.4523437 0.0781250 0.1093750
5 0.4354167 0.3429687 0.0489583 0.1328125
0 0.7406250 0.5562500 0.0885417 0.0562500
0 0.6500000 0.7667969 0.0843750 0.0742188
3 0.7195312 0.2777344 0.0932292 0.0617188
2 0.6916667 0.2132813 0.0770833 0.0968750
0 0.7218750 0.4269531 0.0770833 0.0773438
4 0.5270833 0.3187500 0.0781250 0.0828125
10 0.5901042 0.6718750 0.0947917 0.0921875
10 0.6416667 0.2835937 0.0875000 0.0859375
10 0.5348958 0.3062500 0.0864583 0.0953125
8 0.3682292 0.7109375 0.0895833 0.0859375
9 0.4109375 0.4238281 0.0645833 0.0804688
6 0.5765625 0.3148437 0.0812500 0.0875000
8 0.5981771 0.7132812 0.0713542 0.1156250
9 0.6541667 0.3429687 0.0854167 0.0843750
11 0.6403646 0.5359375 0.0796875 0.0781250
6 0.5617188 0.8296875 0.0890625 0.1328125
8 0.5575521 0.6148438 0.0515625 0.0781250
10 0.5726562 0.5664062 0.0526042 0.1125000
8 0.3216146 0.7113281 0.0796875 0.1289062
10 0.4273438 0.2199219 0.0901042 0.1351563
11 0.6476563 0.3160156 0.0598958 0.0882813
11 0.6067708 0.4421875 0.0697917 0.0812500
6 0.3247396 0.6070313 0.0890625 0.0859375
11 0.4312500 0.2000000 0.0802083 0.1312500
8 0.5848958 0.2023437 0.0791667 0.1156250
11 0.4192708 0.8003906 0.0927083 0.0929688
