5 0.4721354 0.4234375 0.0546875 0.0484375
0 0.6679688 0.7648438 0.0598958 0.0500000
2 0.4898438 0.6015625 0.0567708 0.0453125
1 0.5286458 0.4695313 0.0541667 0.0343750
2 0.4765625 0.4406250 0.0312500 0.0578125
3 0.7617188 0.4917969 0.0515625 0.0570312
3 0.5851563 0.6785156 0.0432292 0.0507812
3 0.2812500 0.5855469 0.0322917 0.0554687
2 0.5656250 0.2511719 0.0479167 0.0351562
2 0.7197917 0.7292969 0.0291667 0.0679687
1 0.5882812 0.5457031 0.0473958 0.0523438
3 0.3591146 0.7500000 0.0296875 0.0562500
3 0.5460938 0.1042969 0.0432292 0.0632812
5 0.6320313 0.2382812 0.0546875 0.0453125
3 0.6747396 0.3746094 0.0557292 0.0367188
0 0.3598958 0.6589844 0.0395833 0.0835937
1 0.6940104 0.7937500 0.0442708 0.0343750
0 0.3619792 0.4992187 0.0281250 0.0437500
4 0.5382813 0.6355469 0.0463542 0.0617188
4 0.5815104 0.4683594 0.0234375 0.0398437
0 0.6981771 0.5671875 0.0473958 0.0468750
3 0.6195312 0.3550781 0.0421875 0.0710937
3 0.6385417 0.5648437 0.0468750 0.0609375
2 0.4807292 0.5496094 0.0531250 0.0414062
3 0.4934896 0.4703125 0.0296875 0.0656250
2 0.2950521 0.4250000 0.0505208 0.0406250
1 0.8101563 0.6593750 0.0453125 0.0562500
5 0.6242188 0.4488281 0.0401042 0.0507812
0 0.5010417 0.3503906 0.0281250 0.0320312
3 0.4877604 0.7699219 0.0546875 0.0382813
4 0.6411458 0.1011719 0.0583333 0.0367188
1 0.4554687 0.4246094 0.0453125 0.0554687
2 0.6213542 0.3902344 0.0520833 0.0367188
3 0.4020833 0.5925781 0.0333333 0.0601563
3 0.5895833 0.3367188 0.0437500 0.0468750
1 0.5260417 0.8472656 0.0302083 0.0695313
2 0.4807292 0.3605469 0.0364583 0.0726563
2 0.6377604 0.2937500 0.0546875 0.0359375
5 0.4270833 0.3203125 0.0468750 0.0687500
3 0.6486979 0.4929688 0.0442708 0.0468750
4 0.5593750 0.7835937 0.0541667 0.0390625
1 0.3145833 0.8828125 0.0260417 0.0843750
2 0.7593750 0.2882812 0.0593750 0.0468750
1 0.7078125 0.6394531 0.0375000 0.0445313
4 0.3856771 0.5386719 0.0255208 0.0757812
0 0.6286458 0.6675781 0.0552083 0.0460938
5 0.5153646 0.0457031 0.0401042 0.0773438
0 0.5718750 0.3792969 0.0375000 0.0820312
3 0.4106771 0.3000000 0.0473958 0.0437500
0 0.2802083 0.4933594 0.0489583 0.0523438
0 0.4778646 0.6894531 0.0390625 0.0414062
3 0.7440104 0.5964844 0.0546875 0.0382813
0 0.4026042 0.1937500 0.0500000 0.0593750
2 0.3192708 0.6964844 0.0385417 0.0554687
3 0.4536458 0.1785156 0.0281250 0.0851563
4 0.5619792 0.5996094 0.0291667 0.0367188
1 0.3981771 0.4011719 0.0234375 0.0492187
4 0.5453125 0.4597656 0.0322917 0.0460938
4 0.5135417 0.3601563 0.0208333 0.0734375
0 0.6416667 0.6894531 0.0239583 0.0835937
2 0.5049479 0.5347656 0.0432292 0.0335937
5 0.4804688 0.6691406 0.0338542 0.0398437
2 0.6333333 0.1582031 0.0562500 0.0398437
4 0.3947917 0.3781250 0.0500000 0.0593750
5 0.5510417 0.4125000 0.0510417 0.0453125
11 0.6031250 0.8285156 0.0531250 0.0679687
6 0.5799479 0.5558594 0.0473958 0.0585938
8 0.3335938 0.2539062 0.0328125 0.0484375
6 0.3203125 0.3843750 0.0406250 0.0500000
8 0.5205729 0.3902344 0.0536458 0.0664062
10 0.4812500 0.8500000 0.0520833 0.0515625
11 0.4330729 0.6757812 0.0515625 0.0500000
9 0.8067708 0.4183594 0.0531250 0.0679687
11 0.4218750 0.6617188 0.0562500 0.0750000
9 0.3877604 0.6375000 0.0390625 0.0593750
10 0.7473958 0.4667969 0.0500000 0.0601563
