2 0.4820313 0.5054688 0.0234375 0.0250000
0 0.5174479 0.2363281 0.0213542 0.0492187
3 0.2611979 0.6296875 0.0171875 0.0390625
0 0.4953125 0.4812500 0.0354167 0.0265625
0 0.5614583 0.6847656 0.0218750 0.0585938
1 0.6804687 0.7062500 0.0276042 0.0203125
5 0.4856771 0.8933594 0.0265625 0.0320312
2 0.6429687 0.6628906 0.0234375 0.0351562
5 0.4466146 0.9109375 0.0328125 0.0453125
1 0.6679688 0.3863281 0.0296875 0.0289063
4 0.6432292 0.4503906 0.0166667 0.0289063
3 0.6526042 0.2714844 0.0291667 0.0398437
0 0.5239583 0.6695313 0.0354167 0.0203125
0 0.5656250 0.6457031 0.0364583 0.0242188
2 0.5304688 0.1035156 0.0348958 0.0320312
7 0.4682292 0.2722656 0.0291667 0.0429688
7 0.4427083 0.1750000 0.0260417 0.0531250
9 0.3265625 0.2464844 0.0375000 0.0492187
10 0.6552083 0.1859375 0.0343750 0.0328125
8 0.4122396 0.4574219 0.0348958 0.0382813
9 0.2065104 0.7460938 0.0296875 0.0421875
10 0.4309896 0.2343750 0.0307292 0.0484375
6 0.3466146 0.6929688 0.0296875 0.0390625
11 0.6744792 0.7582031 0.0229167 0.0523438
11 0.6848958 0.6089844 0.0343750 0.0335937
10 0.4080729 0.3843750 0.0213542 0.0343750
6 0.4539063 0.7812500 0.0296875 0.0390625
7 0.5604167 0.4074219 0.0250000 0.0539063
11 0.6320313 0.5074219 0.0348958 0.0351562
7 0.3997396 0.7867188 0.0265625 0.0500000
7 0.6921875 0.6285156 0.0343750 0.0320312
6 0.6062500 0.6796875 0.0333333 0.0328125
8 0.3747396 0.5589844 0.0348958 0.0351562
