1 0.5781250 0.5316406 0.0541667 0.0570312
2 0.6289062 0.7398438 0.0421875 0.0421875
5 0.3315104 0.8992187 0.0369792 0.0984375
1 0.3838542 0.4218750 0.0364583 0.0531250
3 0.3320312 0.4863281 0.0567708 0.0445313
5 0.5263021 0.4628906 0.0421875 0.0664062
2 0.6367188 0.3929687 0.0598958 0.0609375
1 0.5604167 0.5996094 0.0541667 0.0664062
2 0.5317708 0.6679688 0.0395833 0.0531250
4 0.6755208 0.3375000 0.0531250 0.0484375
5 0.3213542 0.3675781 0.0322917 0.0539063
5 0.2296875 0.4789062 0.0437500 0.0640625
4 0.7510417 0.7406250 0.0614583 0.0515625
0 0.4781250 0.4210937 0.0614583 0.0531250
5 0.5453125 0.1347656 0.0406250 0.0804688
3 0.5007812 0.7796875 0.0557292 0.0796875
3 0.5486979 0.8390625 0.0359375 0.0781250
2 0.6984375 0.7000000 0.0406250 0.0515625
4 0.6223958 0.6636719 0.0583333 0.0398437
4 0.5885417 0.4425781 0.0572917 0.0382813
4 0.4567708 0.5890625 0.0520833 0.0453125
5 0.4247396 0.5988281 0.0536458 0.0679687
2 0.5153646 0.2339844 0.0567708 0.0679687
2 0.5546875 0.3582031 0.0427083 0.0664062
0 0.5166667 0.3886719 0.0625000 0.0554687
3 0.2664063 0.7500000 0.0286458 0.0843750
5 0.4505208 0.5050781 0.0541667 0.0585938
1 0.6252604 0.3437500 0.0432292 0.0531250
0 0.6981771 0.5824219 0.0588542 0.0382813
4 0.6992188 0.3527344 0.0619792 0.0570312
5 0.6046875 0.4753906 0.0562500 0.0367188
1 0.3164062 0.8082031 0.0296875 0.0570312
3 0.3783854 0.5367188 0.0307292 0.0640625
3 0.4281250 0.5136719 0.0479167 0.0445313
3 0.6291667 0.3253906 0.0302083 0.0507812
4 0.4343750 0.6214844 0.0562500 0.0617188
3 0.5278646 0.3964844 0.0526042 0.0460938
1 0.4916667 0.5652344 0.0614583 0.0382813
2 0.5552083 0.7117187 0.0364583 0.0468750
5 0.4945312 0.7535156 0.0557292 0.0632812
0 0.3302083 0.5101562 0.0520833 0.0781250
5 0.5221354 0.5003906 0.0619792 0.0570312
3 0.5989583 0.7324219 0.0645833 0.0445313
0 0.6937500 0.5515625 0.0645833 0.0421875
1 0.6312500 0.6613281 0.0500000 0.0460938
4 0.3934896 0.6308594 0.0348958 0.0945312
3 0.4273438 0.4269531 0.0546875 0.0695313
1 0.3427083 0.1730469 0.0343750 0.0851563
4 0.5471354 0.0496094 0.0307292 0.0726563
1 0.5291667 0.5765625 0.0583333 0.0375000
3 0.4450521 0.0824219 0.0390625 0.0773438
3 0.3169271 0.6613281 0.0703125 0.0523438
1 0.2963542 0.3554688 0.0593750 0.0421875
3 0.5585938 0.4785156 0.0401042 0.0351562
5 0.2627604 0.6410156 0.0588542 0.0523438
10 0.5520833 0.6589844 0.0354167 0.0820312
11 0.4656250 0.6449219 0.0343750 0.0773438
11 0.6091146 0.2937500 0.0442708 0.0984375
10 0.5119792 0.7492188 0.0552083 0.0562500
10 0.2520833 0.5253906 0.0416667 0.0617188
11 0.4851563 0.3765625 0.0473958 0.0687500
10 0.2854167 0.4453125 0.0375000 0.0781250
