3 0.7000000 0.7582031 0.0322917 0.1039063
0 0.6182292 0.6027344 0.0437500 0.0726563
4 0.6179687 0.7601562 0.0432292 0.0625000
5 0.4742188 0.5925781 0.0588542 0.0648438
2 0.4690104 0.1406250 0.0494792 0.0609375
4 0.6093750 0.0253906 0.0385417 0.0507812
2 0.7382812 0.4363281 0.0630208 0.0445313
4 0.5619792 0.8273438 0.0437500 0.0875000
4 0.5138021 0.6019531 0.0421875 0.0960938
4 0.5203125 0.4828125 0.0552083 0.0625000
0 0.7312500 0.2492187 0.0312500 0.1062500
0 0.5039062 0.5433594 0.0296875 0.0820312
0 0.7354167 0.6312500 0.0656250 0.0437500
5 0.5049479 0.7507812 0.0328125 0.1062500
3 0.7403646 0.7320313 0.0619792 0.0468750
2 0.6127604 0.3066406 0.0421875 0.1132812
4 0.5541667 0.1988281 0.0687500 0.0476562
3 0.4054687 0.4574219 0.0734375 0.0492187
3 0.6567708 0.6593750 0.0656250 0.0656250
1 0.4786458 0.6078125 0.0333333 0.0781250
2 0.3101563 0.5433594 0.0651042 0.0507812
3 0.5234375 0.6789063 0.0583333 0.0687500
1 0.5117188 0.9761719 0.0619792 0.0460938
5 0.4528646 0.8250000 0.0317708 0.0656250
1 0.4432292 0.6910156 0.0635417 0.0726563
3 0.3283854 0.2386719 0.0411458 0.1007813
2 0.6562500 0.6289062 0.0489583 0.1031250
1 0.6505208 0.5226563 0.0656250 0.0453125
4 0.5703125 0.6363281 0.0729167 0.0539063
2 0.4843750 0.4636719 0.0500000 0.0960938
10 0.4377604 0.6800781 0.0442708 0.0679687
8 0.6408854 0.7171875 0.0682292 0.0953125
8 0.3359375 0.1949219 0.0729167 0.0867187
8 0.3406250 0.4683594 0.0729167 0.0773438
10 0.5018229 0.3328125 0.0557292 0.0687500
10 0.7614583 0.3507812 0.0666667 0.0718750
11 0.5434896 0.6523438 0.0682292 0.0875000
9 0.5393229 0.3179688 0.0609375 0.0687500
8 0.7419271 0.2828125 0.0692708 0.0671875
