5 0.6658854 0.1792969 0.0276042 0.0195312
4 0.3966146 0.6707031 0.0171875 0.0226562
2 0.5755208 0.1570313 0.0218750 0.0343750
4 0.5768229 0.5191406 0.0276042 0.0273438
5 0.4622396 0.3152344 0.0296875 0.0195312
5 0.5731771 0.6796875 0.0192708 0.0187500
4 0.6520833 0.7472656 0.0145833 0.0445313
0 0.5401042 0.3445313 0.0145833 0.0453125
1 0.5880208 0.3316406 0.0125000 0.0429688
1 0.5416667 0.7363281 0.0281250 0.0273438
5 0.4825521 0.4925781 0.0151042 0.0335937
0 0.5184896 0.3933594 0.0203125 0.0398437
5 0.6091146 0.3695312 0.0234375 0.0281250
3 0.6861979 0.5777344 0.0140625 0.0242188
0 0.6557292 0.5964844 0.0333333 0.0273438
4 0.8210937 0.3988281 0.0234375 0.0320312
0 0.4330729 0.5539063 0.0286458 0.0203125
5 0.2708333 0.5347656 0.0239583 0.0242188
3 0.7250000 0.2964844 0.0302083 0.0226562
5 0.4080729 0.7878906 0.0192708 0.0335937
5 0.4341146 0.3246094 0.0140625 0.0289063
1 0.5505208 0.1046875 0.0250000 0.0343750
4 0.5658854 0.3742187 0.0140625 0.0453125
1 0.5802083 0.6195312 0.0302083 0.0187500
3 0.5127604 0.2207031 0.0286458 0.0257812
0 0.6643229 0.6207031 0.0276042 0.0195312
2 0.4958333 0.1500000 0.0187500 0.0453125
2 0.4031250 0.2062500 0.0166667 0.0218750
4 0.6182292 0.6515625 0.0125000 0.0421875
3 0.7130208 0.3515625 0.0281250 0.0328125
3 0.2549479 0.4781250 0.0140625 0.0234375
0 0.4632812 0.7851562 0.0244792 0.0250000
1 0.6286458 0.3691406 0.0125000 0.0414062
1 0.5528646 0.5093750 0.0307292 0.0265625
2 0.6888021 0.6121094 0.0286458 0.0257812
0 0.6080729 0.4625000 0.0307292 0.0265625
3 0.5166667 0.5308594 0.0229167 0.0414062
1 0.5614583 0.3078125 0.0156250 0.0265625
0 0.7109375 0.3933594 0.0270833 0.0242188
4 0.6364583 0.6816406 0.0291667 0.0195312
3 0.6205729 0.2769531 0.0182292 0.0476562
4 0.3835938 0.7250000 0.0140625 0.0218750
4 0.4151042 0.1839844 0.0177083 0.0476562
7 0.4341146 0.3781250 0.0265625 0.0250000
10 0.3265625 0.6496094 0.0177083 0.0382813
10 0.5622396 0.1843750 0.0276042 0.0437500
10 0.3692708 0.7281250 0.0250000 0.0296875
8 0.7088542 0.2597656 0.0281250 0.0429688
8 0.5434896 0.3093750 0.0182292 0.0437500
9 0.5502604 0.3722656 0.0223958 0.0335937
