5 0.6278646 0.7398438 0.0130208 0.0265625
2 0.6713542 0.3687500 0.0250000 0.0187500
3 0.5898438 0.8496094 0.0151042 0.0414062
4 0.5192708 0.4917969 0.0166667 0.0304687
2 0.6565104 0.5867187 0.0234375 0.0156250
0 0.5440104 0.7406250 0.0255208 0.0187500
0 0.7098958 0.3097656 0.0260417 0.0148437
2 0.3588542 0.5144531 0.0125000 0.0179687
1 0.6486979 0.5472656 0.0244792 0.0195312
1 0.3945312 0.3144531 0.0161458 0.0320312
3 0.6794271 0.7023438 0.0255208 0.0156250
2 0.6010417 0.3335938 0.0208333 0.0187500
5 0.6216146 0.8164062 0.0255208 0.0203125
0 0.6247396 0.4746094 0.0171875 0.0304687
4 0.4661458 0.1246094 0.0229167 0.0273438
0 0.4687500 0.4929688 0.0166667 0.0203125
2 0.5531250 0.5433594 0.0177083 0.0242188
1 0.6101562 0.7589844 0.0171875 0.0351562
5 0.5403646 0.4257812 0.0276042 0.0203125
0 0.5333333 0.4500000 0.0208333 0.0203125
2 0.5421875 0.7035156 0.0177083 0.0320312
1 0.3343750 0.2921875 0.0208333 0.0359375
0 0.4843750 0.3812500 0.0270833 0.0187500
1 0.3250000 0.3308594 0.0156250 0.0289063
0 0.6106771 0.5390625 0.0213542 0.0234375
1 0.4585938 0.7335938 0.0130208 0.0171875
4 0.4458333 0.7800781 0.0135417 0.0414062
4 0.2598958 0.6402344 0.0208333 0.0210938
0 0.5604167 0.8875000 0.0135417 0.0343750
3 0.3856771 0.6953125 0.0244792 0.0156250
2 0.6781250 0.1640625 0.0260417 0.0187500
1 0.4856771 0.3863281 0.0203125 0.0148437
4 0.6036458 0.2367188 0.0166667 0.0390625
0 0.5247396 0.6277344 0.0140625 0.0335937
4 0.5299479 0.4011719 0.0140625 0.0164063
0 0.4096354 0.2132813 0.0255208 0.0171875
3 0.6036458 0.8382812 0.0229167 0.0187500
5 0.5364583 0.7757812 0.0239583 0.0156250
3 0.4231771 0.3593750 0.0192708 0.0296875
0 0.4812500 0.5402344 0.0187500 0.0210938
1 0.5515625 0.1667969 0.0125000 0.0382813
4 0.6677083 0.6726562 0.0125000 0.0187500
0 0.4684896 0.3824219 0.0244792 0.0179687
4 0.5046875 0.7691406 0.0166667 0.0210938
3 0.5778646 0.5921875 0.0182292 0.0218750
2 0.4028646 0.5343750 0.0130208 0.0343750
5 0.5187500 0.7046875 0.0135417 0.0343750
2 0.5505208 0.6953125 0.0156250 0.0187500
5 0.4083333 0.2246094 0.0177083 0.0257812
2 0.4911458 0.4937500 0.0270833 0.0187500
5 0.4091146 0.1046875 0.0119792 0.0171875
3 0.3463542 0.9222656 0.0187500 0.0273438
4 0.6354167 0.6105469 0.0187500 0.0164063
1 0.3911458 0.4503906 0.0104167 0.0335937
5 0.6497396 0.3218750 0.0213542 0.0250000
2 0.6223958 0.2953125 0.0229167 0.0187500
5 0.4817708 0.7214844 0.0114583 0.0242188
0 0.4148438 0.6902344 0.0130208 0.0257812
3 0.5296875 0.4421875 0.0229167 0.0171875
5 0.5351562 0.9183594 0.0234375 0.0257812
2 0.4390625 0.8253906 0.0197917 0.0210938
4 0.3403646 0.4367187 0.0130208 0.0234375
3 0.2494792 0.4105469 0.0239583 0.0226562
4 0.4169271 0.7289062 0.0223958 0.0203125
2 0.3981771 0.1531250 0.0213542 0.0234375
1 0.6739583 0.3914063 0.0197917 0.0265625
5 0.6700521 0.3777344 0.0244792 0.0195312
1 0.7197917 0.3582031 0.0135417 0.0367188
5 0.4218750 0.6085938 0.0281250 0.0187500
3 0.3489583 0.5886719 0.0218750 0.0195312
1 0.4781250 0.2863281 0.0135417 0.0289063
4 0.5640625 0.9589844 0.0125000 0.0335937
5 0.5161458 0.6609375 0.0229167 0.0250000
4 0.3205729 0.4570312 0.0119792 0.0250000
8 0.3315104 0.4257812 0.0255208 0.0250000
9 0.5356771 0.6515625 0.0255208 0.0359375
8 0.5807292 0.4433594 0.0239583 0.0242188
9 0.4218750 0.3500000 0.0156250 0.0343750
7 0.7197917 0.6046875 0.0218750 0.0250000
8 0.5372396 0.2468750 0.0171875 0.0328125
9 0.3523438 0.7425781 0.0244792 0.0257812
10 0.3617187 0.3289063 0.0140625 0.0203125
9 0.5445313 0.4656250 0.0234375 0.0265625
6 0.3783854 0.5914063 0.0244792 0.0281250
10 0.6791667 0.3671875 0.0229167 0.0281250
10 0.5083333 0.3984375 0.0260417 0.0250000
11 0.5421875 0.7335938 0.0208333 0.0359375
11 0.5763021 0.4527344 0.0244792 0.0242188
