5 0.6299479 0.7671875 0.0255208 0.0515625
4 0.6367188 0.3320312 0.0307292 0.0500000
0 0.8046875 0.3484375 0.0437500 0.0359375
2 0.5705729 0.3296875 0.0411458 0.0281250
0 0.7153646 0.4789062 0.0255208 0.0578125
2 0.6252604 0.1925781 0.0255208 0.0304687
0 0.5890625 0.1003906 0.0177083 0.0632812
0 0.5393229 0.5589844 0.0421875 0.0304687
4 0.4625000 0.5769531 0.0208333 0.0289063
5 0.7096354 0.4140625 0.0411458 0.0437500
3 0.6497396 0.3750000 0.0203125 0.0375000
4 0.7270833 0.4171875 0.0447917 0.0312500
2 0.4651042 0.3707031 0.0333333 0.0320312
1 0.6229167 0.2125000 0.0239583 0.0390625
0 0.2367188 0.4820313 0.0203125 0.0328125
4 0.4088542 0.1636719 0.0437500 0.0382813
5 0.6986979 0.7070312 0.0286458 0.0359375
3 0.7216146 0.7757812 0.0411458 0.0359375
1 0.4505208 0.4472656 0.0333333 0.0335937
0 0.3442708 0.4183594 0.0385417 0.0351562
2 0.6445312 0.2886719 0.0296875 0.0554687
4 0.6260417 0.0921875 0.0395833 0.0406250
3 0.6528646 0.3343750 0.0463542 0.0281250
2 0.5640625 0.3796875 0.0427083 0.0312500
0 0.4700521 0.5265625 0.0453125 0.0312500
1 0.2557292 0.5976562 0.0291667 0.0296875
2 0.4213542 0.6371094 0.0291667 0.0617188
2 0.6096354 0.8363281 0.0401042 0.0257812
1 0.2361979 0.5542969 0.0192708 0.0460938
4 0.6851563 0.7265625 0.0213542 0.0390625
4 0.5208333 0.5242187 0.0343750 0.0500000
2 0.5341146 0.8886719 0.0255208 0.0632812
2 0.6736979 0.4339844 0.0286458 0.0304687
3 0.5856771 0.5769531 0.0421875 0.0320312
2 0.4161458 0.7851562 0.0395833 0.0359375
3 0.5263021 0.7980469 0.0223958 0.0632812
1 0.6481771 0.6132812 0.0411458 0.0281250
5 0.4286458 0.4484375 0.0364583 0.0421875
1 0.6859375 0.1863281 0.0437500 0.0257812
3 0.3869792 0.2906250 0.0406250 0.0296875
2 0.6114583 0.5566406 0.0281250 0.0351562
0 0.5794271 0.3679688 0.0265625 0.0421875
4 0.3455729 0.4296875 0.0223958 0.0500000
2 0.5192708 0.6718750 0.0427083 0.0312500
5 0.3010417 0.1636719 0.0197917 0.0648438
3 0.4674479 0.6328125 0.0255208 0.0484375
3 0.6630208 0.7343750 0.0197917 0.0625000
3 0.6257812 0.1304687 0.0432292 0.0359375
3 0.4544271 0.6718750 0.0296875 0.0546875
4 0.4296875 0.2304688 0.0239583 0.0406250
2 0.5200521 0.7792969 0.0328125 0.0617188
0 0.7164063 0.3406250 0.0213542 0.0625000
5 0.4755208 0.5101562 0.0239583 0.0375000
4 0.5382813 0.3847656 0.0255208 0.0414062
1 0.5460938 0.7925781 0.0442708 0.0398437
0 0.6533854 0.5191406 0.0390625 0.0273438
5 0.5473958 0.4640625 0.0302083 0.0375000
3 0.5989583 0.5613281 0.0458333 0.0320312
0 0.6575521 0.8574219 0.0411458 0.0304687
2 0.5190104 0.4878906 0.0453125 0.0304687
2 0.3026042 0.5433594 0.0250000 0.0664062
1 0.4429688 0.7953125 0.0380208 0.0421875
4 0.5979167 0.5515625 0.0354167 0.0359375
4 0.6557292 0.2074219 0.0187500 0.0632812
3 0.6440104 0.4050781 0.0182292 0.0539063
3 0.6117187 0.8265625 0.0359375 0.0453125
1 0.3898437 0.5437500 0.0369792 0.0375000
5 0.4476562 0.6031250 0.0161458 0.0593750
4 0.6911458 0.3968750 0.0458333 0.0328125
0 0.3848958 0.5039062 0.0208333 0.0421875
3 0.6104167 0.4292969 0.0385417 0.0335937
2 0.7005208 0.5207031 0.0416667 0.0351562
5 0.3960938 0.1160156 0.0442708 0.0320312
0 0.3609375 0.6582031 0.0416667 0.0289063
5 0.7153646 0.6816406 0.0473958 0.0335937
4 0.3656250 0.4687500 0.0354167 0.0328125
8 0.5492187 0.7906250 0.0255208 0.0593750
8 0.6356771 0.7570313 0.0390625 0.0390625
10 0.6096354 0.4644531 0.0411458 0.0398437
6 0.4187500 0.7519531 0.0385417 0.0382813
9 0.7158854 0.4839844 0.0442708 0.0570312
10 0.4700521 0.5726562 0.0380208 0.0406250
8 0.5768229 0.9320312 0.0390625 0.0406250
