5 0.6916667 0.6300781 0.0239583 0.0289063
5 0.8072917 0.3128906 0.0260417 0.0273438
4 0.5114583 0.1824219 0.0166667 0.0257812
2 0.6809896 0.6953125 0.0286458 0.0218750
2 0.3835938 0.3796875 0.0244792 0.0234375
1 0.2911458 0.5339844 0.0250000 0.0257812
0 0.7242188 0.6984375 0.0203125 0.0218750
2 0.6539063 0.8039063 0.0140625 0.0281250
1 0.6778646 0.3445313 0.0255208 0.0234375
3 0.6270833 0.7269531 0.0291667 0.0210938
4 0.5252604 0.5441406 0.0182292 0.0351562
4 0.4140625 0.4375000 0.0187500 0.0250000
2 0.5153646 0.8316406 0.0192708 0.0320312
2 0.5489583 0.6609375 0.0156250 0.0406250
2 0.3562500 0.2761719 0.0218750 0.0320312
1 0.5023437 0.2269531 0.0151042 0.0398437
4 0.3955729 0.5636719 0.0192708 0.0335937
1 0.2578125 0.5917969 0.0239583 0.0257812
3 0.6875000 0.7441406 0.0260417 0.0210938
3 0.6200521 0.5062500 0.0171875 0.0203125
3 0.4348958 0.3207031 0.0218750 0.0273438
1 0.4921875 0.4566406 0.0270833 0.0195312
0 0.7132812 0.3707031 0.0151042 0.0382813
3 0.6190104 0.4636719 0.0151042 0.0367188
4 0.4736979 0.2394531 0.0234375 0.0289063
5 0.4440104 0.2402344 0.0276042 0.0195312
1 0.2882812 0.3953125 0.0119792 0.0406250
2 0.3500000 0.2343750 0.0281250 0.0203125
5 0.3406250 0.6121094 0.0260417 0.0257812
1 0.3677083 0.2914062 0.0218750 0.0312500
3 0.6054688 0.5453125 0.0244792 0.0312500
2 0.5619792 0.4468750 0.0260417 0.0234375
3 0.7718750 0.3843750 0.0260417 0.0218750
2 0.5075521 0.6828125 0.0140625 0.0406250
2 0.6908854 0.4992187 0.0286458 0.0234375
4 0.5161458 0.5839844 0.0239583 0.0164063
3 0.5812500 0.7421875 0.0270833 0.0265625
2 0.5744792 0.3769531 0.0270833 0.0242188
3 0.5117188 0.4234375 0.0192708 0.0390625
0 0.5414062 0.2144531 0.0286458 0.0210938
0 0.4335938 0.3585937 0.0192708 0.0312500
1 0.6859375 0.4929688 0.0291667 0.0281250
2 0.6083333 0.6980469 0.0156250 0.0179687
4 0.4666667 0.5906250 0.0156250 0.0265625
5 0.2804687 0.4945312 0.0151042 0.0250000
5 0.5815104 0.6789063 0.0119792 0.0187500
3 0.2255208 0.6824219 0.0229167 0.0289063
1 0.5708333 0.5847656 0.0250000 0.0242188
0 0.6143229 0.4859375 0.0286458 0.0218750
1 0.6479167 0.5550781 0.0166667 0.0210938
2 0.5242187 0.6101562 0.0265625 0.0218750
0 0.5518229 0.3117187 0.0119792 0.0359375
1 0.5354167 0.5109375 0.0291667 0.0218750
2 0.5468750 0.1992188 0.0281250 0.0187500
5 0.5408854 0.4214844 0.0234375 0.0210938
4 0.5572917 0.5152344 0.0208333 0.0242188
3 0.7171875 0.7050781 0.0239583 0.0242188
1 0.5765625 0.3800781 0.0270833 0.0195312
3 0.6119792 0.9062500 0.0281250 0.0234375
5 0.4484375 0.8832031 0.0125000 0.0367188
1 0.4322917 0.4929688 0.0218750 0.0328125
4 0.5234375 0.4789062 0.0166667 0.0296875
3 0.6338542 0.5789062 0.0250000 0.0234375
5 0.4085937 0.3105469 0.0119792 0.0367188
2 0.5177083 0.3335938 0.0291667 0.0234375
4 0.7854167 0.3886719 0.0260417 0.0210938
4 0.2919271 0.5996094 0.0307292 0.0257812
0 0.6567708 0.2082031 0.0125000 0.0335937
0 0.3416667 0.5574219 0.0177083 0.0351562
0 0.3591146 0.6183594 0.0234375 0.0257812
0 0.3059896 0.7144531 0.0171875 0.0382813
2 0.6817708 0.6417969 0.0197917 0.0257812
0 0.5567708 0.6894531 0.0187500 0.0335937
4 0.2825521 0.5394531 0.0276042 0.0179687
4 0.6395833 0.4980469 0.0250000 0.0195312
1 0.3690104 0.6191406 0.0265625 0.0242188
3 0.6716146 0.7132812 0.0276042 0.0218750
2 0.2307292 0.4882812 0.0239583 0.0296875
4 0.6468750 0.8441406 0.0229167 0.0195312
11 0.6479167 0.2453125 0.0260417 0.0265625
10 0.6015625 0.5347656 0.0177083 0.0382813
11 0.3739583 0.3578125 0.0229167 0.0328125
11 0.4174479 0.6460938 0.0161458 0.0375000
6 0.5864583 0.4839844 0.0250000 0.0289063
9 0.5401042 0.4851563 0.0250000 0.0312500
10 0.3854167 0.1589844 0.0156250 0.0242188
11 0.6153646 0.6578125 0.0255208 0.0250000
6 0.6020833 0.7718750 0.0239583 0.0328125
9 0.2989583 0.5089844 0.0260417 0.0257812
9 0.7299479 0.7449219 0.0223958 0.0382813
7 0.3000000 0.7113281 0.0270833 0.0257812
8 0.6697917 0.3750000 0.0187500 0.0359375
