3 0.5507812 0.4355469 0.0921875 0.0648438
2 0.5442708 0.7378906 0.0937500 0.0710937
2 0.6072917 0.3242188 0.0937500 0.0781250
5 0.4179688 0.1730469 0.0984375 0.0679687
1 0.7651042 0.7898437 0.1020833 0.0687500
2 0.4648438 0.1460937 0.0630208 0.1593750
3 0.6361979 0.9144531 0.0536458 0.1382812
8 0.6627604 0.5109375 0.0744792 0.1203125
8 0.5942708 0.5574219 0.0822917 0.0820312
8 0.6510417 0.5988281 0.0906250 0.0976562
10 0.6033854 0.5277344 0.0942708 0.0914062
6 0.4028646 0.5273438 0.0619792 0.1000000
6 0.4807292 0.0589844 0.0687500 0.1179687
