3 0.6635417 0.1710937 0.0958333 0.0546875
1 0.2536458 0.4804688 0.0895833 0.0796875
2 0.4002604 0.3816406 0.0942708 0.0929688
1 0.3395833 0.6335937 0.0802083 0.0687500
3 0.5390625 0.1386719 0.0479167 0.1101562
0 0.6549479 0.6656250 0.0463542 0.0812500
0 0.5210938 0.2957031 0.0942708 0.1195313
0 0.4570312 0.3281250 0.0661458 0.0890625
4 0.2763021 0.5375000 0.1005208 0.0531250
3 0.2356771 0.6652344 0.0692708 0.0992187
5 0.7445312 0.2304688 0.0994792 0.0984375
5 0.7072917 0.6632813 0.0614583 0.0671875
3 0.6062500 0.5792969 0.0802083 0.0695313
5 0.6289062 0.6414062 0.0692708 0.1046875
0 0.5638021 0.1480469 0.0598958 0.1226562
1 0.4468750 0.9628906 0.0468750 0.0726563
1 0.2559896 0.5277344 0.0473958 0.1539062
2 0.5572917 0.7285156 0.0833333 0.0945312
2 0.5210938 0.1863281 0.0953125 0.0632812
0 0.3382812 0.5878906 0.0536458 0.1273438
4 0.6338542 0.4234375 0.0677083 0.0687500
8 0.7236979 0.4828125 0.0848958 0.0890625
