0 0.6067708 0.6085938 0.0343750 0.0484375
4 0.5309896 0.3125000 0.0192708 0.0671875
5 0.6869792 0.6570312 0.0281250 0.0343750
5 0.6455729 0.5753906 0.0380208 0.0445313
4 0.5036458 0.7039062 0.0281250 0.0484375
5 0.5377604 0.5496094 0.0432292 0.0351562
4 0.6544271 0.7550781 0.0369792 0.0304687
3 0.6197917 0.8753906 0.0322917 0.0289063
5 0.4234375 0.4843750 0.0218750 0.0546875
0 0.5473958 0.2773438 0.0416667 0.0281250
1 0.4481771 0.8355469 0.0265625 0.0476562
1 0.7643229 0.4996094 0.0359375 0.0414062
3 0.4091146 0.8152344 0.0255208 0.0382813
2 0.5755208 0.5289063 0.0395833 0.0328125
1 0.4708333 0.6546875 0.0322917 0.0312500
4 0.3679688 0.5785156 0.0328125 0.0445313
2 0.6281250 0.3867188 0.0437500 0.0375000
4 0.3296875 0.5359375 0.0281250 0.0328125
4 0.5286458 0.3218750 0.0177083 0.0312500
3 0.6098958 0.4992187 0.0197917 0.0359375
5 0.5898438 0.4125000 0.0390625 0.0265625
4 0.7278646 0.7585937 0.0390625 0.0265625
4 0.2742188 0.4875000 0.0442708 0.0343750
2 0.5414062 0.2816406 0.0234375 0.0335937
0 0.6877604 0.4964844 0.0432292 0.0304687
4 0.4908854 0.5324219 0.0161458 0.0523438
4 0.5914063 0.5390625 0.0296875 0.0328125
4 0.4182292 0.6265625 0.0291667 0.0437500
0 0.5526042 0.5199219 0.0406250 0.0320312
2 0.3210938 0.3792969 0.0369792 0.0304687
4 0.5484375 0.1472656 0.0375000 0.0257812
0 0.5356771 0.8449219 0.0359375 0.0460938
4 0.5518229 0.5972656 0.0390625 0.0242188
3 0.5273438 0.6132812 0.0348958 0.0375000
0 0.5513021 0.6699219 0.0161458 0.0445313
0 0.4184896 0.5570312 0.0380208 0.0406250
5 0.6643229 0.8281250 0.0276042 0.0375000
2 0.5921875 0.8320312 0.0395833 0.0343750
5 0.5648437 0.4449219 0.0432292 0.0351562
5 0.3783854 0.4554687 0.0411458 0.0343750
2 0.5513021 0.5710937 0.0421875 0.0343750
5 0.5119792 0.2949219 0.0197917 0.0382813
3 0.4291667 0.4265625 0.0343750 0.0375000
5 0.3088542 0.7164063 0.0229167 0.0593750
5 0.5934896 0.2515625 0.0411458 0.0359375
0 0.4554687 0.8429688 0.0244792 0.0546875
5 0.6739583 0.6007813 0.0427083 0.0312500
3 0.4773438 0.5000000 0.0338542 0.0265625
1 0.4122396 0.7644531 0.0244792 0.0445313
4 0.3781250 0.6386719 0.0239583 0.0601563
4 0.3932292 0.3636719 0.0395833 0.0335937
1 0.6268229 0.5695313 0.0390625 0.0328125
3 0.5619792 0.7179688 0.0406250 0.0296875
2 0.3052083 0.3929687 0.0375000 0.0421875
3 0.3361979 0.9011719 0.0255208 0.0507812
5 0.3640625 0.3917969 0.0385417 0.0335937
1 0.6434896 0.6886719 0.0348958 0.0476562
3 0.7119792 0.5460938 0.0437500 0.0375000
1 0.4739583 0.3308594 0.0375000 0.0226562
0 0.7031250 0.3515625 0.0281250 0.0328125
5 0.6018229 0.6464844 0.0369792 0.0273438
2 0.5723958 0.2046875 0.0177083 0.0625000
5 0.6088542 0.6609375 0.0416667 0.0281250
5 0.6645833 0.4050781 0.0239583 0.0523438
0 0.6088542 0.5410156 0.0375000 0.0335937
1 0.5304688 0.3023438 0.0244792 0.0406250
9 0.4036458 0.4468750 0.0229167 0.0531250
6 0.4257812 0.7851562 0.0296875 0.0578125
8 0.3838542 0.4281250 0.0260417 0.0406250
9 0.2549479 0.5332031 0.0317708 0.0460938
10 0.3778646 0.5109375 0.0307292 0.0468750
8 0.5510417 0.8867188 0.0364583 0.0390625
10 0.5114583 0.8640625 0.0333333 0.0593750
11 0.4937500 0.5476562 0.0406250 0.0468750
7 0.3986979 0.2882812 0.0380208 0.0500000
8 0.4437500 0.6765625 0.0312500 0.0343750
7 0.6424479 0.4593750 0.0380208 0.0375000
8 0.5098958 0.7500000 0.0302083 0.0546875
8 0.5252604 0.2003906 0.0401042 0.0601563
