2 0.3408854 0.5144531 0.0119792 0.0257812
4 0.2776042 0.4976563 0.0239583 0.0171875
3 0.3796875 0.6562500 0.0166667 0.0312500
1 0.5270833 0.6335937 0.0177083 0.0171875
3 0.2786458 0.3664062 0.0239583 0.0203125
4 0.7471354 0.4644531 0.0130208 0.0367188
0 0.3893229 0.6250000 0.0213542 0.0140625
0 0.5052083 0.5492187 0.0135417 0.0187500
0 0.7145833 0.4078125 0.0239583 0.0171875
2 0.5302083 0.1671875 0.0197917 0.0203125
2 0.2796875 0.5851563 0.0197917 0.0234375
3 0.5820312 0.2664063 0.0213542 0.0218750
3 0.4843750 0.7769531 0.0156250 0.0273438
3 0.7377604 0.4097656 0.0255208 0.0179687
4 0.5166667 0.5175781 0.0156250 0.0195312
3 0.5843750 0.6722656 0.0135417 0.0210938
4 0.5369792 0.5164062 0.0239583 0.0171875
5 0.4471354 0.5617188 0.0213542 0.0171875
4 0.7203125 0.7542969 0.0250000 0.0164063
5 0.4934896 0.6964844 0.0151042 0.0226562
3 0.3679688 0.6914062 0.0192708 0.0187500
1 0.5033854 0.1953125 0.0234375 0.0156250
3 0.3856771 0.2621094 0.0161458 0.0289063
3 0.5166667 0.2972656 0.0218750 0.0242188
2 0.5776042 0.6003906 0.0239583 0.0164063
2 0.3854167 0.7917969 0.0177083 0.0164063
0 0.5713542 0.2062500 0.0104167 0.0343750
2 0.3835938 0.6554688 0.0213542 0.0296875
2 0.5046875 0.7246094 0.0166667 0.0195312
0 0.3289063 0.5988281 0.0234375 0.0210938
0 0.6197917 0.6835938 0.0250000 0.0203125
4 0.4783854 0.4777344 0.0098958 0.0242188
2 0.6817708 0.5597656 0.0229167 0.0164063
4 0.6552083 0.5792969 0.0135417 0.0226562
10 0.6140625 0.3066406 0.0166667 0.0242188
6 0.5867187 0.4988281 0.0213542 0.0257812
10 0.6299479 0.2546875 0.0223958 0.0218750
6 0.5421875 0.1429688 0.0156250 0.0296875
7 0.5403646 0.3609375 0.0182292 0.0234375
8 0.5981771 0.4144531 0.0223958 0.0242188
