5 0.5968750 0.1476562 0.0312500 0.0234375
4 0.5221354 0.6730469 0.0296875 0.0179687
1 0.5390625 0.3898437 0.0125000 0.0328125
1 0.3627604 0.3589844 0.0296875 0.0320312
4 0.6414062 0.5472656 0.0276042 0.0242188
0 0.6375000 0.3070312 0.0333333 0.0265625
4 0.4265625 0.1589844 0.0156250 0.0351562
3 0.4768229 0.7593750 0.0328125 0.0265625
1 0.5830729 0.7277344 0.0296875 0.0257812
2 0.4984375 0.6656250 0.0187500 0.0406250
0 0.3127604 0.5664062 0.0265625 0.0250000
2 0.6046875 0.2339844 0.0260417 0.0398437
4 0.3171875 0.2753906 0.0291667 0.0398437
2 0.5309896 0.5039062 0.0307292 0.0218750
0 0.6747396 0.3957031 0.0192708 0.0242188
0 0.4114583 0.2664063 0.0177083 0.0281250
3 0.2791667 0.7015625 0.0250000 0.0328125
0 0.3783854 0.6097656 0.0161458 0.0351562
2 0.5674479 0.4062500 0.0317708 0.0234375
5 0.2747396 0.6914062 0.0140625 0.0328125
0 0.6609375 0.5984375 0.0239583 0.0296875
4 0.4302083 0.4601562 0.0312500 0.0265625
1 0.4809896 0.2414062 0.0203125 0.0484375
5 0.3859375 0.3210938 0.0197917 0.0265625
3 0.3598958 0.7601562 0.0333333 0.0218750
4 0.6145833 0.4343750 0.0177083 0.0328125
3 0.2901042 0.5156250 0.0333333 0.0265625
2 0.6515625 0.5324219 0.0197917 0.0304687
5 0.3992188 0.7164063 0.0213542 0.0453125
3 0.6739583 0.4464844 0.0291667 0.0242188
5 0.5677083 0.6660156 0.0260417 0.0320312
5 0.3179688 0.6308594 0.0223958 0.0429688
1 0.7518229 0.8656250 0.0317708 0.0234375
4 0.6697917 0.7257813 0.0312500 0.0234375
3 0.6330729 0.5179687 0.0244792 0.0406250
5 0.5958333 0.4039063 0.0333333 0.0265625
0 0.2033854 0.6015625 0.0265625 0.0359375
1 0.2596354 0.7734375 0.0317708 0.0218750
0 0.6289062 0.6171875 0.0255208 0.0296875
0 0.4716146 0.2574219 0.0161458 0.0414062
3 0.4216146 0.3054688 0.0203125 0.0500000
0 0.3804688 0.4433594 0.0203125 0.0210938
1 0.4377604 0.6226563 0.0317708 0.0203125
2 0.5049479 0.3437500 0.0182292 0.0515625
2 0.7802083 0.3035156 0.0354167 0.0273438
5 0.4765625 0.2230469 0.0208333 0.0335937
2 0.4713542 0.1851562 0.0291667 0.0312500
1 0.6442708 0.6261719 0.0166667 0.0476562
0 0.4028646 0.2933594 0.0244792 0.0335937
0 0.3565104 0.6417969 0.0161458 0.0273438
1 0.3455729 0.2820313 0.0265625 0.0375000
5 0.4742188 0.7093750 0.0317708 0.0234375
1 0.6445312 0.7914062 0.0296875 0.0312500
0 0.6526042 0.3941406 0.0218750 0.0210938
2 0.7541667 0.2898438 0.0187500 0.0375000
4 0.4317708 0.8066406 0.0156250 0.0351562
5 0.5575521 0.1812500 0.0307292 0.0203125
3 0.3408854 0.3359375 0.0203125 0.0468750
0 0.7406250 0.3496094 0.0322917 0.0304687
5 0.5343750 0.5597656 0.0312500 0.0226562
1 0.5908854 0.3773437 0.0213542 0.0484375
0 0.6070313 0.5250000 0.0265625 0.0312500
0 0.6328125 0.6140625 0.0302083 0.0265625
4 0.5338542 0.2707031 0.0291667 0.0195312
0 0.5882812 0.4511719 0.0286458 0.0210938
0 0.4169271 0.3250000 0.0296875 0.0250000
3 0.5104167 0.8195313 0.0322917 0.0296875
1 0.4145833 0.6554688 0.0187500 0.0312500
1 0.4640625 0.8097656 0.0156250 0.0414062
5 0.7736979 0.5789062 0.0296875 0.0328125
1 0.3575521 0.3128906 0.0348958 0.0257812
2 0.3932292 0.6707031 0.0343750 0.0257812
1 0.5794271 0.6566406 0.0203125 0.0351562
0 0.6421875 0.4570312 0.0187500 0.0250000
3 0.5182292 0.2875000 0.0270833 0.0296875
1 0.6320313 0.2589844 0.0328125 0.0226562
4 0.4710937 0.3355469 0.0328125 0.0273438
0 0.5393229 0.4613281 0.0203125 0.0414062
10 0.6247396 0.5546875 0.0255208 0.0390625
7 0.6710938 0.8296875 0.0203125 0.0375000
11 0.5510417 0.2863281 0.0218750 0.0492187
10 0.4453125 0.5019531 0.0302083 0.0335937
9 0.6138021 0.6308594 0.0286458 0.0273438
9 0.3791667 0.3242188 0.0239583 0.0421875
8 0.6223958 0.7828125 0.0291667 0.0296875
11 0.6312500 0.5308594 0.0333333 0.0460938
6 0.4044271 0.3097656 0.0307292 0.0398437
11 0.6023437 0.4949219 0.0213542 0.0320312
6 0.5697917 0.1050781 0.0270833 0.0429688
7 0.5179687 0.2679687 0.0286458 0.0296875
8 0.5651042 0.5757813 0.0302083 0.0328125
10 0.5825521 0.4039063 0.0213542 0.0437500
9 0.2552083 0.5699219 0.0302083 0.0289063
10 0.5130208 0.4117188 0.0239583 0.0453125
7 0.6968750 0.3792969 0.0281250 0.0273438
