2 0.6291667 0.4664063 0.0250000 0.0203125
3 0.6223958 0.1300781 0.0156250 0.0367188
2 0.6218750 0.6875000 0.0135417 0.0218750
2 0.3010417 0.5449219 0.0239583 0.0179687
4 0.6263021 0.2566406 0.0255208 0.0195312
4 0.5161458 0.4613281 0.0114583 0.0164063
0 0.4578125 0.8058594 0.0135417 0.0226562
5 0.5385417 0.4808594 0.0270833 0.0242188
2 0.4632812 0.8488281 0.0140625 0.0367188
5 0.7182292 0.3121094 0.0270833 0.0195312
5 0.4781250 0.4648438 0.0145833 0.0171875
1 0.5377604 0.6152344 0.0171875 0.0195312
2 0.4888021 0.8265625 0.0213542 0.0250000
4 0.3322917 0.5476562 0.0208333 0.0234375
3 0.7070312 0.5097656 0.0109375 0.0351562
4 0.4908854 0.2902344 0.0192708 0.0164063
3 0.3453125 0.2992187 0.0135417 0.0312500
5 0.6789063 0.2593750 0.0161458 0.0296875
0 0.5908854 0.5042969 0.0255208 0.0195312
1 0.5085937 0.3125000 0.0119792 0.0281250
3 0.4919271 0.6710938 0.0223958 0.0171875
0 0.4958333 0.2597656 0.0218750 0.0195312
2 0.4549479 0.5019531 0.0234375 0.0195312
4 0.2872396 0.5683594 0.0140625 0.0351562
3 0.5755208 0.3488281 0.0166667 0.0304687
1 0.7494792 0.5261719 0.0218750 0.0195312
3 0.6372396 0.5945312 0.0234375 0.0187500
4 0.6231771 0.1808594 0.0223958 0.0195312
4 0.5679688 0.7214844 0.0130208 0.0335937
1 0.7132812 0.4082031 0.0255208 0.0179687
4 0.3796875 0.6179687 0.0135417 0.0187500
0 0.4921875 0.3574219 0.0177083 0.0367188
1 0.6085938 0.5328125 0.0119792 0.0187500
5 0.2677083 0.4953125 0.0250000 0.0187500
2 0.3424479 0.4238281 0.0119792 0.0367188
0 0.4718750 0.9273438 0.0177083 0.0281250
2 0.3914063 0.2226562 0.0161458 0.0234375
0 0.4156250 0.3484375 0.0125000 0.0234375
2 0.7348958 0.4992187 0.0145833 0.0312500
5 0.3244792 0.5683594 0.0208333 0.0226562
4 0.4242187 0.3152344 0.0119792 0.0195312
1 0.5520833 0.5710937 0.0135417 0.0328125
4 0.4945312 0.4843750 0.0182292 0.0328125
2 0.6875000 0.2710938 0.0239583 0.0218750
5 0.5486979 0.5980469 0.0130208 0.0367188
3 0.4505208 0.7300781 0.0229167 0.0179687
0 0.3458333 0.7179688 0.0125000 0.0281250
6 0.5562500 0.3949219 0.0166667 0.0304687
10 0.6335937 0.6324219 0.0203125 0.0335937
10 0.7390625 0.2847656 0.0218750 0.0226562
10 0.5411458 0.6792969 0.0187500 0.0351562
7 0.5210938 0.5046875 0.0161458 0.0218750
6 0.4690104 0.4222656 0.0234375 0.0304687
10 0.3346354 0.5171875 0.0234375 0.0234375
7 0.7528646 0.4941406 0.0161458 0.0289063
11 0.4789062 0.3750000 0.0244792 0.0343750
6 0.7164063 0.4410156 0.0213542 0.0304687
10 0.5606771 0.9250000 0.0213542 0.0359375
11 0.4401042 0.5117188 0.0197917 0.0234375
