1 0.4585938 0.4089844 0.0380208 0.0382813
1 0.3786458 0.6027344 0.0239583 0.0601563
4 0.3875000 0.3695312 0.0510417 0.0375000
5 0.6697917 0.4355469 0.0510417 0.0460938
5 0.6330729 0.4644531 0.0255208 0.0851563
1 0.5195312 0.4789062 0.0265625 0.0687500
2 0.5213542 0.2750000 0.0531250 0.0515625
4 0.6059896 0.5324219 0.0473958 0.0554687
0 0.6445312 0.3394531 0.0515625 0.0367188
5 0.6903646 0.6503906 0.0546875 0.0476562
3 0.6559896 0.4265625 0.0515625 0.0562500
1 0.5106771 0.6609375 0.0557292 0.0578125
0 0.6882812 0.1500000 0.0359375 0.0734375
3 0.3927083 0.3718750 0.0291667 0.0921875
3 0.4885417 0.6085938 0.0593750 0.0437500
4 0.7729167 0.4410156 0.0510417 0.0632812
4 0.5445313 0.1023437 0.0453125 0.0671875
5 0.4244792 0.3378906 0.0447917 0.0601563
2 0.5692708 0.3355469 0.0500000 0.0476562
1 0.6013021 0.2625000 0.0203125 0.0656250
0 0.3598958 0.5843750 0.0291667 0.0625000
0 0.6700521 0.3609375 0.0536458 0.0390625
6 0.2546875 0.6386719 0.0343750 0.0804688
10 0.5604167 0.5710937 0.0489583 0.0484375
6 0.4432292 0.4460938 0.0541667 0.0531250
11 0.5802083 0.5058594 0.0552083 0.0539063
10 0.7781250 0.6535156 0.0562500 0.0523438
8 0.6809896 0.0542969 0.0515625 0.0523438
6 0.4700521 0.1171875 0.0536458 0.0578125
8 0.6828125 0.4171875 0.0489583 0.0515625
6 0.4278646 0.7242188 0.0338542 0.0781250
