1 0.3223958 0.4367187 0.0250000 0.0312500
4 0.6382813 0.4691406 0.0192708 0.0257812
3 0.6130208 0.6625000 0.0281250 0.0187500
5 0.5861979 0.1812500 0.0213542 0.0203125
1 0.3033854 0.6402344 0.0255208 0.0429688
3 0.4419271 0.2265625 0.0182292 0.0265625
0 0.5536458 0.6339844 0.0281250 0.0304687
3 0.5924479 0.2105469 0.0151042 0.0539063
5 0.6088542 0.6128906 0.0281250 0.0257812
4 0.5815104 0.7230469 0.0130208 0.0242188
4 0.5174479 0.4945312 0.0192708 0.0265625
2 0.5705729 0.7968750 0.0182292 0.0265625
1 0.3299479 0.2882812 0.0296875 0.0281250
3 0.4888021 0.2894531 0.0223958 0.0273438
3 0.4153646 0.5730469 0.0307292 0.0242188
3 0.5632812 0.8585938 0.0255208 0.0375000
0 0.3398438 0.4847656 0.0192708 0.0507812
1 0.4789062 0.6296875 0.0338542 0.0250000
3 0.5518229 0.2242187 0.0151042 0.0343750
0 0.3031250 0.4179688 0.0312500 0.0218750
7 0.3958333 0.2777344 0.0302083 0.0304687
