2 0.4955729 0.8308594 0.0380208 0.0242188
3 0.3546875 0.6160156 0.0177083 0.0539063
1 0.7002604 0.3796875 0.0411458 0.0281250
3 0.3885417 0.3855469 0.0354167 0.0289063
3 0.5466146 0.4558594 0.0359375 0.0351562
4 0.5927083 0.7433594 0.0270833 0.0320312
4 0.6890625 0.7128906 0.0385417 0.0320312
2 0.4377604 0.2250000 0.0307292 0.0234375
4 0.5968750 0.5894531 0.0229167 0.0320312
4 0.6789063 0.5449219 0.0369792 0.0273438
2 0.5348958 0.5671875 0.0364583 0.0328125
6 0.3770833 0.3996094 0.0208333 0.0320312
10 0.4416667 0.6679688 0.0218750 0.0515625
7 0.3822917 0.7101563 0.0333333 0.0406250
9 0.6611979 0.3476562 0.0348958 0.0359375
11 0.4981771 0.2492187 0.0307292 0.0343750
