2 0.7059896 0.3128906 0.0692708 0.0617188
4 0.4177083 0.6957031 0.0687500 0.0617188
5 0.4213542 0.2273438 0.0385417 0.0921875
1 0.4494792 0.1406250 0.0500000 0.1171875
2 0.5234375 0.1886719 0.0697917 0.0601563
2 0.3455729 0.4097656 0.0713542 0.0570312
0 0.8002604 0.6097656 0.0526042 0.0617188
4 0.5643229 0.1535156 0.0494792 0.1117188
3 0.5283854 0.8582031 0.0536458 0.0820312
2 0.5460938 0.3144531 0.0723958 0.0570312
2 0.5890625 0.5542969 0.0416667 0.1039063
0 0.6835938 0.2285156 0.0713542 0.0492187
2 0.5971354 0.6636719 0.0682292 0.0648438
3 0.7322917 0.7718750 0.0770833 0.0718750
1 0.4013021 0.8332031 0.0734375 0.0757812
3 0.5231771 0.4304688 0.0526042 0.0812500
4 0.6000000 0.5847656 0.0395833 0.0617188
4 0.4692708 0.6769531 0.0635417 0.0789062
3 0.4718750 0.7156250 0.0406250 0.0421875
4 0.5611979 0.1816406 0.0453125 0.0554687
0 0.7231771 0.6679688 0.0796875 0.0515625
4 0.6028646 0.1734375 0.0421875 0.0734375
0 0.6044271 0.3929687 0.0682292 0.0859375
4 0.6893229 0.2652344 0.0765625 0.0539063
0 0.5531250 0.5238281 0.0354167 0.0726563
3 0.6372396 0.6812500 0.0817708 0.0562500
3 0.3627604 0.1527344 0.0307292 0.1101562
5 0.6117187 0.6113281 0.0661458 0.0664062
4 0.4486979 0.2625000 0.0651042 0.0546875
2 0.6695313 0.3015625 0.0328125 0.0703125
0 0.6539063 0.7164063 0.0776042 0.0578125
4 0.4507813 0.8792969 0.0442708 0.1085938
3 0.4486979 0.1828125 0.0390625 0.0546875
2 0.3604167 0.5125000 0.0729167 0.0640625
4 0.5973958 0.0691406 0.0718750 0.0820312
3 0.6960937 0.3730469 0.0380208 0.0960938
3 0.7351562 0.6503906 0.0796875 0.0695313
0 0.6184896 0.2781250 0.0651042 0.0437500
1 0.5335937 0.8734375 0.0453125 0.1125000
5 0.4372396 0.7667969 0.0338542 0.0898438
4 0.7677083 0.2531250 0.0750000 0.0515625
3 0.5523438 0.2519531 0.0369792 0.1023437
3 0.4312500 0.8941406 0.0406250 0.0835937
5 0.6825521 0.6042969 0.0276042 0.0585938
1 0.3380208 0.5199219 0.0739583 0.0601563
2 0.6390625 0.5003906 0.0750000 0.0539063
3 0.3481771 0.7402344 0.0619792 0.0710937
2 0.4596354 0.1589844 0.0536458 0.0539063
1 0.7424479 0.4433594 0.0619792 0.0960938
0 0.3515625 0.3824219 0.0375000 0.1054688
2 0.7447917 0.4695313 0.0645833 0.0765625
5 0.5807292 0.3031250 0.0395833 0.1171875
5 0.2518229 0.7125000 0.0359375 0.1109375
3 0.6596354 0.5945312 0.0744792 0.0531250
2 0.6203125 0.3679688 0.0677083 0.0484375
2 0.7005208 0.6394531 0.0708333 0.0539063
5 0.4984375 0.4339844 0.0645833 0.0742188
5 0.6640625 0.8398438 0.0500000 0.1156250
1 0.6843750 0.5859375 0.0708333 0.0578125
4 0.6361979 0.6234375 0.0494792 0.0578125
1 0.6195312 0.8152344 0.0442708 0.1023437
3 0.6622396 0.9281250 0.0338542 0.1187500
0 0.3768229 0.3054688 0.0432292 0.0531250
2 0.4434896 0.2703125 0.0578125 0.0796875
2 0.6463542 0.4351563 0.0625000 0.0656250
1 0.7067708 0.5046875 0.0687500 0.0500000
4 0.6377604 0.5480469 0.0390625 0.0695313
4 0.5500000 0.7355469 0.0520833 0.0492187
4 0.6036458 0.6773438 0.0833333 0.0625000
6 0.6346354 0.3453125 0.0515625 0.1046875
10 0.3570313 0.6375000 0.0463542 0.1031250
11 0.6369792 0.3992188 0.0656250 0.0718750
9 0.5406250 0.0507812 0.0479167 0.1015625
10 0.5994792 0.5605469 0.0666667 0.0851563
9 0.5031250 0.5695313 0.0635417 0.0640625
8 0.5044271 0.4621094 0.0484375 0.0820312
6 0.2388021 0.4019531 0.0723958 0.0710937
9 0.4096354 0.4722656 0.0682292 0.0835937
6 0.5268229 0.2832031 0.0473958 0.0851563
9 0.4895833 0.4328125 0.0489583 0.1015625
8 0.6346354 0.7687500 0.0734375 0.0718750
9 0.7257813 0.2878906 0.0442708 0.1023437
