5 0.5135417 0.4527344 0.0302083 0.0242188
3 0.4828125 0.7351562 0.0239583 0.0343750
4 0.5703125 0.3152344 0.0197917 0.0507812
5 0.2687500 0.5230469 0.0354167 0.0257812
0 0.4065104 0.5914063 0.0265625 0.0281250
3 0.4687500 0.2105469 0.0312500 0.0273438
3 0.5054688 0.2171875 0.0307292 0.0265625
0 0.2992187 0.6484375 0.0348958 0.0234375
1 0.4013021 0.8402344 0.0328125 0.0320312
4 0.3299479 0.2632813 0.0265625 0.0281250
4 0.5708333 0.2617188 0.0270833 0.0234375
4 0.5028646 0.2792969 0.0223958 0.0242188
2 0.3502604 0.5671875 0.0276042 0.0359375
1 0.5953125 0.6246094 0.0260417 0.0414062
2 0.6973958 0.6023437 0.0145833 0.0296875
2 0.6419271 0.2691406 0.0328125 0.0226562
2 0.5854167 0.2929688 0.0197917 0.0296875
5 0.6419271 0.6128906 0.0182292 0.0539063
2 0.4296875 0.5882812 0.0302083 0.0234375
2 0.5492187 0.7601562 0.0328125 0.0250000
2 0.4203125 0.2851562 0.0239583 0.0265625
0 0.4851563 0.1800781 0.0192708 0.0523438
3 0.4721354 0.8152344 0.0265625 0.0382813
1 0.4197917 0.4570312 0.0343750 0.0265625
4 0.3903646 0.7656250 0.0182292 0.0390625
5 0.5658854 0.7882813 0.0161458 0.0250000
5 0.3445313 0.6652344 0.0255208 0.0335937
5 0.4382813 0.7085938 0.0265625 0.0421875
2 0.5289063 0.8347656 0.0223958 0.0539063
4 0.6864583 0.5500000 0.0333333 0.0328125
5 0.5869792 0.4351563 0.0208333 0.0328125
5 0.2611979 0.4941406 0.0161458 0.0398437
2 0.5135417 0.1640625 0.0291667 0.0406250
0 0.4135417 0.3820312 0.0187500 0.0484375
0 0.2638021 0.6000000 0.0182292 0.0453125
3 0.5223958 0.7546875 0.0197917 0.0281250
4 0.5067708 0.7851562 0.0114583 0.0484375
0 0.4111979 0.8066406 0.0317708 0.0242188
5 0.6901042 0.7542969 0.0333333 0.0257812
5 0.6127604 0.2273438 0.0161458 0.0453125
1 0.6351562 0.3386719 0.0182292 0.0476562
11 0.5585938 0.5355469 0.0338542 0.0382813
11 0.2825521 0.1652344 0.0317708 0.0367188
