2 0.2716146 0.3839844 0.1046875 0.0726563
1 0.6960937 0.5105469 0.0869792 0.0773438
0 0.3351562 0.6433594 0.1057292 0.1023437
1 0.4497396 0.4273438 0.0453125 0.1296875
2 0.4434896 0.1558594 0.0869792 0.0851563
0 0.3210938 0.1554687 0.1161458 0.0843750
0 0.5572917 0.4984375 0.0885417 0.1093750
5 0.5096354 0.1503906 0.0546875 0.1445312
8 0.5815104 0.3324219 0.0817708 0.1085938
8 0.5734375 0.5386719 0.1041667 0.0960938
10 0.5494792 0.9460937 0.0843750 0.1062500
6 0.1148437 0.5703125 0.1046875 0.1187500
8 0.3184896 0.6007813 0.1057292 0.1078125
9 0.3398438 0.2503906 0.0786458 0.1539062
11 0.8093750 0.5308594 0.0979167 0.0945312
10 0.3492188 0.7312500 0.0807292 0.1453125
11 0.5635417 0.5542969 0.0906250 0.0992187
10 0.2880208 0.5789062 0.0937500 0.1687500
6 0.6986979 0.5664062 0.0880208 0.1031250
11 0.5447917 0.6562500 0.0614583 0.0921875
