5 0.4072917 0.2101562 0.0156250 0.0312500
5 0.5755208 0.6148438 0.0135417 0.0203125
0 0.6187500 0.7382812 0.0156250 0.0312500
2 0.4468750 0.6128906 0.0250000 0.0226562
5 0.6322917 0.5457031 0.0239583 0.0179687
3 0.6966146 0.2750000 0.0151042 0.0375000
2 0.3200521 0.4113281 0.0203125 0.0242188
4 0.5653646 0.6777344 0.0213542 0.0257812
5 0.3903646 0.4628906 0.0161458 0.0335937
3 0.4401042 0.2597656 0.0125000 0.0320312
0 0.4447917 0.1894531 0.0218750 0.0164063
0 0.4815104 0.4386719 0.0244792 0.0195312
7 0.5635417 0.4585938 0.0135417 0.0312500
11 0.4382813 0.4269531 0.0161458 0.0367188
9 0.5242187 0.2402344 0.0234375 0.0320312
11 0.5309896 0.8503906 0.0192708 0.0242188
6 0.6401042 0.6550781 0.0156250 0.0289063
8 0.6856771 0.8234375 0.0161458 0.0359375
10 0.7268229 0.4175781 0.0223958 0.0242188
6 0.4153646 0.4898438 0.0213542 0.0250000
10 0.5700521 0.8199219 0.0234375 0.0242188
6 0.4476562 0.4910156 0.0244792 0.0320312
11 0.6458333 0.4753906 0.0166667 0.0351562
10 0.5309896 0.5148438 0.0213542 0.0343750
8 0.5322917 0.7406250 0.0208333 0.0375000
7 0.4205729 0.5964844 0.0182292 0.0304687
7 0.5346354 0.4800781 0.0182292 0.0226562
