0 0.3393229 0.6285156 0.0286458 0.0195312
1 0.6341146 0.5007812 0.0286458 0.0281250
2 0.6296875 0.4437500 0.0333333 0.0250000
0 0.5096354 0.7191406 0.0161458 0.0226562
5 0.5309896 0.8609375 0.0140625 0.0234375
3 0.5591146 0.5832031 0.0244792 0.0335937
4 0.4184896 0.4304688 0.0192708 0.0250000
3 0.6382813 0.5445313 0.0276042 0.0296875
0 0.4721354 0.5585938 0.0296875 0.0218750
4 0.5406250 0.2156250 0.0291667 0.0234375
3 0.4893229 0.2531250 0.0182292 0.0468750
0 0.4648438 0.0417969 0.0151042 0.0335937
3 0.3122396 0.2488281 0.0171875 0.0429688
2 0.6716146 0.6644531 0.0276042 0.0257812
5 0.3596354 0.2070312 0.0234375 0.0359375
0 0.6565104 0.7281250 0.0234375 0.0328125
3 0.5020833 0.3117187 0.0166667 0.0250000
2 0.7640625 0.3187500 0.0145833 0.0234375
5 0.3414063 0.5410156 0.0192708 0.0476562
4 0.7664062 0.4796875 0.0296875 0.0312500
5 0.5380208 0.3289063 0.0312500 0.0218750
2 0.4635417 0.5132813 0.0187500 0.0296875
5 0.4440104 0.1609375 0.0244792 0.0203125
1 0.2825521 0.6250000 0.0203125 0.0312500
3 0.6377604 0.7542969 0.0276042 0.0273438
0 0.6481771 0.4382813 0.0286458 0.0203125
4 0.4125000 0.8722656 0.0270833 0.0304687
2 0.6067708 0.7839844 0.0291667 0.0179687
0 0.5697917 0.7582031 0.0291667 0.0195312
4 0.5632812 0.2156250 0.0296875 0.0250000
1 0.5614583 0.4535156 0.0291667 0.0273438
1 0.4791667 0.4488281 0.0302083 0.0273438
1 0.6731771 0.4152344 0.0286458 0.0289063
4 0.6476563 0.7769531 0.0265625 0.0179687
0 0.3570313 0.7773438 0.0276042 0.0312500
2 0.4164062 0.5656250 0.0213542 0.0453125
1 0.6388021 0.7917969 0.0192708 0.0398437
3 0.4763021 0.2515625 0.0265625 0.0250000
2 0.4796875 0.1074219 0.0156250 0.0257812
5 0.4921875 0.3929687 0.0187500 0.0328125
3 0.6643229 0.3125000 0.0328125 0.0234375
3 0.6260417 0.6367188 0.0312500 0.0218750
1 0.6619792 0.2000000 0.0218750 0.0328125
2 0.3236979 0.6527344 0.0328125 0.0257812
2 0.6010417 0.2671875 0.0208333 0.0359375
2 0.5335937 0.3710938 0.0151042 0.0437500
3 0.3096354 0.6058594 0.0286458 0.0210938
1 0.5156250 0.8718750 0.0208333 0.0375000
4 0.4117188 0.6035156 0.0192708 0.0226562
1 0.5635417 0.4820313 0.0156250 0.0390625
4 0.7591146 0.5566406 0.0286458 0.0257812
5 0.6156250 0.2140625 0.0291667 0.0187500
4 0.6643229 0.6691406 0.0276042 0.0242188
4 0.6552083 0.4179688 0.0187500 0.0218750
1 0.6731771 0.5039062 0.0213542 0.0375000
5 0.5955729 0.5867187 0.0265625 0.0281250
2 0.5703125 0.4691406 0.0156250 0.0367188
1 0.3679688 0.4210937 0.0182292 0.0265625
5 0.3723958 0.1777344 0.0218750 0.0382813
4 0.5744792 0.5648437 0.0156250 0.0390625
1 0.4419271 0.3035156 0.0171875 0.0320312
5 0.4752604 0.2195313 0.0161458 0.0453125
5 0.4843750 0.7226562 0.0197917 0.0453125
2 0.5593750 0.5949219 0.0250000 0.0257812
0 0.3414063 0.2921875 0.0296875 0.0203125
3 0.6312500 0.2894531 0.0208333 0.0304687
1 0.5369792 0.4628906 0.0229167 0.0210938
2 0.4307292 0.8511719 0.0270833 0.0367188
10 0.5085937 0.7277344 0.0265625 0.0257812
9 0.6916667 0.3414063 0.0291667 0.0281250
11 0.4924479 0.4957031 0.0223958 0.0304687
9 0.6453125 0.5812500 0.0218750 0.0421875
10 0.3091146 0.3671875 0.0192708 0.0343750
9 0.6429687 0.6894531 0.0307292 0.0304687
7 0.6143229 0.8031250 0.0276042 0.0343750
6 0.4786458 0.6402344 0.0302083 0.0304687
11 0.4348958 0.4222656 0.0302083 0.0289063
8 0.3804688 0.8289062 0.0192708 0.0312500
10 0.5731771 0.2652344 0.0213542 0.0460938
9 0.5916667 0.6546875 0.0322917 0.0312500
7 0.7226562 0.7867188 0.0296875 0.0296875
9 0.7062500 0.6140625 0.0197917 0.0437500
6 0.6796875 0.4816406 0.0302083 0.0304687
10 0.3947917 0.1710937 0.0281250 0.0265625
9 0.4989583 0.6250000 0.0302083 0.0296875
7 0.4325521 0.6472656 0.0265625 0.0257812
9 0.4000000 0.3898437 0.0177083 0.0265625
9 0.5283854 0.5316406 0.0286458 0.0382813
