3 0.6510417 0.5656250 0.0218750 0.0281250
3 0.5888021 0.7437500 0.0223958 0.0328125
4 0.4596354 0.4050781 0.0255208 0.0289063
4 0.6174479 0.8273438 0.0265625 0.0578125
5 0.5692708 0.8515625 0.0375000 0.0312500
3 0.5815104 0.3539062 0.0307292 0.0406250
1 0.7026042 0.6851563 0.0291667 0.0453125
0 0.4885417 0.5238281 0.0395833 0.0351562
0 0.6309896 0.6847656 0.0244792 0.0273438
5 0.3906250 0.3007812 0.0145833 0.0328125
5 0.7718750 0.1601562 0.0385417 0.0312500
3 0.3229167 0.6753906 0.0395833 0.0257812
4 0.7200521 0.7359375 0.0338542 0.0234375
0 0.4231771 0.5238281 0.0213542 0.0429688
5 0.5992188 0.3218750 0.0328125 0.0484375
5 0.5591146 0.5003906 0.0338542 0.0398437
5 0.5598958 0.1480469 0.0218750 0.0523438
2 0.5942708 0.6886719 0.0218750 0.0539063
5 0.7541667 0.5312500 0.0281250 0.0359375
2 0.5523438 0.1761719 0.0255208 0.0289063
5 0.6776042 0.5000000 0.0197917 0.0421875
4 0.7072917 0.7445312 0.0375000 0.0234375
4 0.2671875 0.4667969 0.0208333 0.0398437
5 0.4750000 0.7535156 0.0354167 0.0414062
0 0.3976562 0.5402344 0.0223958 0.0523438
4 0.5148438 0.7328125 0.0276042 0.0343750
2 0.4705729 0.2750000 0.0244792 0.0296875
2 0.6869792 0.7507812 0.0250000 0.0343750
3 0.7026042 0.5078125 0.0375000 0.0265625
1 0.3687500 0.2753906 0.0208333 0.0320312
3 0.3656250 0.2882812 0.0239583 0.0281250
3 0.5458333 0.5628906 0.0375000 0.0257812
0 0.5328125 0.7839844 0.0177083 0.0492187
3 0.3997396 0.1726563 0.0192708 0.0562500
1 0.7221354 0.3636719 0.0328125 0.0414062
5 0.4843750 0.9714844 0.0375000 0.0382813
1 0.6606771 0.5609375 0.0411458 0.0406250
3 0.5494792 0.2933594 0.0375000 0.0273438
5 0.7304688 0.5097656 0.0244792 0.0414062
2 0.4138021 0.5726562 0.0203125 0.0593750
5 0.3638021 0.7660156 0.0255208 0.0585938
4 0.3226562 0.5984375 0.0380208 0.0250000
5 0.5299479 0.6539063 0.0265625 0.0468750
5 0.2434896 0.3187500 0.0203125 0.0562500
2 0.4895833 0.5519531 0.0177083 0.0351562
4 0.5057292 0.5574219 0.0187500 0.0554687
2 0.5153646 0.6128906 0.0213542 0.0351562
4 0.3625000 0.2378906 0.0312500 0.0367188
3 0.5302083 0.5734375 0.0312500 0.0453125
4 0.4377604 0.5589844 0.0276042 0.0304687
1 0.5591146 0.3289063 0.0182292 0.0484375
3 0.6263021 0.3863281 0.0359375 0.0476562
5 0.5184896 0.4109375 0.0203125 0.0515625
2 0.5242187 0.6847656 0.0369792 0.0289063
5 0.5893229 0.4945312 0.0390625 0.0265625
4 0.6869792 0.6835938 0.0364583 0.0296875
3 0.3109375 0.1792969 0.0208333 0.0570312
2 0.6611979 0.7406250 0.0369792 0.0312500
2 0.4627604 0.4128906 0.0411458 0.0320312
5 0.5460938 0.9085937 0.0276042 0.0500000
0 0.5578125 0.2109375 0.0395833 0.0234375
4 0.6437500 0.2187500 0.0354167 0.0234375
4 0.3734375 0.2910156 0.0208333 0.0554687
0 0.5135417 0.4863281 0.0239583 0.0351562
4 0.6632813 0.4582031 0.0338542 0.0289063
5 0.6695313 0.1472656 0.0171875 0.0570312
5 0.5539063 0.6859375 0.0276042 0.0265625
5 0.7544271 0.3402344 0.0359375 0.0257812
2 0.5182292 0.3339844 0.0333333 0.0367188
1 0.5182292 0.1691406 0.0156250 0.0257812
11 0.2942708 0.7007813 0.0395833 0.0390625
7 0.6859375 0.3925781 0.0364583 0.0351562
8 0.6825521 0.3882813 0.0338542 0.0328125
6 0.7570313 0.4351563 0.0369792 0.0375000
7 0.6187500 0.7550781 0.0229167 0.0351562
8 0.2067708 0.1519531 0.0312500 0.0570312
9 0.3781250 0.5003906 0.0375000 0.0382813
7 0.6580729 0.7199219 0.0317708 0.0320312
10 0.4716146 0.2964844 0.0348958 0.0351562
7 0.5179687 0.6468750 0.0348958 0.0515625
6 0.5307292 0.6906250 0.0343750 0.0359375
11 0.6354167 0.3191406 0.0375000 0.0367188
10 0.6356771 0.3398438 0.0369792 0.0375000
10 0.5549479 0.5984375 0.0286458 0.0343750
11 0.5013021 0.4222656 0.0338542 0.0335937
9 0.3367188 0.2617188 0.0359375 0.0375000
