2 0.6705729 0.3320312 0.0703125 0.1453125
3 0.6033854 0.2925781 0.1046875 0.0835937
2 0.4802083 0.7070312 0.0906250 0.0687500
0 0.5505208 0.1906250 0.0947917 0.1015625
0 0.5307292 0.3625000 0.0895833 0.0796875
0 0.5945312 0.7316406 0.0536458 0.1570313
2 0.3690104 0.5968750 0.0567708 0.1031250
2 0.6210938 0.2968750 0.0942708 0.0671875
2 0.4052083 0.6117187 0.0822917 0.0687500
4 0.3518229 0.4222656 0.0484375 0.1460937
5 0.6164063 0.6160156 0.0651042 0.0835937
1 0.6674479 0.5695313 0.0567708 0.0812500
1 0.5283854 0.6023437 0.0838542 0.0828125
0 0.5661458 0.4152344 0.0458333 0.0695313
2 0.3520833 0.8039063 0.1020833 0.0734375
1 0.5015625 0.5398437 0.0750000 0.0750000
1 0.6471354 0.8488281 0.0598958 0.0695313
4 0.6703125 0.2871094 0.0666667 0.1117188
2 0.4700521 0.1707031 0.0463542 0.1429688
4 0.3398438 0.7437500 0.0442708 0.0890625
5 0.5546875 0.3542969 0.0562500 0.1492188
0 0.6554688 0.7878906 0.0598958 0.0773438
3 0.7466146 0.4125000 0.1109375 0.0656250
1 0.6549479 0.3363281 0.0880208 0.0632812
2 0.5145833 0.0546875 0.0447917 0.1093750
0 0.4976563 0.5460938 0.0796875 0.0687500
4 0.6289062 0.3390625 0.0651042 0.1531250
3 0.2588542 0.6093750 0.1031250 0.0734375
1 0.6104167 0.1652344 0.0979167 0.0867187
4 0.6390625 0.0792969 0.1020833 0.0804688
2 0.3747396 0.3335938 0.0859375 0.0968750
4 0.4526042 0.2914062 0.0843750 0.0765625
5 0.4544271 0.2328125 0.0588542 0.0750000
3 0.6838542 0.4953125 0.1020833 0.0859375
5 0.3442708 0.3695312 0.0687500 0.1234375
4 0.7046875 0.6035156 0.0791667 0.1242188
3 0.4914062 0.3843750 0.0796875 0.0984375
0 0.2416667 0.3750000 0.0968750 0.0984375
4 0.5343750 0.5339844 0.0958333 0.0601563
5 0.5585938 0.3890625 0.0536458 0.0750000
0 0.6442708 0.8429688 0.0468750 0.0656250
1 0.6408854 0.4074219 0.0619792 0.0945312
2 0.5630208 0.7640625 0.0864583 0.0828125
5 0.6351562 0.6792969 0.0546875 0.1539062
1 0.6601562 0.8781250 0.0713542 0.1328125
2 0.7322917 0.2910156 0.0572917 0.1164063
5 0.6481771 0.4832031 0.0765625 0.0617188
4 0.3169271 0.5230469 0.0932292 0.0695313
4 0.6273437 0.5125000 0.0630208 0.0953125
0 0.6406250 0.0933594 0.0854167 0.1023437
2 0.4473958 0.4429688 0.0541667 0.1406250
2 0.6414062 0.7660156 0.0973958 0.1054688
1 0.5390625 0.6722656 0.0937500 0.1007813
4 0.6617188 0.2472656 0.0432292 0.1351563
0 0.4239583 0.6375000 0.0833333 0.1250000
2 0.6028646 0.5988281 0.0973958 0.0648438
3 0.5250000 0.3781250 0.0510417 0.0703125
10 0.5377604 0.2226562 0.0859375 0.1328125
7 0.4210937 0.9367188 0.0640625 0.1250000
9 0.5335937 0.6527344 0.0723958 0.0898438
7 0.3942708 0.3640625 0.0864583 0.1375000
6 0.7481771 0.2855469 0.1015625 0.1085938
8 0.6591146 0.4113281 0.0932292 0.0914062
