4 0.4708333 0.3968750 0.0145833 0.0421875
3 0.6822917 0.6500000 0.0281250 0.0218750
4 0.6911458 0.3183594 0.0177083 0.0304687
2 0.7239583 0.4609375 0.0270833 0.0203125
5 0.6361979 0.3183594 0.0244792 0.0382813
3 0.6955729 0.2707031 0.0286458 0.0195312
3 0.4377604 0.9417969 0.0234375 0.0226562
3 0.5739583 0.5152344 0.0281250 0.0226562
5 0.4942708 0.3554688 0.0166667 0.0421875
0 0.5791667 0.3023438 0.0312500 0.0203125
2 0.4742188 0.7191406 0.0234375 0.0226562
4 0.5903646 0.7160156 0.0276042 0.0195312
5 0.5070313 0.2687500 0.0213542 0.0328125
1 0.7492188 0.4410156 0.0255208 0.0351562
3 0.3937500 0.2597656 0.0177083 0.0320312
3 0.3203125 0.6667969 0.0250000 0.0210938
11 0.3666667 0.8480469 0.0270833 0.0320312
10 0.5046875 0.8269531 0.0208333 0.0351562
