0 0.5260417 0.3777344 0.0197917 0.0445313
4 0.6966146 0.4839844 0.0328125 0.0210938
3 0.3229167 0.8566406 0.0177083 0.0398437
4 0.3276042 0.7527344 0.0166667 0.0460938
3 0.6361979 0.8085938 0.0130208 0.0281250
2 0.3838542 0.5890625 0.0302083 0.0281250
5 0.7236979 0.3468750 0.0161458 0.0281250
4 0.5455729 0.5898438 0.0192708 0.0484375
5 0.7260417 0.3636719 0.0156250 0.0476562
1 0.4833333 0.2144531 0.0239583 0.0335937
2 0.6140625 0.5433594 0.0260417 0.0210938
0 0.6330729 0.4921875 0.0130208 0.0234375
5 0.5333333 0.3496094 0.0197917 0.0242188
5 0.4778646 0.1425781 0.0171875 0.0414062
0 0.6942708 0.5042969 0.0187500 0.0210938
0 0.5119792 0.5191406 0.0218750 0.0226562
5 0.5395833 0.4515625 0.0145833 0.0218750
2 0.4544271 0.2035156 0.0213542 0.0289063
2 0.7338542 0.6527344 0.0322917 0.0242188
0 0.5320312 0.2218750 0.0182292 0.0250000
4 0.6651042 0.5625000 0.0302083 0.0203125
0 0.6572917 0.3203125 0.0322917 0.0234375
4 0.5239583 0.4726562 0.0291667 0.0187500
0 0.5789062 0.8726563 0.0151042 0.0437500
1 0.5713542 0.4730469 0.0229167 0.0414062
2 0.5645833 0.3132813 0.0239583 0.0250000
0 0.2783854 0.6058594 0.0307292 0.0242188
1 0.3955729 0.1460937 0.0296875 0.0281250
1 0.5796875 0.4492188 0.0281250 0.0187500
3 0.5692708 0.3703125 0.0229167 0.0234375
3 0.2921875 0.3546875 0.0302083 0.0218750
4 0.5648437 0.2839844 0.0244792 0.0351562
4 0.3317708 0.2238281 0.0145833 0.0351562
5 0.4075521 0.5308594 0.0192708 0.0335937
2 0.4955729 0.4351563 0.0223958 0.0250000
5 0.5481771 0.7339844 0.0213542 0.0242188
3 0.4906250 0.7367187 0.0302083 0.0250000
5 0.2364583 0.5820312 0.0229167 0.0265625
0 0.4065104 0.4398437 0.0213542 0.0218750
1 0.3390625 0.2898438 0.0208333 0.0265625
1 0.6255208 0.5726562 0.0187500 0.0343750
2 0.5825521 0.4656250 0.0192708 0.0250000
5 0.4088542 0.6132812 0.0177083 0.0421875
3 0.5286458 0.7562500 0.0333333 0.0234375
1 0.2080729 0.5949219 0.0307292 0.0304687
4 0.6531250 0.2671875 0.0250000 0.0312500
0 0.5192708 0.2699219 0.0208333 0.0351562
3 0.6656250 0.7062500 0.0291667 0.0171875
5 0.6643229 0.1925781 0.0192708 0.0320312
2 0.5460938 0.4273438 0.0182292 0.0421875
2 0.6473958 0.6277344 0.0270833 0.0335937
3 0.3755208 0.7070312 0.0312500 0.0218750
5 0.7716146 0.6265625 0.0276042 0.0281250
4 0.5455729 0.4007812 0.0255208 0.0375000
0 0.3664062 0.6414062 0.0286458 0.0203125
4 0.4369792 0.4675781 0.0291667 0.0273438
3 0.4947917 0.2050781 0.0197917 0.0523438
3 0.5734375 0.3824219 0.0239583 0.0210938
3 0.3638021 0.2765625 0.0307292 0.0218750
1 0.5880208 0.4453125 0.0156250 0.0234375
0 0.2447917 0.4367187 0.0291667 0.0203125
5 0.5864583 0.1781250 0.0166667 0.0500000
3 0.6291667 0.5949219 0.0177083 0.0273438
1 0.6973958 0.2691406 0.0312500 0.0195312
3 0.5994792 0.4339844 0.0281250 0.0210938
0 0.4755208 0.2792969 0.0197917 0.0414062
6 0.4575521 0.8203125 0.0203125 0.0421875
8 0.7054687 0.7734375 0.0296875 0.0312500
11 0.5760417 0.2515625 0.0187500 0.0421875
6 0.3432292 0.4511719 0.0260417 0.0351562
7 0.6927083 0.2964844 0.0187500 0.0460938
