1 0.4234375 0.4296875 0.0250000 0.0171875
5 0.4559896 0.3476562 0.0276042 0.0187500
4 0.5953125 0.4308594 0.0218750 0.0179687
1 0.3802083 0.6773438 0.0270833 0.0187500
1 0.5833333 0.3609375 0.0260417 0.0171875
2 0.4781250 0.8152344 0.0197917 0.0351562
3 0.6367188 0.6429687 0.0265625 0.0187500
2 0.6611979 0.7031250 0.0234375 0.0281250
3 0.4559896 0.3964844 0.0286458 0.0242188
4 0.5476562 0.6925781 0.0286458 0.0195312
2 0.5145833 0.3488281 0.0291667 0.0257812
4 0.4835937 0.7167969 0.0171875 0.0195312
2 0.4473958 0.5324219 0.0177083 0.0460938
1 0.4833333 0.2296875 0.0291667 0.0203125
10 0.2947917 0.6199219 0.0250000 0.0257812
8 0.6250000 0.5335937 0.0270833 0.0328125
8 0.4760417 0.3640625 0.0208333 0.0375000
9 0.4096354 0.1277344 0.0255208 0.0335937
9 0.7588542 0.6355469 0.0208333 0.0398437
10 0.3578125 0.4054687 0.0260417 0.0328125
10 0.6309896 0.6269531 0.0234375 0.0273438
10 0.2963542 0.6367188 0.0270833 0.0265625
6 0.3161458 0.1863281 0.0281250 0.0304687
11 0.5138021 0.1257813 0.0276042 0.0265625
7 0.5109375 0.3441406 0.0250000 0.0257812
8 0.4757812 0.5007812 0.0244792 0.0250000
7 0.6992188 0.7679687 0.0244792 0.0234375
7 0.4638021 0.3664062 0.0171875 0.0406250
8 0.4531250 0.4031250 0.0239583 0.0265625
6 0.3765625 0.3214844 0.0260417 0.0273438
10 0.3549479 0.1863281 0.0171875 0.0335937
