4 0.6768229 0.4417969 0.0401042 0.0257812
3 0.4705729 0.2933594 0.0369792 0.0382813
2 0.6026042 0.2867188 0.0260417 0.0578125
1 0.5265625 0.5703125 0.0385417 0.0234375
1 0.6630208 0.5195312 0.0166667 0.0421875
5 0.4091146 0.7863281 0.0213542 0.0289063
5 0.3992188 0.7125000 0.0411458 0.0328125
4 0.4471354 0.2898438 0.0223958 0.0343750
4 0.4268229 0.6968750 0.0348958 0.0281250
4 0.6468750 0.2625000 0.0375000 0.0218750
5 0.4578125 0.3972656 0.0343750 0.0320312
2 0.5796875 0.6441406 0.0343750 0.0398437
0 0.3682292 0.4871094 0.0208333 0.0429688
5 0.4033854 0.6207031 0.0369792 0.0460938
0 0.5955729 0.2386719 0.0171875 0.0617188
3 0.2221354 0.4636719 0.0192708 0.0382813
0 0.7455729 0.3953125 0.0213542 0.0359375
2 0.6221354 0.2289063 0.0276042 0.0593750
5 0.4356771 0.2058594 0.0203125 0.0476562
1 0.5859375 0.4519531 0.0250000 0.0304687
0 0.5809896 0.6878906 0.0307292 0.0335937
1 0.5554687 0.6417969 0.0286458 0.0382813
1 0.4414062 0.7445312 0.0307292 0.0500000
2 0.4468750 0.3015625 0.0218750 0.0578125
2 0.6244792 0.2121094 0.0218750 0.0617188
2 0.7546875 0.5988281 0.0197917 0.0304687
5 0.5578125 0.5527344 0.0333333 0.0304687
0 0.4341146 0.2480469 0.0192708 0.0554687
10 0.5976562 0.6042969 0.0307292 0.0523438
10 0.6080729 0.7496094 0.0369792 0.0382813
9 0.5757813 0.4980469 0.0348958 0.0429688
8 0.6098958 0.7902344 0.0270833 0.0351562
9 0.6885417 0.4367187 0.0395833 0.0453125
8 0.6572917 0.7023438 0.0375000 0.0375000
