0 0.6932292 0.5671875 0.1531250 0.1093750
2 0.3848958 0.0976562 0.1083333 0.1078125
4 0.6338542 0.6054688 0.1614583 0.1140625
2 0.5708333 0.2421875 0.1010417 0.1515625
5 0.5846354 0.3105469 0.1661458 0.1164063
0 0.7677083 0.5218750 0.1052083 0.1531250
5 0.6184896 0.9210938 0.1380208 0.1562500
4 0.4312500 0.4812500 0.1093750 0.1156250
0 0.5921875 0.5089844 0.1552083 0.1398437
2 0.3809896 0.1875000 0.1046875 0.1062500
0 0.7221354 0.6937500 0.1390625 0.1250000
5 0.2526042 0.4882812 0.0822917 0.1421875
3 0.4679687 0.3898437 0.1640625 0.1015625
3 0.6359375 0.6164063 0.1375000 0.1343750
0 0.6427083 0.3781250 0.0927083 0.2265625
3 0.5250000 0.4187500 0.1343750 0.1000000
2 0.4687500 0.8441406 0.1531250 0.1101562
2 0.3945312 0.4753906 0.1401042 0.1023437
2 0.6161458 0.4664063 0.0791667 0.1421875
3 0.7648438 0.4785156 0.1630208 0.0835937
5 0.7518229 0.6007813 0.1567708 0.1234375
5 0.2367188 0.2777344 0.1619792 0.1039063
1 0.4921875 0.1718750 0.1000000 0.1500000
3 0.5718750 0.8316406 0.1468750 0.1429688
2 0.4466146 0.2562500 0.0963542 0.2593750
4 0.4033854 0.4519531 0.1515625 0.1210938
5 0.6270833 0.7933594 0.0979167 0.1195313
3 0.6906250 0.8757812 0.1510417 0.1203125
2 0.4234375 0.8347656 0.0729167 0.1914062
1 0.3151042 0.6371094 0.1375000 0.1492188
1 0.6575521 0.5886719 0.1432292 0.0960938
1 0.4169271 0.5308594 0.1682292 0.1351563
2 0.4223958 0.1628906 0.1312500 0.2148438
4 0.7289062 0.4988281 0.0942708 0.2070312
4 0.2828125 0.7234375 0.1656250 0.1171875
3 0.7078125 0.5285156 0.1833333 0.1398437
2 0.2617188 0.4218750 0.0848958 0.1109375
0 0.5333333 0.2695312 0.1479167 0.0968750
0 0.6406250 0.4078125 0.1729167 0.1093750
0 0.6328125 0.5691406 0.1052083 0.1398437
2 0.3807292 0.1652344 0.0781250 0.2257812
4 0.3872396 0.5367188 0.1515625 0.1406250
4 0.4984375 0.0636719 0.0947917 0.1273438
4 0.5851563 0.6093750 0.1286458 0.0890625
5 0.6046875 0.6703125 0.1333333 0.1546875
10 0.6432292 0.4535156 0.0979167 0.1304687
11 0.7382812 0.7113281 0.1369792 0.1367188
6 0.6007813 0.2031250 0.1234375 0.1593750
10 0.2312500 0.4941406 0.1520833 0.2070312
8 0.6953125 0.7089844 0.1458333 0.1398437
9 0.3875000 0.9011719 0.1229167 0.1648438
9 0.7513021 0.5980469 0.1619792 0.1929687
11 0.4776042 0.6406250 0.1052083 0.2156250
11 0.4713542 0.0992187 0.1125000 0.1984375
7 0.3692708 0.4835937 0.1270833 0.1312500
10 0.7424479 0.4484375 0.1505208 0.1453125
8 0.4718750 0.6804687 0.1343750 0.1375000
9 0.4296875 0.0875000 0.1260417 0.1750000
11 0.3104167 0.6863281 0.0958333 0.2210938
