2 0.3447917 0.2843750 0.0333333 0.0250000
5 0.7291667 0.7675781 0.0187500 0.0445313
4 0.6270833 0.5851563 0.0312500 0.0312500
5 0.6953125 0.6015625 0.0302083 0.0312500
0 0.5549479 0.2238281 0.0296875 0.0273438
2 0.5934896 0.4316406 0.0182292 0.0289063
5 0.6768229 0.5121094 0.0255208 0.0367188
0 0.4346354 0.1964844 0.0203125 0.0398437
5 0.5927083 0.3179688 0.0218750 0.0218750
5 0.4645833 0.2632813 0.0281250 0.0234375
2 0.3752604 0.8597656 0.0161458 0.0429688
0 0.6401042 0.6535156 0.0166667 0.0445313
3 0.5651042 0.6960937 0.0187500 0.0343750
4 0.4934896 0.3148437 0.0161458 0.0500000
4 0.2992187 0.6230469 0.0328125 0.0226562
2 0.6471354 0.6242188 0.0276042 0.0187500
1 0.4567708 0.2753906 0.0177083 0.0226562
4 0.5476562 0.7214844 0.0161458 0.0429688
1 0.5466146 0.2191406 0.0151042 0.0335937
1 0.4854167 0.7437500 0.0270833 0.0281250
3 0.4677083 0.5242187 0.0250000 0.0218750
5 0.6093750 0.5542969 0.0260417 0.0335937
1 0.5734375 0.3781250 0.0135417 0.0328125
4 0.7479167 0.5265625 0.0145833 0.0453125
1 0.4625000 0.8773437 0.0302083 0.0203125
2 0.5026042 0.6187500 0.0260417 0.0265625
4 0.3244792 0.2742188 0.0312500 0.0250000
5 0.5807292 0.3207031 0.0187500 0.0445313
6 0.5184896 0.7347656 0.0192708 0.0414062
6 0.5411458 0.5714844 0.0333333 0.0367188
7 0.3919271 0.2171875 0.0192708 0.0453125
11 0.6416667 0.4621094 0.0312500 0.0398437
11 0.4221354 0.6625000 0.0286458 0.0359375
8 0.4635417 0.2742188 0.0281250 0.0265625
11 0.3742187 0.3781250 0.0203125 0.0343750
