4 0.5427083 0.1695312 0.0145833 0.0203125
4 0.6398438 0.1593750 0.0276042 0.0203125
5 0.6085938 0.6640625 0.0151042 0.0390625
0 0.3911458 0.2730469 0.0270833 0.0210938
1 0.5458333 0.7117187 0.0312500 0.0234375
1 0.7250000 0.3156250 0.0333333 0.0265625
5 0.3942708 0.6894531 0.0260417 0.0226562
4 0.4653646 0.5726562 0.0265625 0.0312500
0 0.3572917 0.6832031 0.0291667 0.0210938
0 0.5684896 0.3582031 0.0296875 0.0226562
4 0.4562500 0.8460937 0.0239583 0.0265625
2 0.5135417 0.5445313 0.0208333 0.0421875
4 0.5203125 0.7750000 0.0156250 0.0406250
1 0.3005208 0.5539063 0.0260417 0.0171875
5 0.4882812 0.4371094 0.0244792 0.0226562
2 0.3992188 0.6636719 0.0223958 0.0335937
1 0.4632812 0.5945312 0.0213542 0.0375000
7 0.6627604 0.6078125 0.0255208 0.0250000
11 0.3307292 0.5285156 0.0239583 0.0351562
9 0.3455729 0.4496094 0.0276042 0.0273438
6 0.5330729 0.1296875 0.0223958 0.0390625
6 0.4101562 0.6093750 0.0171875 0.0390625
9 0.3231771 0.3796875 0.0244792 0.0312500
6 0.5778646 0.4414062 0.0234375 0.0328125
11 0.6033854 0.5054688 0.0182292 0.0296875
7 0.5049479 0.8710938 0.0171875 0.0406250
