1 0.6377604 0.3648438 0.0723958 0.1218750
3 0.5768229 0.4480469 0.0567708 0.0820312
0 0.4473958 0.8375000 0.0875000 0.0750000
0 0.2611979 0.2960937 0.0557292 0.1250000
2 0.5445313 0.8148437 0.0973958 0.0906250
2 0.5617188 0.2507813 0.1015625 0.0546875
1 0.3791667 0.3773437 0.0437500 0.1453125
4 0.6859375 0.1156250 0.0958333 0.0671875
5 0.3205729 0.2847656 0.0546875 0.1289062
4 0.5486979 0.7269531 0.0640625 0.0695313
5 0.5437500 0.5031250 0.0437500 0.0812500
0 0.5002604 0.7652344 0.0828125 0.0664062
4 0.2177083 0.3722656 0.0895833 0.1085938
5 0.5940104 0.6335937 0.0984375 0.0890625
3 0.4789062 0.5312500 0.0432292 0.0984375
4 0.5031250 0.4011719 0.0531250 0.0726563
4 0.4304688 0.8386719 0.0911458 0.1117188
1 0.5796875 0.6675781 0.0656250 0.1101562
5 0.4794271 0.3367188 0.0682292 0.0812500
0 0.4187500 0.5324219 0.0479167 0.0851563
2 0.6807292 0.4550781 0.0906250 0.1039063
3 0.5257812 0.3804688 0.0567708 0.0828125
2 0.6742187 0.5949219 0.0921875 0.0632812
3 0.6026042 0.7195312 0.0843750 0.0953125
0 0.2726562 0.4597656 0.0817708 0.0976562
5 0.4997396 0.7941406 0.0546875 0.1195313
3 0.3908854 0.5902344 0.0776042 0.0992187
1 0.4940104 0.5050781 0.0515625 0.1164063
4 0.4638021 0.4917969 0.0411458 0.1039063
1 0.6927083 0.5277344 0.0895833 0.0742188
1 0.6986979 0.4574219 0.0640625 0.1179687
6 0.5382813 0.1199219 0.0828125 0.0929688
7 0.3932292 0.3906250 0.0635417 0.1281250
8 0.5223958 0.1851562 0.0625000 0.1359375
7 0.3182292 0.4324219 0.0895833 0.0960938
9 0.3174479 0.8589844 0.0567708 0.1382812
10 0.2919271 0.8062500 0.0901042 0.0843750
6 0.6361979 0.3617187 0.0848958 0.0890625
8 0.6111979 0.5933594 0.0953125 0.1257813
11 0.2872396 0.5347656 0.0838542 0.0929688
8 0.5411458 0.8402344 0.0937500 0.1179687
11 0.2947917 0.4433594 0.0916667 0.0882813
8 0.7203125 0.4648438 0.0947917 0.0937500
