4 0.4927083 0.3843750 0.0385417 0.0421875
0 0.4789062 0.2917969 0.0401042 0.0476562
5 0.2190104 0.3421875 0.0348958 0.0375000
4 0.4648438 0.3386719 0.0161458 0.0320312
5 0.6718750 0.7011719 0.0239583 0.0335937
3 0.4541667 0.7242188 0.0354167 0.0578125
2 0.4921875 0.8175781 0.0447917 0.0320312
1 0.4940104 0.8183594 0.0338542 0.0601563
4 0.3835938 0.4070313 0.0244792 0.0562500
4 0.4739583 0.5054688 0.0270833 0.0546875
0 0.2924479 0.3523438 0.0421875 0.0265625
0 0.4046875 0.6988281 0.0312500 0.0414062
1 0.5828125 0.4515625 0.0364583 0.0500000
5 0.5179687 0.1621094 0.0265625 0.0695313
0 0.3481771 0.6242188 0.0244792 0.0359375
3 0.5343750 0.5968750 0.0437500 0.0343750
6 0.3820312 0.4882812 0.0317708 0.0531250
7 0.5575521 0.4718750 0.0338542 0.0578125
