1 0.6864583 0.4460938 0.0333333 0.0250000
2 0.4138021 0.7187500 0.0213542 0.0250000
0 0.4716146 0.4066406 0.0203125 0.0257812
0 0.5244792 0.9023438 0.0281250 0.0421875
4 0.4539063 0.5984375 0.0244792 0.0234375
1 0.6255208 0.2832031 0.0270833 0.0445313
2 0.7236979 0.5933594 0.0328125 0.0242188
3 0.6872396 0.4957031 0.0255208 0.0257812
5 0.6773438 0.5468750 0.0171875 0.0250000
5 0.3911458 0.7492188 0.0260417 0.0437500
2 0.4554687 0.3632812 0.0317708 0.0265625
2 0.8005208 0.4207031 0.0270833 0.0351562
4 0.6190104 0.7011719 0.0317708 0.0273438
1 0.4648438 0.3246094 0.0338542 0.0257812
1 0.3953125 0.4882812 0.0270833 0.0328125
0 0.4575521 0.8250000 0.0203125 0.0437500
0 0.4710937 0.7769531 0.0328125 0.0226562
4 0.5075521 0.3953125 0.0307292 0.0234375
3 0.4411458 0.6734375 0.0197917 0.0406250
4 0.6320313 0.6914062 0.0307292 0.0218750
4 0.7544271 0.6203125 0.0328125 0.0250000
3 0.7593750 0.5023437 0.0333333 0.0281250
1 0.3989583 0.6363281 0.0322917 0.0226562
0 0.3393229 0.7339844 0.0171875 0.0429688
4 0.5687500 0.4187500 0.0239583 0.0312500
1 0.6083333 0.8378906 0.0270833 0.0445313
1 0.6135417 0.3718750 0.0197917 0.0250000
5 0.6187500 0.3855469 0.0281250 0.0351562
3 0.6132812 0.2863281 0.0161458 0.0257812
0 0.4679687 0.4667969 0.0276042 0.0335937
4 0.5562500 0.4953125 0.0354167 0.0250000
5 0.3734375 0.2664063 0.0177083 0.0218750
2 0.5942708 0.4417969 0.0239583 0.0429688
0 0.5265625 0.5050781 0.0208333 0.0335937
5 0.2976563 0.6480469 0.0192708 0.0507812
5 0.5192708 0.3863281 0.0218750 0.0382813
1 0.5781250 0.8238281 0.0312500 0.0304687
0 0.5557292 0.6785156 0.0333333 0.0226562
0 0.7236979 0.5199219 0.0296875 0.0367188
4 0.5018229 0.5300781 0.0192708 0.0210938
1 0.4979167 0.6339844 0.0218750 0.0304687
5 0.7497396 0.2843750 0.0171875 0.0515625
4 0.5653646 0.6117187 0.0244792 0.0375000
0 0.7122396 0.5859375 0.0161458 0.0250000
5 0.6994792 0.7804688 0.0343750 0.0250000
4 0.3338542 0.5417969 0.0291667 0.0335937
3 0.6726562 0.3675781 0.0338542 0.0242188
2 0.5348958 0.3796875 0.0250000 0.0281250
1 0.3796875 0.4460938 0.0322917 0.0218750
2 0.5026042 0.3808594 0.0291667 0.0257812
5 0.6843750 0.4828125 0.0281250 0.0265625
3 0.3729167 0.4968750 0.0208333 0.0265625
4 0.5033854 0.7410156 0.0286458 0.0257812
1 0.4505208 0.4750000 0.0218750 0.0281250
3 0.4364583 0.1988281 0.0250000 0.0351562
1 0.3515625 0.4699219 0.0322917 0.0367188
1 0.7440104 0.6109375 0.0244792 0.0296875
2 0.4015625 0.6117187 0.0156250 0.0296875
0 0.3455729 0.4300781 0.0171875 0.0304687
4 0.6033854 0.6277344 0.0234375 0.0320312
4 0.3992188 0.5132813 0.0223958 0.0328125
3 0.5953125 0.6324219 0.0354167 0.0289063
2 0.6494792 0.7550781 0.0208333 0.0257812
2 0.3502604 0.6089844 0.0265625 0.0367188
8 0.5244792 0.5503906 0.0239583 0.0398437
9 0.5833333 0.5683594 0.0312500 0.0320312
7 0.4606771 0.7445312 0.0328125 0.0421875
7 0.7052083 0.6050781 0.0218750 0.0320312
8 0.6609375 0.2632813 0.0239583 0.0453125
6 0.6000000 0.3468750 0.0218750 0.0406250
10 0.3703125 0.6386719 0.0260417 0.0304687
6 0.3546875 0.7656250 0.0302083 0.0484375
11 0.3843750 0.4925781 0.0312500 0.0304687
