1 0.6161458 0.3058594 0.0229167 0.0210938
1 0.5328125 0.3878906 0.0156250 0.0351562
3 0.4151042 0.7601562 0.0177083 0.0265625
0 0.4411458 0.4953125 0.0177083 0.0343750
3 0.6984375 0.4011719 0.0187500 0.0226562
1 0.7130208 0.6476563 0.0250000 0.0171875
1 0.5419271 0.7726563 0.0213542 0.0312500
2 0.4593750 0.0957031 0.0135417 0.0351562
1 0.4023438 0.3191406 0.0171875 0.0257812
1 0.5763021 0.7863281 0.0182292 0.0242188
1 0.3908854 0.6500000 0.0182292 0.0140625
5 0.4007812 0.2417969 0.0119792 0.0195312
3 0.7627604 0.5957031 0.0213542 0.0273438
0 0.4677083 0.3531250 0.0145833 0.0171875
4 0.5276042 0.6722656 0.0135417 0.0210938
2 0.3348958 0.2984375 0.0260417 0.0187500
5 0.6013021 0.2242187 0.0223958 0.0296875
5 0.5635417 0.3960938 0.0125000 0.0359375
5 0.6393229 0.4398437 0.0244792 0.0203125
3 0.3778646 0.7187500 0.0234375 0.0265625
1 0.6854167 0.6757812 0.0135417 0.0328125
4 0.5992188 0.4980469 0.0161458 0.0320312
1 0.4742188 0.1851562 0.0119792 0.0156250
2 0.4205729 0.5261719 0.0203125 0.0242188
0 0.2250000 0.5601563 0.0239583 0.0187500
0 0.4752604 0.1414063 0.0234375 0.0234375
0 0.4804688 0.6937500 0.0234375 0.0250000
1 0.4755208 0.3777344 0.0260417 0.0195312
1 0.4666667 0.4105469 0.0104167 0.0195312
2 0.6223958 0.6062500 0.0156250 0.0203125
5 0.5270833 0.7156250 0.0156250 0.0375000
4 0.3914063 0.4878906 0.0234375 0.0242188
4 0.6096354 0.2703125 0.0130208 0.0390625
0 0.2776042 0.6925781 0.0250000 0.0226562
1 0.4348958 0.3726563 0.0250000 0.0171875
5 0.3247396 0.8281250 0.0203125 0.0265625
3 0.4721354 0.2250000 0.0151042 0.0359375
5 0.5398437 0.7441406 0.0182292 0.0242188
0 0.5359375 0.6652344 0.0229167 0.0195312
2 0.5869792 0.4699219 0.0208333 0.0289063
4 0.5809896 0.4222656 0.0151042 0.0382813
4 0.4333333 0.5320312 0.0166667 0.0312500
4 0.2562500 0.6503906 0.0260417 0.0195312
1 0.6145833 0.6562500 0.0166667 0.0218750
3 0.4161458 0.7289062 0.0114583 0.0171875
3 0.4994792 0.2855469 0.0114583 0.0164063
4 0.3226562 0.8582031 0.0234375 0.0195312
0 0.3815104 0.4335938 0.0265625 0.0203125
3 0.6307292 0.4742188 0.0250000 0.0203125
4 0.4182292 0.5796875 0.0229167 0.0265625
3 0.5494792 0.5355469 0.0250000 0.0195312
0 0.3585937 0.8015625 0.0119792 0.0390625
3 0.5002604 0.7960938 0.0182292 0.0281250
3 0.5317708 0.4792969 0.0145833 0.0179687
0 0.3664062 0.2171875 0.0255208 0.0234375
2 0.4656250 0.4058594 0.0218750 0.0226562
4 0.5434896 0.6750000 0.0151042 0.0187500
2 0.5309896 0.2527344 0.0182292 0.0242188
2 0.5377604 0.2843750 0.0244792 0.0187500
0 0.5080729 0.2414062 0.0286458 0.0218750
5 0.5265625 0.7585937 0.0114583 0.0375000
3 0.6406250 0.3050781 0.0218750 0.0210938
3 0.5276042 0.7265625 0.0187500 0.0265625
10 0.5294271 0.1640625 0.0234375 0.0250000
6 0.5315104 0.1156250 0.0244792 0.0359375
9 0.4223958 0.4355469 0.0239583 0.0257812
