1 0.3760417 0.3914063 0.0250000 0.0375000
0 0.7197917 0.7082031 0.0177083 0.0507812
2 0.5283854 0.6203125 0.0244792 0.0531250
1 0.5093750 0.3835938 0.0250000 0.0281250
2 0.4033854 0.5417969 0.0161458 0.0242188
5 0.4236979 0.5289063 0.0328125 0.0296875
1 0.4747396 0.6988281 0.0286458 0.0398437
4 0.5325521 0.1414063 0.0296875 0.0343750
2 0.4911458 0.6480469 0.0208333 0.0445313
1 0.4955729 0.5781250 0.0328125 0.0218750
2 0.4916667 0.7214844 0.0322917 0.0398437
1 0.4890625 0.4710937 0.0291667 0.0312500
3 0.3531250 0.3136719 0.0197917 0.0539063
1 0.3830729 0.5332031 0.0223958 0.0242188
0 0.4807292 0.6000000 0.0177083 0.0250000
2 0.7111979 0.4351563 0.0286458 0.0250000
4 0.3408854 0.2726562 0.0255208 0.0281250
3 0.3992188 0.5656250 0.0307292 0.0421875
0 0.5039062 0.5429688 0.0244792 0.0343750
1 0.5335937 0.2101562 0.0223958 0.0406250
0 0.3013021 0.2042969 0.0338542 0.0289063
4 0.3825521 0.6375000 0.0348958 0.0250000
2 0.5763021 0.7703125 0.0328125 0.0234375
0 0.6393229 0.4160156 0.0171875 0.0304687
2 0.4242187 0.4648438 0.0244792 0.0265625
1 0.3513021 0.5406250 0.0151042 0.0312500
0 0.6015625 0.9566406 0.0364583 0.0289063
1 0.4888021 0.6847656 0.0276042 0.0304687
9 0.6815104 0.8132812 0.0234375 0.0515625
11 0.8486979 0.5652344 0.0348958 0.0335937
6 0.2588542 0.5933594 0.0229167 0.0523438
6 0.6325521 0.4703125 0.0234375 0.0437500
8 0.5820312 0.3128906 0.0307292 0.0414062
10 0.6625000 0.5742188 0.0229167 0.0531250
6 0.5427083 0.5515625 0.0333333 0.0500000
