0 0.3411458 0.8503906 0.0343750 0.0289063
1 0.4643229 0.3847656 0.0359375 0.0367188
4 0.4486979 0.5902344 0.0255208 0.0242188
2 0.5468750 0.6453125 0.0343750 0.0296875
3 0.4812500 0.2898438 0.0197917 0.0468750
2 0.7552083 0.6062500 0.0270833 0.0343750
5 0.6437500 0.7152344 0.0333333 0.0257812
3 0.3440104 0.4472656 0.0369792 0.0257812
0 0.4562500 0.6695313 0.0333333 0.0234375
2 0.3343750 0.5902344 0.0177083 0.0289063
3 0.6940104 0.7066406 0.0328125 0.0242188
2 0.4419271 0.2933594 0.0192708 0.0507812
3 0.6179687 0.5652344 0.0307292 0.0351562
1 0.4687500 0.6156250 0.0333333 0.0281250
1 0.6369792 0.7101563 0.0156250 0.0500000
1 0.6028646 0.2492187 0.0151042 0.0296875
3 0.4098958 0.2910156 0.0333333 0.0226562
5 0.7085938 0.6300781 0.0338542 0.0257812
3 0.4572917 0.6699219 0.0218750 0.0367188
3 0.5963542 0.4253906 0.0270833 0.0257812
1 0.5109375 0.4863281 0.0187500 0.0226562
5 0.4565104 0.5941406 0.0276042 0.0351562
2 0.6223958 0.2296875 0.0312500 0.0250000
3 0.4091146 0.4187500 0.0203125 0.0296875
0 0.2877604 0.7273437 0.0171875 0.0546875
3 0.6984375 0.5726562 0.0333333 0.0234375
3 0.2942708 0.4640625 0.0354167 0.0265625
3 0.5096354 0.6632813 0.0276042 0.0250000
2 0.4867187 0.7863281 0.0286458 0.0335937
2 0.5338542 0.9351563 0.0343750 0.0265625
5 0.5552083 0.5109375 0.0312500 0.0187500
2 0.4372396 0.6449219 0.0223958 0.0351562
3 0.5195312 0.7578125 0.0192708 0.0296875
0 0.6828125 0.4187500 0.0322917 0.0281250
0 0.6247396 0.6191406 0.0213542 0.0429688
3 0.6304688 0.5960937 0.0338542 0.0234375
3 0.5924479 0.2703125 0.0203125 0.0421875
0 0.6382813 0.7496094 0.0161458 0.0289063
2 0.3919271 0.2664063 0.0307292 0.0281250
1 0.6528646 0.6933594 0.0223958 0.0429688
3 0.6161458 0.7074219 0.0385417 0.0289063
5 0.6674479 0.8527344 0.0348958 0.0273438
5 0.6294271 0.7125000 0.0348958 0.0312500
3 0.4476562 0.1234375 0.0276042 0.0406250
4 0.4679687 0.4906250 0.0286458 0.0250000
3 0.6294271 0.5515625 0.0307292 0.0250000
1 0.3591146 0.5808594 0.0255208 0.0257812
3 0.5395833 0.4019531 0.0208333 0.0460938
2 0.3294271 0.3898437 0.0213542 0.0250000
2 0.4455729 0.1828125 0.0276042 0.0312500
2 0.3921875 0.5171875 0.0260417 0.0234375
3 0.6947917 0.2109375 0.0333333 0.0265625
1 0.5033854 0.6933594 0.0213542 0.0414062
5 0.4028646 0.3285156 0.0348958 0.0257812
0 0.3916667 0.2351563 0.0375000 0.0234375
3 0.7059896 0.6617188 0.0223958 0.0546875
2 0.6916667 0.5097656 0.0364583 0.0304687
2 0.5760417 0.3980469 0.0177083 0.0554687
0 0.7013021 0.3972656 0.0369792 0.0304687
2 0.4778646 0.4250000 0.0255208 0.0234375
3 0.5565104 0.0695313 0.0265625 0.0406250
0 0.2888021 0.2699219 0.0276042 0.0320312
3 0.5643229 0.6339844 0.0338542 0.0335937
3 0.3453125 0.2167969 0.0187500 0.0414062
3 0.6822917 0.6355469 0.0177083 0.0429688
4 0.5796875 0.4003906 0.0322917 0.0257812
3 0.5992188 0.2441406 0.0338542 0.0257812
2 0.6476563 0.4238281 0.0317708 0.0304687
3 0.6239583 0.6140625 0.0312500 0.0312500
0 0.5778646 0.1648438 0.0348958 0.0281250
5 0.4856771 0.2035156 0.0265625 0.0289063
0 0.3567708 0.6710938 0.0322917 0.0312500
4 0.3244792 0.3519531 0.0312500 0.0179687
4 0.2796875 0.4308594 0.0281250 0.0257812
1 0.5531250 0.5148438 0.0364583 0.0265625
1 0.6161458 0.2257812 0.0197917 0.0453125
4 0.4289062 0.6832031 0.0234375 0.0320312
0 0.6304688 0.4382813 0.0348958 0.0296875
2 0.4380208 0.3742187 0.0291667 0.0312500
6 0.4932292 0.3156250 0.0229167 0.0531250
6 0.4997396 0.2617188 0.0328125 0.0421875
9 0.6531250 0.3679688 0.0312500 0.0312500
6 0.5606771 0.4601562 0.0223958 0.0515625
6 0.2916667 0.3660156 0.0218750 0.0351562
8 0.6643229 0.4691406 0.0317708 0.0398437
8 0.7156250 0.6253906 0.0250000 0.0367188
11 0.5807292 0.6664062 0.0333333 0.0359375
8 0.5979167 0.4675781 0.0229167 0.0351562
8 0.4796875 0.4027344 0.0322917 0.0398437
6 0.4377604 0.8757812 0.0328125 0.0328125
8 0.6901042 0.6484375 0.0312500 0.0312500
7 0.4812500 0.6046875 0.0218750 0.0328125
6 0.4513021 0.4414062 0.0255208 0.0453125
