5 0.5156250 0.4035156 0.0406250 0.0335937
1 0.5518229 0.1738281 0.0192708 0.0476562
4 0.7270833 0.5820312 0.0437500 0.0296875
4 0.4984375 0.4253906 0.0291667 0.0585938
4 0.4721354 0.7003906 0.0182292 0.0382813
5 0.4822917 0.2003906 0.0343750 0.0429688
5 0.6929688 0.1117188 0.0161458 0.0625000
5 0.3307292 0.6484375 0.0208333 0.0625000
5 0.4942708 0.4472656 0.0239583 0.0539063
1 0.3877604 0.4433594 0.0203125 0.0460938
5 0.5888021 0.5101562 0.0317708 0.0421875
2 0.5713542 0.6273437 0.0406250 0.0296875
5 0.3992188 0.4976563 0.0234375 0.0296875
2 0.5721354 0.4015625 0.0453125 0.0359375
2 0.5713542 0.5000000 0.0343750 0.0484375
4 0.3906250 0.3570313 0.0218750 0.0609375
4 0.5679688 0.3734375 0.0276042 0.0312500
1 0.4213542 0.6347656 0.0312500 0.0335937
2 0.4380208 0.5859375 0.0270833 0.0609375
0 0.5682292 0.5898438 0.0385417 0.0312500
4 0.5593750 0.7378906 0.0437500 0.0289063
11 0.7007813 0.6722656 0.0380208 0.0382813
6 0.6471354 0.6671875 0.0421875 0.0468750
8 0.5500000 0.3875000 0.0364583 0.0359375
8 0.6088542 0.5785156 0.0437500 0.0414062
10 0.6028646 0.7656250 0.0432292 0.0562500
7 0.5692708 0.3449219 0.0229167 0.0554687
9 0.4700521 0.2703125 0.0411458 0.0453125
8 0.3765625 0.6992188 0.0260417 0.0390625
6 0.7770833 0.6324219 0.0281250 0.0523438
10 0.4429688 0.7273437 0.0359375 0.0359375
10 0.6101562 0.4125000 0.0380208 0.0640625
10 0.7080729 0.5933594 0.0401042 0.0429688
7 0.4880208 0.5464844 0.0458333 0.0445313
11 0.4682292 0.3675781 0.0395833 0.0398437
10 0.3406250 0.1859375 0.0437500 0.0406250
7 0.5835938 0.7226562 0.0380208 0.0640625
6 0.2632813 0.7910156 0.0411458 0.0398437
6 0.5346354 0.1507813 0.0338542 0.0625000
11 0.3614583 0.3566406 0.0406250 0.0507812
