0 0.5713542 0.0906250 0.0343750 0.1046875
2 0.4309896 0.8835937 0.0526042 0.0468750
1 0.5242187 0.4808594 0.0421875 0.0632812
2 0.4838542 0.7957031 0.0489583 0.0539063
0 0.2255208 0.4828125 0.0364583 0.0765625
6 0.3226562 0.3398438 0.0703125 0.0671875
8 0.5226563 0.3390625 0.0526042 0.0921875
7 0.6924479 0.4015625 0.0484375 0.0578125
6 0.2822917 0.3726563 0.0593750 0.0593750
7 0.5539063 0.6941406 0.0515625 0.0867187
8 0.3005208 0.6667969 0.0520833 0.0710937
10 0.5294271 0.7539062 0.0484375 0.0906250
6 0.7109375 0.4085937 0.0718750 0.0859375
7 0.6997396 0.5617188 0.0619792 0.0609375
10 0.3791667 0.5894531 0.0479167 0.0757812
8 0.2697917 0.2769531 0.0656250 0.0757812
10 0.4252604 0.5910156 0.0432292 0.0992187
10 0.5424479 0.7960938 0.0432292 0.0625000
9 0.5549479 0.5871094 0.0671875 0.0757812
8 0.4239583 0.6148438 0.0645833 0.0796875
9 0.7453125 0.3238281 0.0531250 0.0914062
