0 0.3979167 0.4230469 0.0229167 0.0195312
5 0.3429687 0.5480469 0.0119792 0.0257812
2 0.5640625 0.6531250 0.0177083 0.0359375
3 0.3851562 0.3351562 0.0161458 0.0171875
3 0.4648438 0.6457031 0.0098958 0.0304687
1 0.5174479 0.7222656 0.0234375 0.0164063
1 0.3781250 0.6355469 0.0239583 0.0164063
3 0.4815104 0.6562500 0.0140625 0.0390625
2 0.3065104 0.4691406 0.0151042 0.0351562
5 0.3765625 0.8136719 0.0125000 0.0367188
0 0.3541667 0.4011719 0.0093750 0.0242188
4 0.5020833 0.6320313 0.0250000 0.0171875
5 0.4317708 0.7085938 0.0229167 0.0156250
5 0.6463542 0.5121094 0.0166667 0.0304687
1 0.5130208 0.4722656 0.0135417 0.0195312
3 0.5315104 0.4292969 0.0151042 0.0242188
2 0.6359375 0.7406250 0.0187500 0.0187500
2 0.5651042 0.3683594 0.0145833 0.0289063
3 0.3596354 0.7105469 0.0255208 0.0148437
2 0.5950521 0.6667969 0.0192708 0.0273438
0 0.5671875 0.2988281 0.0218750 0.0148437
3 0.3169271 0.7218750 0.0203125 0.0265625
5 0.6880208 0.7234375 0.0208333 0.0234375
0 0.3984375 0.7171875 0.0125000 0.0250000
3 0.6966146 0.4007812 0.0234375 0.0156250
2 0.5481771 0.1886719 0.0140625 0.0367188
1 0.6085938 0.7292969 0.0203125 0.0117188
2 0.5403646 0.5976562 0.0213542 0.0234375
0 0.2648437 0.6406250 0.0203125 0.0296875
4 0.6585937 0.5996094 0.0119792 0.0351562
4 0.3580729 0.7425781 0.0130208 0.0304687
0 0.4356771 0.1855469 0.0140625 0.0148437
0 0.3520833 0.3070312 0.0197917 0.0250000
5 0.6742187 0.2800781 0.0223958 0.0289063
1 0.7356771 0.7578125 0.0109375 0.0250000
0 0.4255208 0.3550781 0.0104167 0.0257812
2 0.4869792 0.5917969 0.0135417 0.0164063
3 0.4901042 0.6539063 0.0145833 0.0140625
4 0.5835938 0.7156250 0.0140625 0.0234375
6 0.5075521 0.7687500 0.0234375 0.0296875
6 0.7669271 0.6296875 0.0244792 0.0328125
8 0.5648437 0.7382812 0.0223958 0.0265625
7 0.3164062 0.4898438 0.0213542 0.0312500
10 0.4468750 0.6820312 0.0135417 0.0312500
6 0.6291667 0.4914062 0.0229167 0.0218750
8 0.5148438 0.4953125 0.0171875 0.0218750
9 0.6906250 0.4765625 0.0229167 0.0234375
6 0.5432292 0.8835937 0.0197917 0.0328125
8 0.6526042 0.5355469 0.0177083 0.0320312
7 0.6382813 0.7070312 0.0213542 0.0218750
8 0.5276042 0.6683594 0.0177083 0.0226562
8 0.3703125 0.4707031 0.0208333 0.0195312
