0 0.5783854 0.1539062 0.0161458 0.0171875
3 0.6054688 0.3800781 0.0255208 0.0179687
4 0.3309896 0.7792969 0.0171875 0.0179687
5 0.3937500 0.2984375 0.0229167 0.0281250
3 0.4010417 0.2507813 0.0218750 0.0312500
1 0.6106771 0.5886719 0.0234375 0.0226562
2 0.5856771 0.7757812 0.0244792 0.0171875
2 0.6236979 0.7285156 0.0255208 0.0226562
4 0.4781250 0.7183594 0.0145833 0.0289063
0 0.6236979 0.4253906 0.0223958 0.0242188
5 0.5963542 0.2691406 0.0156250 0.0320312
5 0.4955729 0.4625000 0.0276042 0.0187500
5 0.5171875 0.6289062 0.0250000 0.0171875
1 0.5369792 0.6527344 0.0197917 0.0164063
4 0.5229167 0.6144531 0.0177083 0.0195312
2 0.4354167 0.9625000 0.0156250 0.0390625
1 0.6169271 0.5390625 0.0244792 0.0265625
4 0.5450521 0.7304688 0.0130208 0.0359375
2 0.5859375 0.6234375 0.0250000 0.0187500
3 0.6557292 0.3507812 0.0197917 0.0265625
1 0.3815104 0.4914062 0.0130208 0.0218750
4 0.6838542 0.6886719 0.0250000 0.0195312
1 0.6231771 0.5187500 0.0255208 0.0218750
0 0.5122396 0.6742187 0.0151042 0.0203125
0 0.3692708 0.8195313 0.0270833 0.0171875
1 0.4768229 0.4328125 0.0276042 0.0187500
4 0.4585938 0.2062500 0.0192708 0.0359375
4 0.6536458 0.6023437 0.0218750 0.0187500
1 0.6130208 0.2902344 0.0156250 0.0367188
5 0.5286458 0.7699219 0.0239583 0.0210938
1 0.5421875 0.5937500 0.0229167 0.0171875
0 0.5174479 0.6410156 0.0234375 0.0179687
1 0.6539063 0.2625000 0.0140625 0.0437500
3 0.6203125 0.2707031 0.0197917 0.0164063
5 0.2966146 0.3644531 0.0140625 0.0335937
3 0.6291667 0.4605469 0.0197917 0.0367188
4 0.6471354 0.3523438 0.0109375 0.0390625
3 0.3645833 0.3843750 0.0177083 0.0218750
3 0.4557292 0.2386719 0.0156250 0.0226562
1 0.5184896 0.8296875 0.0192708 0.0187500
2 0.6145833 0.4218750 0.0239583 0.0171875
5 0.5731771 0.4335938 0.0234375 0.0218750
1 0.3533854 0.6957031 0.0161458 0.0226562
4 0.6231771 0.5253906 0.0255208 0.0210938
0 0.3276042 0.5582031 0.0135417 0.0335937
0 0.2752604 0.3285156 0.0182292 0.0304687
2 0.5007812 0.1527344 0.0223958 0.0320312
0 0.3583333 0.6359375 0.0156250 0.0187500
0 0.5046875 0.1894531 0.0156250 0.0335937
0 0.5875000 0.1308594 0.0187500 0.0257812
4 0.2755208 0.4667969 0.0166667 0.0304687
5 0.3091146 0.5273438 0.0130208 0.0265625
2 0.4044271 0.6386719 0.0255208 0.0195312
2 0.6117187 0.3035156 0.0255208 0.0210938
1 0.4223958 0.6023437 0.0239583 0.0171875
0 0.6789063 0.4085937 0.0109375 0.0218750
3 0.6242188 0.8539062 0.0171875 0.0296875
4 0.4263021 0.4789062 0.0151042 0.0218750
3 0.6804687 0.7414063 0.0119792 0.0203125
1 0.6606771 0.4273438 0.0265625 0.0171875
2 0.6302083 0.2683594 0.0135417 0.0367188
1 0.7265625 0.3910156 0.0177083 0.0351562
1 0.5255208 0.1898438 0.0250000 0.0156250
0 0.6052083 0.2929688 0.0166667 0.0187500
2 0.5190104 0.4976563 0.0161458 0.0281250
5 0.6815104 0.3847656 0.0119792 0.0195312
5 0.4312500 0.8835937 0.0260417 0.0187500
5 0.5708333 0.4058594 0.0197917 0.0257812
4 0.6375000 0.3843750 0.0197917 0.0171875
5 0.5606771 0.2769531 0.0203125 0.0226562
6 0.6755208 0.5015625 0.0250000 0.0265625
6 0.5786458 0.8289062 0.0197917 0.0359375
11 0.6872396 0.2046875 0.0244792 0.0234375
9 0.3807292 0.7691406 0.0229167 0.0367188
