0 0.5367188 0.2894531 0.0109375 0.0304687
1 0.7567708 0.3187500 0.0239583 0.0328125
1 0.5661458 0.1714844 0.0281250 0.0179687
5 0.3114583 0.2250000 0.0145833 0.0343750
0 0.5328125 0.4980469 0.0145833 0.0320312
3 0.2752604 0.7882813 0.0130208 0.0343750
2 0.5385417 0.3144531 0.0177083 0.0195312
5 0.5497396 0.6679688 0.0265625 0.0171875
3 0.7346354 0.4148438 0.0182292 0.0375000
4 0.6372396 0.3800781 0.0213542 0.0195312
4 0.6106771 0.5031250 0.0244792 0.0187500
0 0.6958333 0.6425781 0.0125000 0.0382813
4 0.6661458 0.5429688 0.0135417 0.0218750
5 0.4250000 0.3828125 0.0114583 0.0390625
2 0.3085938 0.4464844 0.0192708 0.0304687
3 0.2760417 0.4476562 0.0291667 0.0203125
0 0.7031250 0.7843750 0.0187500 0.0234375
5 0.3302083 0.8453125 0.0156250 0.0421875
0 0.4765625 0.3882813 0.0166667 0.0406250
0 0.5820312 0.8398438 0.0119792 0.0328125
5 0.2804687 0.6007813 0.0192708 0.0250000
3 0.5489583 0.3722656 0.0218750 0.0320312
5 0.4109375 0.4378906 0.0250000 0.0226562
3 0.3078125 0.2890625 0.0177083 0.0406250
5 0.3843750 0.4078125 0.0145833 0.0343750
3 0.4606771 0.5472656 0.0130208 0.0351562
0 0.3932292 0.6894531 0.0270833 0.0164063
0 0.2731771 0.1984375 0.0151042 0.0406250
2 0.6369792 0.1671875 0.0270833 0.0171875
1 0.7125000 0.1992188 0.0135417 0.0406250
2 0.6156250 0.4703125 0.0270833 0.0234375
5 0.4513021 0.2605469 0.0234375 0.0335937
3 0.6479167 0.6644531 0.0270833 0.0195312
5 0.4718750 0.9210938 0.0156250 0.0328125
0 0.5533854 0.2628906 0.0192708 0.0226562
1 0.3950521 0.4945312 0.0234375 0.0140625
0 0.6427083 0.5269531 0.0208333 0.0179687
5 0.6203125 0.5914063 0.0239583 0.0250000
2 0.5393229 0.1710937 0.0151042 0.0218750
0 0.6489583 0.3601563 0.0156250 0.0312500
3 0.4937500 0.4839844 0.0177083 0.0210938
4 0.3846354 0.6457031 0.0119792 0.0398437
3 0.5500000 0.4750000 0.0125000 0.0234375
2 0.5325521 0.3285156 0.0161458 0.0335937
1 0.3054688 0.4425781 0.0171875 0.0210938
0 0.7375000 0.4234375 0.0291667 0.0203125
5 0.3174479 0.2171875 0.0109375 0.0343750
1 0.4044271 0.2753906 0.0171875 0.0398437
0 0.7005208 0.2667969 0.0229167 0.0242188
1 0.5552083 0.2312500 0.0250000 0.0171875
3 0.3497396 0.5562500 0.0140625 0.0312500
6 0.6148438 0.7835937 0.0182292 0.0390625
7 0.6429687 0.5792969 0.0244792 0.0289063
8 0.6786458 0.4742188 0.0250000 0.0265625
7 0.6140625 0.1582031 0.0250000 0.0289063
10 0.4570312 0.5593750 0.0244792 0.0250000
8 0.6158854 0.4835937 0.0265625 0.0265625
8 0.4611979 0.4546875 0.0234375 0.0234375
10 0.5010417 0.3898437 0.0260417 0.0250000
10 0.3557292 0.8085938 0.0260417 0.0234375
7 0.5044271 0.6089844 0.0171875 0.0367188
11 0.4460938 0.4234375 0.0171875 0.0312500
9 0.3356771 0.3804688 0.0234375 0.0250000
11 0.4945312 0.6664062 0.0171875 0.0390625
10 0.5346354 0.7144531 0.0182292 0.0257812
8 0.4507813 0.5527344 0.0192708 0.0273438
10 0.5270833 0.6898437 0.0197917 0.0250000
11 0.6880208 0.5832031 0.0177083 0.0320312
