3 0.3708333 0.4828125 0.0343750 0.1062500
2 0.6307292 0.5335937 0.0583333 0.0765625
4 0.5552083 0.5960937 0.0656250 0.0578125
2 0.6513021 0.1714844 0.0380208 0.1117188
1 0.3992188 0.3996094 0.0421875 0.0429688
4 0.4846354 0.3648438 0.0671875 0.0484375
4 0.7252604 0.3964844 0.0338542 0.1148437
3 0.7054687 0.6039062 0.0598958 0.0890625
5 0.4520833 0.7242188 0.0375000 0.0750000
1 0.5958333 0.4898438 0.0666667 0.0546875
2 0.6677083 0.1253906 0.0677083 0.0554687
4 0.2799479 0.4542969 0.0505208 0.0664062
4 0.5372396 0.1679688 0.0640625 0.0453125
0 0.7044271 0.3589844 0.0338542 0.0648438
2 0.6031250 0.4238281 0.0635417 0.0632812
2 0.3812500 0.7273437 0.0437500 0.0625000
3 0.5062500 0.5851563 0.0500000 0.0609375
3 0.4809896 0.2164062 0.0609375 0.0796875
1 0.5838542 0.6789063 0.0489583 0.0687500
11 0.7216146 0.3496094 0.0609375 0.0601563
7 0.7752604 0.6542969 0.0661458 0.0632812
6 0.4255208 0.1488281 0.0395833 0.0929688
8 0.5445313 0.7437500 0.0609375 0.0609375
9 0.5338542 0.7402344 0.0614583 0.0617188
10 0.7317708 0.4816406 0.0635417 0.0835937
9 0.3458333 0.5878906 0.0604167 0.0585938
6 0.7143229 0.2101562 0.0661458 0.1046875
10 0.5234375 0.6683594 0.0406250 0.0882813
10 0.5111979 0.7882813 0.0640625 0.0906250
11 0.7492188 0.5613281 0.0640625 0.0617188
10 0.4091146 0.7765625 0.0505208 0.0593750
11 0.4322917 0.4378906 0.0572917 0.0773438
8 0.4070313 0.7296875 0.0567708 0.0812500
6 0.6369792 0.7894531 0.0687500 0.0632812
