5 0.3263021 0.5078125 0.0307292 0.0234375
6 0.6242188 0.5105469 0.0171875 0.0398437
10 0.6265625 0.3335938 0.0218750 0.0406250
6 0.7382812 0.4582031 0.0276042 0.0320312
8 0.7523437 0.6203125 0.0276042 0.0312500
9 0.6747396 0.4207031 0.0276042 0.0273438
9 0.5804687 0.8785156 0.0213542 0.0382813
11 0.4434896 0.8167969 0.0244792 0.0304687
7 0.5731771 0.0167969 0.0213542 0.0335937
8 0.6739583 0.7875000 0.0250000 0.0468750
7 0.5888021 0.6773438 0.0244792 0.0375000
8 0.5570312 0.4953125 0.0203125 0.0343750
9 0.7018229 0.7359375 0.0192708 0.0437500
