4 0.1934896 0.6558594 0.0317708 0.0398437
1 0.3250000 0.6949219 0.0322917 0.0445313
0 0.5695313 0.2535156 0.0296875 0.0304687
3 0.4864583 0.8476562 0.0416667 0.0328125
2 0.3989583 0.1035156 0.0364583 0.0414062
3 0.5333333 0.3007812 0.0239583 0.0625000
3 0.5731771 0.8011719 0.0234375 0.0335937
3 0.5286458 0.5046875 0.0364583 0.0343750
2 0.4466146 0.4105469 0.0203125 0.0554687
0 0.6059896 0.4378906 0.0276042 0.0398437
2 0.6468750 0.2382812 0.0416667 0.0296875
4 0.6210938 0.4984375 0.0203125 0.0343750
2 0.4192708 0.5804687 0.0239583 0.0468750
2 0.3781250 0.5515625 0.0250000 0.0375000
0 0.3182292 0.5597656 0.0406250 0.0289063
5 0.6635417 0.2359375 0.0427083 0.0343750
4 0.4179688 0.8273438 0.0234375 0.0421875
4 0.5130208 0.4125000 0.0333333 0.0484375
3 0.5750000 0.6765625 0.0260417 0.0656250
3 0.5549479 0.5640625 0.0380208 0.0359375
5 0.6356771 0.4484375 0.0432292 0.0281250
2 0.5794271 0.4851563 0.0255208 0.0281250
3 0.3348958 0.7800781 0.0406250 0.0257812
1 0.5648437 0.1515625 0.0369792 0.0500000
4 0.5888021 0.4960938 0.0328125 0.0468750
4 0.5791667 0.3808594 0.0354167 0.0398437
4 0.3364583 0.1988281 0.0395833 0.0304687
1 0.4208333 0.5660156 0.0343750 0.0445313
3 0.4223958 0.4511719 0.0239583 0.0414062
3 0.4601562 0.6250000 0.0348958 0.0515625
3 0.6507812 0.5757813 0.0411458 0.0390625
5 0.4867187 0.6832031 0.0296875 0.0601563
2 0.3739583 0.3000000 0.0437500 0.0359375
2 0.5151042 0.5464844 0.0302083 0.0445313
1 0.5515625 0.6558594 0.0208333 0.0398437
3 0.4276042 0.5867187 0.0385417 0.0281250
4 0.3210938 0.4718750 0.0203125 0.0531250
0 0.4898438 0.5492187 0.0265625 0.0421875
2 0.6854167 0.4828125 0.0385417 0.0328125
3 0.6661458 0.0554687 0.0177083 0.0609375
5 0.3885417 0.2988281 0.0218750 0.0664062
5 0.6226563 0.6562500 0.0223958 0.0625000
1 0.4049479 0.4882812 0.0411458 0.0296875
5 0.4013021 0.1863281 0.0223958 0.0617188
1 0.7408854 0.3910156 0.0307292 0.0242188
1 0.4109375 0.6242188 0.0208333 0.0328125
5 0.3541667 0.1179687 0.0291667 0.0531250
0 0.5281250 0.4257812 0.0291667 0.0453125
3 0.7447917 0.4410156 0.0406250 0.0289063
3 0.6562500 0.7886719 0.0406250 0.0289063
5 0.3869792 0.7445312 0.0343750 0.0343750
3 0.4208333 0.2214844 0.0322917 0.0242188
4 0.7223958 0.5199219 0.0375000 0.0414062
0 0.6598958 0.4460938 0.0427083 0.0312500
2 0.4229167 0.5312500 0.0437500 0.0375000
5 0.6486979 0.3789062 0.0401042 0.0328125
5 0.6966146 0.4835937 0.0296875 0.0546875
1 0.4197917 0.3039062 0.0208333 0.0390625
2 0.3635417 0.2324219 0.0239583 0.0257812
3 0.5674479 0.2726562 0.0432292 0.0312500
7 0.5065104 0.6753906 0.0244792 0.0554687
9 0.3075521 0.4464844 0.0369792 0.0367188
8 0.4609375 0.4367187 0.0354167 0.0343750
8 0.5536458 0.6187500 0.0416667 0.0546875
7 0.4161458 0.6292969 0.0291667 0.0585938
10 0.7684896 0.6015625 0.0421875 0.0484375
