4 0.6078125 0.7011719 0.0322917 0.0195312
3 0.6760417 0.3933594 0.0260417 0.0398437
4 0.6067708 0.4425781 0.0333333 0.0242188
0 0.6486979 0.4121094 0.0265625 0.0382813
4 0.7440104 0.4031250 0.0265625 0.0234375
1 0.4106771 0.4937500 0.0328125 0.0265625
1 0.6018229 0.6144531 0.0255208 0.0429688
2 0.5471354 0.4488281 0.0192708 0.0320312
0 0.7140625 0.6839844 0.0260417 0.0335937
0 0.6593750 0.5714844 0.0177083 0.0460938
3 0.6161458 0.3941406 0.0166667 0.0335937
2 0.6455729 0.3718750 0.0296875 0.0203125
0 0.6213542 0.7781250 0.0145833 0.0453125
1 0.5104167 0.5027344 0.0166667 0.0289063
0 0.6632813 0.4804688 0.0286458 0.0218750
0 0.5015625 0.2066406 0.0197917 0.0414062
3 0.4369792 0.8324219 0.0187500 0.0398437
2 0.2802083 0.6871094 0.0312500 0.0257812
5 0.3903646 0.6273437 0.0213542 0.0281250
0 0.3742187 0.8320312 0.0307292 0.0218750
1 0.3041667 0.3160156 0.0322917 0.0257812
4 0.4690104 0.7453125 0.0223958 0.0406250
2 0.3635417 0.7671875 0.0156250 0.0390625
1 0.5822917 0.7050781 0.0218750 0.0226562
1 0.6330729 0.5164062 0.0296875 0.0250000
5 0.6851563 0.2523437 0.0307292 0.0218750
0 0.5364583 0.3542969 0.0229167 0.0257812
2 0.5880208 0.1703125 0.0281250 0.0281250
2 0.5687500 0.8160156 0.0208333 0.0226562
3 0.5906250 0.6640625 0.0250000 0.0468750
0 0.4708333 0.2964844 0.0270833 0.0289063
3 0.6710938 0.7601562 0.0161458 0.0484375
1 0.4880208 0.8558594 0.0281250 0.0242188
4 0.7125000 0.4078125 0.0302083 0.0218750
4 0.2859375 0.5554687 0.0156250 0.0468750
0 0.4669271 0.7242188 0.0317708 0.0265625
2 0.6138021 0.7601562 0.0328125 0.0250000
5 0.6401042 0.6003906 0.0291667 0.0179687
5 0.4364583 0.5695313 0.0260417 0.0296875
2 0.4359375 0.7988281 0.0187500 0.0273438
5 0.5091146 0.7925781 0.0296875 0.0195312
1 0.5148438 0.7683594 0.0317708 0.0226562
0 0.4713542 0.6957031 0.0333333 0.0242188
2 0.7197917 0.4328125 0.0145833 0.0437500
3 0.3369792 0.6378906 0.0302083 0.0226562
1 0.4343750 0.4992187 0.0145833 0.0343750
2 0.3044271 0.3273437 0.0255208 0.0390625
4 0.4835937 0.7570313 0.0161458 0.0281250
2 0.5471354 0.3156250 0.0213542 0.0500000
1 0.3656250 0.3015625 0.0312500 0.0234375
0 0.7617188 0.2621094 0.0265625 0.0320312
0 0.4252604 0.1496094 0.0223958 0.0226562
3 0.4291667 0.4210937 0.0177083 0.0406250
3 0.6424479 0.4898438 0.0276042 0.0250000
4 0.6348958 0.6660156 0.0333333 0.0226562
5 0.5760417 0.3242188 0.0302083 0.0234375
3 0.3588542 0.7992187 0.0333333 0.0250000
1 0.4817708 0.2511719 0.0197917 0.0445313
2 0.6656250 0.3164062 0.0343750 0.0250000
5 0.4851563 0.7886719 0.0192708 0.0445313
6 0.3835938 0.1144531 0.0296875 0.0289063
7 0.4726562 0.4960938 0.0203125 0.0468750
8 0.6867188 0.6882812 0.0296875 0.0281250
9 0.3367188 0.6207031 0.0286458 0.0320312
8 0.5065104 0.5664062 0.0286458 0.0296875
9 0.5054688 0.4660156 0.0276042 0.0320312
7 0.5864583 0.4761719 0.0312500 0.0304687
11 0.3755208 0.3835938 0.0218750 0.0484375
7 0.5533854 0.6375000 0.0223958 0.0343750
10 0.6408854 0.6062500 0.0255208 0.0453125
7 0.7442708 0.3492188 0.0270833 0.0390625
7 0.4838542 0.2187500 0.0270833 0.0437500
9 0.7432292 0.3335938 0.0187500 0.0437500
10 0.4648438 0.7578125 0.0192708 0.0437500
