1 0.4218750 0.6066406 0.0656250 0.1132812
2 0.6648437 0.6074219 0.0536458 0.0585938
0 0.7783854 0.3335938 0.0890625 0.0859375
2 0.6466146 0.2398437 0.0421875 0.1359375
0 0.6588542 0.3730469 0.0885417 0.0742188
5 0.3007812 0.5402344 0.0755208 0.0726563
5 0.3781250 0.2027344 0.0718750 0.1070312
2 0.4992187 0.5121094 0.0630208 0.0835937
3 0.5986979 0.7933594 0.0640625 0.0914062
2 0.3929687 0.7792969 0.0932292 0.0867187
0 0.3093750 0.4152344 0.0697917 0.0851563
2 0.6966146 0.2617188 0.0692708 0.0593750
0 0.5888021 0.6675781 0.0932292 0.0664062
1 0.5640625 0.7968750 0.0593750 0.0703125
4 0.6671875 0.5406250 0.0916667 0.0593750
2 0.6583333 0.7101563 0.0531250 0.0843750
1 0.7385417 0.2585938 0.0645833 0.0750000
4 0.3955729 0.8476562 0.0526042 0.1390625
4 0.5880208 0.7808594 0.0666667 0.0851563
2 0.5690104 0.8234375 0.0515625 0.0609375
0 0.3817708 0.0746094 0.0427083 0.1117188
0 0.4367187 0.5996094 0.0703125 0.0695313
5 0.4382813 0.5082031 0.0442708 0.0867187
5 0.5734375 0.3386719 0.0572917 0.1132812
3 0.6614583 0.3089844 0.0500000 0.0929688
4 0.4559896 0.3125000 0.0703125 0.0718750
2 0.5723958 0.7734375 0.0937500 0.0640625
1 0.7289062 0.5812500 0.0817708 0.0515625
2 0.8067708 0.3863281 0.0770833 0.0976562
4 0.6375000 0.1093750 0.0916667 0.0593750
5 0.3820312 0.3335938 0.0567708 0.0734375
1 0.3645833 0.6351562 0.0812500 0.0656250
3 0.4684896 0.7496094 0.0536458 0.1320312
5 0.6598958 0.3144531 0.0916667 0.0695313
0 0.3966146 0.8343750 0.0536458 0.0578125
1 0.4968750 0.6117187 0.0864583 0.0640625
1 0.3330729 0.4296875 0.0901042 0.0703125
0 0.6096354 0.4253906 0.0484375 0.1304687
5 0.5591146 0.5601563 0.0744792 0.1000000
0 0.4804688 0.5859375 0.0859375 0.0718750
5 0.6507812 0.5574219 0.0776042 0.0773438
8 0.3380208 0.7207031 0.0677083 0.1210938
9 0.5260417 0.3066406 0.0593750 0.0882813
7 0.4721354 0.8148437 0.0692708 0.1031250
11 0.4773438 0.3718750 0.0765625 0.1218750
6 0.3132813 0.7062500 0.0776042 0.1234375
11 0.4333333 0.0449219 0.0781250 0.0898438
6 0.2518229 0.2949219 0.0838542 0.0820312
7 0.4239583 0.6457031 0.0687500 0.0757812
6 0.7140625 0.7148438 0.0750000 0.0875000
9 0.3098958 0.4613281 0.0510417 0.0757812
6 0.7398438 0.7593750 0.0526042 0.1125000
7 0.5539063 0.2035156 0.0609375 0.1273438
7 0.5708333 0.7058594 0.0500000 0.0914062
10 0.3697917 0.2687500 0.0770833 0.0796875
7 0.4307292 0.7113281 0.0833333 0.0992187
