3 0.3091146 0.5187500 0.0130208 0.0250000
4 0.4864583 0.8445312 0.0187500 0.0375000
2 0.5992188 0.5621094 0.0182292 0.0164063
4 0.6924479 0.6789063 0.0265625 0.0187500
1 0.6648437 0.6199219 0.0203125 0.0226562
3 0.3270833 0.3550781 0.0104167 0.0320312
4 0.6572917 0.7949219 0.0250000 0.0132812
3 0.5505208 0.3843750 0.0260417 0.0171875
2 0.6213542 0.4621094 0.0281250 0.0195312
0 0.4098958 0.3632812 0.0250000 0.0328125
0 0.4424479 0.5250000 0.0286458 0.0250000
3 0.5940104 0.6539063 0.0182292 0.0187500
0 0.4424479 0.3179688 0.0234375 0.0218750
5 0.4263021 0.8089844 0.0130208 0.0304687
1 0.4348958 0.5687500 0.0166667 0.0250000
2 0.6854167 0.7386719 0.0177083 0.0195312
2 0.4984375 0.4292969 0.0166667 0.0398437
4 0.6476563 0.3980469 0.0192708 0.0289063
0 0.4494792 0.6667969 0.0177083 0.0289063
3 0.4932292 0.7144531 0.0156250 0.0398437
3 0.6520833 0.6898437 0.0281250 0.0218750
4 0.5059896 0.4812500 0.0119792 0.0328125
0 0.4705729 0.4695313 0.0140625 0.0265625
3 0.5593750 0.3730469 0.0145833 0.0429688
2 0.4278646 0.3187500 0.0109375 0.0312500
2 0.5192708 0.3531250 0.0177083 0.0375000
0 0.6190104 0.4363281 0.0213542 0.0226562
4 0.4651042 0.3078125 0.0239583 0.0234375
4 0.4223958 0.4636719 0.0197917 0.0242188
1 0.5445313 0.1480469 0.0265625 0.0195312
5 0.6450521 0.2957031 0.0182292 0.0414062
2 0.4375000 0.6394531 0.0177083 0.0320312
0 0.5731771 0.1542969 0.0234375 0.0164063
0 0.6320313 0.4972656 0.0244792 0.0210938
2 0.6390625 0.1882813 0.0208333 0.0187500
4 0.6880208 0.5242187 0.0197917 0.0234375
0 0.7742187 0.5414062 0.0265625 0.0187500
2 0.3554688 0.6003906 0.0192708 0.0429688
5 0.6734375 0.6117187 0.0260417 0.0234375
3 0.4828125 0.5031250 0.0239583 0.0218750
0 0.3575521 0.3015625 0.0234375 0.0218750
0 0.3953125 0.5671875 0.0229167 0.0281250
1 0.3653646 0.7601562 0.0265625 0.0203125
4 0.6632813 0.2312500 0.0161458 0.0375000
5 0.3812500 0.1039063 0.0177083 0.0250000
0 0.4341146 0.5246094 0.0244792 0.0257812
5 0.4713542 0.7855469 0.0125000 0.0164063
1 0.3507812 0.6062500 0.0140625 0.0437500
2 0.5932292 0.4511719 0.0291667 0.0226562
1 0.4606771 0.4042969 0.0140625 0.0335937
4 0.5903646 0.4398437 0.0276042 0.0171875
3 0.4666667 0.7585937 0.0229167 0.0187500
5 0.3114583 0.5371094 0.0218750 0.0242188
1 0.5533854 0.6996094 0.0130208 0.0335937
5 0.2783854 0.6312500 0.0130208 0.0234375
2 0.5161458 0.5597656 0.0229167 0.0195312
2 0.4169271 0.4367187 0.0182292 0.0203125
5 0.4252604 0.1253906 0.0203125 0.0195312
5 0.4828125 0.6976562 0.0166667 0.0343750
0 0.6156250 0.2660156 0.0239583 0.0257812
5 0.5890625 0.4160156 0.0229167 0.0179687
4 0.6468750 0.3511719 0.0239583 0.0335937
5 0.3984375 0.6070313 0.0114583 0.0359375
3 0.4281250 0.7238281 0.0218750 0.0242188
0 0.7523437 0.5578125 0.0255208 0.0281250
0 0.5604167 0.6613281 0.0135417 0.0226562
2 0.5221354 0.5281250 0.0265625 0.0171875
2 0.4760417 0.3898437 0.0260417 0.0234375
5 0.5213542 0.6992188 0.0260417 0.0187500
5 0.5057292 0.4253906 0.0156250 0.0335937
3 0.3231771 0.6000000 0.0161458 0.0218750
5 0.2929688 0.7835937 0.0140625 0.0437500
4 0.5476562 0.4000000 0.0286458 0.0187500
8 0.5815104 0.5437500 0.0223958 0.0328125
9 0.5750000 0.1886719 0.0260417 0.0257812
7 0.6710938 0.3976562 0.0276042 0.0265625
11 0.5486979 0.5855469 0.0255208 0.0257812
10 0.4703125 0.4308594 0.0229167 0.0257812
8 0.5828125 0.8355469 0.0166667 0.0382813
10 0.5054688 0.6660156 0.0223958 0.0273438
11 0.5872396 0.6714844 0.0151042 0.0242188
6 0.5351562 0.8093750 0.0265625 0.0281250
10 0.6130208 0.2046875 0.0177083 0.0375000
7 0.6716146 0.4753906 0.0192708 0.0320312
10 0.6651042 0.2269531 0.0250000 0.0367188
11 0.6434896 0.1843750 0.0182292 0.0343750
11 0.6359375 0.5414062 0.0270833 0.0265625
