1 0.4617188 0.5769531 0.1078125 0.1710937
2 0.3080729 0.4933594 0.1369792 0.1523438
5 0.6432292 0.1226562 0.1500000 0.1546875
4 0.5601563 0.3164062 0.0817708 0.2578125
2 0.7065104 0.2105469 0.1296875 0.1414063
1 0.3617187 0.5039062 0.1463542 0.1031250
3 0.2153646 0.7589844 0.1307292 0.1335938
3 0.3447917 0.2789063 0.0864583 0.2515625
4 0.7239583 0.9164062 0.1614583 0.1140625
1 0.5736979 0.0558594 0.0953125 0.1117188
4 0.4411458 0.7523437 0.1395833 0.1109375
5 0.6010417 0.0996094 0.0864583 0.1992188
5 0.4619792 0.4488281 0.1166667 0.1601562
5 0.6635417 0.6750000 0.0937500 0.2046875
3 0.7901042 0.4687500 0.0854167 0.2328125
1 0.2640625 0.2644531 0.1510417 0.1023437
3 0.4992187 0.4832031 0.0807292 0.1820313
5 0.7127604 0.9292969 0.1578125 0.1117188
1 0.7203125 0.7722656 0.1385417 0.1429688
0 0.5216146 0.0746094 0.1369792 0.1320312
0 0.6455729 0.6289062 0.0776042 0.1812500
1 0.8265625 0.6859375 0.1041667 0.1296875
4 0.6565104 0.7980469 0.0921875 0.1898438
1 0.4395833 0.8542969 0.1093750 0.1710937
1 0.4716146 0.8839844 0.0984375 0.1835938
4 0.8343750 0.5976562 0.1166667 0.2281250
3 0.6122396 0.4902344 0.0953125 0.2054688
3 0.5151042 0.7816406 0.1187500 0.1585938
0 0.5523438 0.3656250 0.1651042 0.1031250
2 0.6307292 0.4964844 0.1229167 0.1085938
1 0.4705729 0.8671875 0.1442708 0.1750000
5 0.3356771 0.7242188 0.0723958 0.1328125
3 0.5791667 0.5414062 0.1208333 0.1453125
4 0.6244792 0.8152344 0.1020833 0.1398437
2 0.1927083 0.3753906 0.1239583 0.1632812
0 0.7114583 0.2621094 0.1437500 0.0976562
0 0.5888021 0.7160156 0.0838542 0.2523437
2 0.4921875 0.7621094 0.1218750 0.1914062
5 0.4669271 0.3378906 0.0890625 0.1039063
0 0.7023438 0.3792969 0.1817708 0.1320312
0 0.5880208 0.3515625 0.0885417 0.2343750
3 0.3252604 0.2480469 0.0953125 0.1992188
1 0.2223958 0.6148438 0.1458333 0.1500000
4 0.5158854 0.7367187 0.1546875 0.1187500
1 0.3489583 0.7480469 0.1510417 0.0914062
5 0.3151042 0.2410156 0.1010417 0.2601562
0 0.4541667 0.1488281 0.1104167 0.2523437
2 0.5164062 0.2746094 0.1078125 0.1804688
4 0.6966146 0.8402344 0.1588542 0.1007813
4 0.2958333 0.8109375 0.1666667 0.1703125
3 0.7096354 0.3542969 0.1328125 0.2117188
0 0.5158854 0.6492187 0.0984375 0.1609375
3 0.6283854 0.4871094 0.1213542 0.1273438
0 0.6601562 0.0761719 0.1369792 0.1523438
4 0.6333333 0.5554687 0.1531250 0.1203125
2 0.3307292 0.7070312 0.1739583 0.1468750
2 0.4802083 0.7664062 0.0979167 0.1171875
0 0.2367188 0.6476563 0.1796875 0.1234375
4 0.6111979 0.4199219 0.1421875 0.2132813
0 0.4453125 0.3566406 0.0979167 0.1132812
5 0.3932292 0.3097656 0.1000000 0.1882813
5 0.5533854 0.3968750 0.1328125 0.1296875
2 0.6268229 0.3011719 0.0963542 0.2164062
0 0.6710938 0.1703125 0.1265625 0.1890625
5 0.5687500 0.5828125 0.1333333 0.1593750
3 0.6177083 0.1468750 0.1666667 0.1265625
4 0.4664063 0.4277344 0.1046875 0.1632812
4 0.3403646 0.8605469 0.0661458 0.0929688
3 0.6276042 0.2351563 0.1114583 0.1656250
2 0.5458333 0.8179688 0.1510417 0.1125000
0 0.4765625 0.4835937 0.1156250 0.1515625
0 0.3325521 0.3449219 0.1255208 0.1054688
5 0.6192708 0.1656250 0.1010417 0.2281250
1 0.5515625 0.5250000 0.1250000 0.1953125
2 0.5085937 0.6597656 0.0901042 0.2664063
5 0.2908854 0.5382813 0.0911458 0.1921875
5 0.5247396 0.5687500 0.1484375 0.1296875
0 0.6333333 0.9191406 0.1354167 0.1601562
0 0.3158854 0.2019531 0.1182292 0.2210938
11 0.4260417 0.7191406 0.1572917 0.2554688
6 0.3250000 0.8914062 0.1156250 0.2156250
7 0.6375000 0.9078125 0.1229167 0.1828125
10 0.8812500 0.6023437 0.1541667 0.1859375
7 0.6799479 0.6867188 0.1598958 0.1593750
7 0.4182292 0.5500000 0.1458333 0.1468750
9 0.5598958 0.4687500 0.1114583 0.2171875
11 0.4799479 0.9410156 0.0973958 0.1164063
10 0.2609375 0.2320312 0.1427083 0.1390625
7 0.6830729 0.4464844 0.1484375 0.1664063
7 0.6695313 0.7984375 0.1494792 0.1500000
9 0.7177083 0.4328125 0.1447917 0.1671875
6 0.3664062 0.0960938 0.0984375 0.1921875
10 0.4234375 0.8527344 0.1416667 0.1523438
6 0.4757812 0.8324219 0.0942708 0.2117188
6 0.5533854 0.1281250 0.1421875 0.2375000
8 0.5611979 0.6171875 0.1140625 0.1828125
6 0.6226563 0.1035156 0.0921875 0.2070312
9 0.6869792 0.4636719 0.1395833 0.1367188
