2 0.7346354 0.5203125 0.0244792 0.0203125
2 0.5552083 0.3605469 0.0135417 0.0210938
2 0.6132812 0.4179688 0.0151042 0.0218750
2 0.4807292 0.7812500 0.0125000 0.0281250
5 0.3851562 0.4859375 0.0255208 0.0187500
4 0.7299479 0.6500000 0.0109375 0.0312500
3 0.4333333 0.7863281 0.0125000 0.0148437
2 0.3416667 0.1460937 0.0104167 0.0218750
2 0.7315104 0.7921875 0.0161458 0.0250000
4 0.6257812 0.4550781 0.0151042 0.0273438
2 0.7187500 0.5906250 0.0208333 0.0250000
1 0.4473958 0.5046875 0.0208333 0.0218750
1 0.5963542 0.7019531 0.0114583 0.0195312
1 0.4812500 0.4121094 0.0229167 0.0179687
4 0.7289062 0.5027344 0.0203125 0.0210938
4 0.6765625 0.6488281 0.0239583 0.0179687
4 0.5106771 0.7742187 0.0192708 0.0234375
5 0.7643229 0.4847656 0.0244792 0.0242188
3 0.4502604 0.5242187 0.0109375 0.0312500
0 0.6283854 0.5355469 0.0223958 0.0164063
4 0.5718750 0.6101562 0.0145833 0.0281250
3 0.5039062 0.7679687 0.0234375 0.0171875
0 0.6296875 0.2417969 0.0135417 0.0257812
2 0.5437500 0.5773438 0.0104167 0.0343750
2 0.4385417 0.1765625 0.0166667 0.0171875
0 0.3479167 0.6464844 0.0125000 0.0148437
0 0.3804688 0.8945312 0.0234375 0.0171875
5 0.4979167 0.5972656 0.0125000 0.0257812
1 0.7419271 0.4000000 0.0130208 0.0312500
2 0.4885417 0.8691406 0.0125000 0.0179687
0 0.6476563 0.6078125 0.0255208 0.0203125
3 0.6083333 0.5078125 0.0187500 0.0234375
1 0.3341146 0.3144531 0.0130208 0.0257812
1 0.4669271 0.7390625 0.0244792 0.0171875
0 0.7098958 0.4046875 0.0114583 0.0296875
2 0.4221354 0.6582031 0.0234375 0.0164063
4 0.6078125 0.1203125 0.0250000 0.0187500
5 0.6809896 0.4773438 0.0213542 0.0218750
0 0.7067708 0.3441406 0.0260417 0.0195312
0 0.4661458 0.4691406 0.0114583 0.0351562
5 0.7250000 0.3449219 0.0135417 0.0195312
5 0.6283854 0.3062500 0.0140625 0.0328125
3 0.5718750 0.6375000 0.0218750 0.0265625
4 0.6234375 0.3148437 0.0208333 0.0187500
5 0.3127604 0.4945312 0.0109375 0.0296875
5 0.2679687 0.5484375 0.0203125 0.0234375
0 0.5656250 0.3710938 0.0166667 0.0250000
4 0.5031250 0.7265625 0.0156250 0.0265625
9 0.2981771 0.4699219 0.0161458 0.0335937
8 0.6184896 0.2460938 0.0223958 0.0218750
8 0.6945313 0.6394531 0.0244792 0.0289063
10 0.4333333 0.4914062 0.0218750 0.0234375
7 0.3981771 0.2960937 0.0151042 0.0312500
7 0.3804688 0.7773438 0.0140625 0.0343750
10 0.5734375 0.4863281 0.0197917 0.0273438
7 0.4346354 0.1527344 0.0234375 0.0226562
10 0.5437500 0.3464844 0.0218750 0.0210938
