0 0.3057292 0.5996094 0.0250000 0.0601563
2 0.3052083 0.3464844 0.0250000 0.0554687
2 0.5479167 0.1941406 0.0468750 0.0335937
5 0.4408854 0.8132812 0.0338542 0.0609375
1 0.4309896 0.3226562 0.0421875 0.0312500
1 0.5523438 0.3968750 0.0380208 0.0296875
1 0.4645833 0.3945312 0.0291667 0.0500000
1 0.4651042 0.6386719 0.0416667 0.0320312
3 0.4932292 0.2820313 0.0416667 0.0484375
4 0.5127604 0.5695313 0.0390625 0.0468750
0 0.3895833 0.5152344 0.0437500 0.0335937
1 0.3916667 0.6375000 0.0385417 0.0406250
0 0.3812500 0.7242188 0.0218750 0.0375000
0 0.5929688 0.7476563 0.0244792 0.0718750
1 0.6921875 0.5152344 0.0322917 0.0664062
5 0.4919271 0.4050781 0.0442708 0.0304687
5 0.5260417 0.2082031 0.0354167 0.0335937
4 0.3632812 0.4460938 0.0390625 0.0468750
0 0.4947917 0.6023437 0.0239583 0.0421875
1 0.7161458 0.3179688 0.0468750 0.0375000
3 0.3528646 0.4417969 0.0213542 0.0429688
1 0.6419271 0.7953125 0.0463542 0.0312500
4 0.7453125 0.6761719 0.0416667 0.0367188
5 0.7440104 0.6398438 0.0494792 0.0328125
1 0.7322917 0.4031250 0.0468750 0.0312500
3 0.4567708 0.3664062 0.0479167 0.0343750
3 0.5408854 0.8226562 0.0286458 0.0562500
2 0.3283854 0.6160156 0.0223958 0.0507812
3 0.7088542 0.3246094 0.0500000 0.0351562
0 0.4122396 0.7589844 0.0213542 0.0664062
5 0.6203125 0.6062500 0.0427083 0.0281250
4 0.6390625 0.5269531 0.0177083 0.0273438
5 0.5398437 0.8574219 0.0348958 0.0429688
1 0.4013021 0.6902344 0.0328125 0.0523438
2 0.6205729 0.5527344 0.0296875 0.0273438
2 0.7395833 0.5648437 0.0270833 0.0375000
1 0.2955729 0.5609375 0.0255208 0.0375000
2 0.4062500 0.7257813 0.0447917 0.0296875
2 0.7114583 0.4933594 0.0437500 0.0273438
2 0.2947917 0.3093750 0.0479167 0.0328125
5 0.5500000 0.4082031 0.0427083 0.0320312
0 0.4414062 0.6699219 0.0338542 0.0585938
0 0.4304688 0.2031250 0.0244792 0.0406250
2 0.4888021 0.3902344 0.0401042 0.0398437
4 0.4497396 0.8660156 0.0380208 0.0367188
0 0.6710938 0.2156250 0.0317708 0.0437500
0 0.2541667 0.5906250 0.0218750 0.0359375
4 0.6239583 0.4875000 0.0437500 0.0359375
5 0.4242187 0.0953125 0.0296875 0.0640625
4 0.3786458 0.6785156 0.0208333 0.0695313
1 0.4174479 0.2121094 0.0432292 0.0320312
5 0.5632812 0.4546875 0.0421875 0.0468750
4 0.5184896 0.6824219 0.0213542 0.0585938
3 0.3125000 0.4011719 0.0343750 0.0414062
3 0.5414062 0.6902344 0.0463542 0.0320312
4 0.5398437 0.5722656 0.0307292 0.0335937
5 0.7341146 0.2488281 0.0223958 0.0710937
1 0.7132812 0.1093750 0.0421875 0.0312500
5 0.4630208 0.7906250 0.0416667 0.0546875
0 0.6953125 0.4402344 0.0479167 0.0273438
4 0.4807292 0.8605469 0.0354167 0.0554687
1 0.2757812 0.6402344 0.0328125 0.0429688
5 0.5343750 0.4925781 0.0270833 0.0648438
0 0.4552083 0.6621094 0.0239583 0.0617188
2 0.7445312 0.3457031 0.0401042 0.0414062
0 0.3369792 0.3976562 0.0333333 0.0687500
0 0.4635417 0.2707031 0.0291667 0.0304687
2 0.2755208 0.4722656 0.0468750 0.0335937
2 0.6796875 0.3625000 0.0250000 0.0343750
0 0.6799479 0.8410156 0.0161458 0.0320312
3 0.5039062 0.3152344 0.0265625 0.0460938
1 0.5893229 0.3125000 0.0359375 0.0515625
0 0.5979167 0.3417969 0.0437500 0.0414062
0 0.3364583 0.2195313 0.0250000 0.0640625
3 0.6338542 0.4351563 0.0406250 0.0406250
4 0.4796875 0.3292969 0.0229167 0.0460938
3 0.7908854 0.4363281 0.0213542 0.0539063
4 0.3268229 0.2742188 0.0432292 0.0343750
2 0.3942708 0.5726562 0.0197917 0.0359375
4 0.3940104 0.3632812 0.0234375 0.0609375
8 0.3505208 0.4234375 0.0364583 0.0625000
6 0.4164062 0.5839844 0.0411458 0.0476562
11 0.3234375 0.6175781 0.0437500 0.0429688
7 0.7325521 0.6507812 0.0421875 0.0453125
7 0.6713542 0.4691406 0.0406250 0.0585938
11 0.2638021 0.5828125 0.0348958 0.0546875
6 0.7320313 0.7363281 0.0401042 0.0554687
9 0.3174479 0.3761719 0.0442708 0.0429688
9 0.5549479 0.3253906 0.0296875 0.0570312
7 0.5781250 0.8203125 0.0427083 0.0406250
7 0.5604167 0.2250000 0.0260417 0.0562500
6 0.7020833 0.5140625 0.0416667 0.0421875
8 0.4973958 0.7472656 0.0395833 0.0617188
