2 0.5825521 0.7968750 0.0119792 0.0343750
2 0.3591146 0.7726563 0.0244792 0.0171875
4 0.3708333 0.1007813 0.0104167 0.0359375
2 0.5101562 0.4136719 0.0223958 0.0164063
2 0.4875000 0.8132812 0.0229167 0.0250000
4 0.4583333 0.8144531 0.0197917 0.0320312
0 0.4664063 0.0574219 0.0171875 0.0320312
3 0.6018229 0.1746094 0.0140625 0.0335937
0 0.5333333 0.2898438 0.0218750 0.0187500
4 0.4614583 0.3816406 0.0145833 0.0226562
3 0.6820312 0.8617187 0.0244792 0.0171875
2 0.6773438 0.4144531 0.0171875 0.0210938
5 0.5091146 0.2718750 0.0130208 0.0375000
1 0.2651042 0.1656250 0.0239583 0.0156250
5 0.5815104 0.5332031 0.0234375 0.0179687
3 0.4562500 0.4156250 0.0156250 0.0375000
1 0.3541667 0.2902344 0.0239583 0.0164063
4 0.3713542 0.9726562 0.0166667 0.0218750
0 0.2825521 0.4945312 0.0203125 0.0218750
5 0.5257812 0.6804687 0.0109375 0.0218750
2 0.3080729 0.6917969 0.0130208 0.0242188
5 0.4549479 0.6445312 0.0182292 0.0218750
3 0.4778646 0.7531250 0.0192708 0.0218750
1 0.6278646 0.7835937 0.0255208 0.0187500
4 0.7278646 0.4015625 0.0213542 0.0218750
3 0.4632812 0.6125000 0.0140625 0.0343750
1 0.4151042 0.3972656 0.0187500 0.0179687
2 0.6354167 0.6550781 0.0229167 0.0179687
0 0.6276042 0.7132812 0.0145833 0.0187500
0 0.5062500 0.4035156 0.0125000 0.0273438
0 0.4041667 0.4140625 0.0135417 0.0296875
5 0.6039062 0.6136719 0.0130208 0.0335937
2 0.5440104 0.1675781 0.0151042 0.0367188
0 0.7473958 0.2597656 0.0166667 0.0304687
1 0.6703125 0.6476563 0.0229167 0.0218750
2 0.5338542 0.3867188 0.0135417 0.0312500
4 0.7125000 0.6781250 0.0239583 0.0171875
5 0.5635417 0.5343750 0.0114583 0.0203125
5 0.3815104 0.4925781 0.0151042 0.0195312
0 0.4351563 0.5386719 0.0130208 0.0351562
2 0.1908854 0.5753906 0.0182292 0.0179687
0 0.5726562 0.5679688 0.0234375 0.0171875
2 0.7218750 0.7410156 0.0135417 0.0351562
5 0.5010417 0.7406250 0.0197917 0.0312500
1 0.5992188 0.6570312 0.0213542 0.0171875
4 0.4820313 0.3734375 0.0140625 0.0234375
1 0.4072917 0.8121094 0.0218750 0.0210938
5 0.5333333 0.3953125 0.0218750 0.0187500
4 0.4169271 0.5964844 0.0213542 0.0179687
2 0.7429687 0.4417969 0.0255208 0.0179687
3 0.2867188 0.3812500 0.0203125 0.0187500
1 0.3002604 0.4500000 0.0244792 0.0140625
1 0.4138021 0.4027344 0.0130208 0.0257812
5 0.3588542 0.7675781 0.0125000 0.0351562
3 0.5859375 0.3750000 0.0135417 0.0359375
3 0.4093750 0.3699219 0.0218750 0.0164063
1 0.3804688 0.5656250 0.0234375 0.0218750
4 0.5026042 0.5152344 0.0166667 0.0273438
10 0.4955729 0.6214844 0.0234375 0.0242188
8 0.2317708 0.2328125 0.0208333 0.0359375
11 0.4427083 0.5683594 0.0166667 0.0367188
8 0.5044271 0.5722656 0.0255208 0.0320312
10 0.6486979 0.2851562 0.0203125 0.0234375
