5 0.2914062 0.5460938 0.1026042 0.1109375
4 0.3830729 0.5121094 0.0734375 0.0960938
3 0.5997396 0.2968750 0.0744792 0.0953125
1 0.5098958 0.2453125 0.0677083 0.1578125
5 0.2911458 0.3355469 0.0541667 0.1117188
4 0.5708333 0.8089844 0.1020833 0.0945312
2 0.2877604 0.7628906 0.1171875 0.0851563
5 0.4419271 0.0671875 0.0828125 0.1343750
0 0.2820313 0.6558594 0.1244792 0.0976562
4 0.3955729 0.4195313 0.0546875 0.1671875
0 0.6671875 0.1054688 0.1208333 0.0734375
4 0.5799479 0.4160156 0.1026042 0.0648438
5 0.5119792 0.7203125 0.0770833 0.0812500
3 0.4565104 0.5148438 0.1078125 0.0906250
2 0.5585938 0.2871094 0.0703125 0.0898438
2 0.4640625 0.5402344 0.0531250 0.0835937
0 0.6346354 0.6828125 0.1192708 0.1062500
4 0.4781250 0.7921875 0.0604167 0.1265625
3 0.5375000 0.1304687 0.0656250 0.1562500
1 0.6273437 0.7457031 0.0994792 0.0757812
0 0.4375000 0.6746094 0.1125000 0.0914062
1 0.5601563 0.2191406 0.1098958 0.1273438
1 0.3210938 0.3410156 0.0984375 0.0882813
4 0.3484375 0.6332031 0.0552083 0.0960938
4 0.5296875 0.3507812 0.0760417 0.0906250
0 0.3841146 0.5988281 0.1005208 0.1085938
1 0.5484375 0.8171875 0.0614583 0.1656250
0 0.5208333 0.3839844 0.0697917 0.1617187
4 0.6958333 0.6914062 0.0947917 0.0843750
5 0.4567708 0.5144531 0.0489583 0.1070312
3 0.3169271 0.4226563 0.0765625 0.0953125
2 0.8802083 0.5652344 0.1020833 0.1398437
0 0.5286458 0.8183594 0.0947917 0.1117188
0 0.7257813 0.6230469 0.0963542 0.1289062
5 0.7059896 0.3453125 0.0963542 0.1031250
2 0.6968750 0.5585938 0.1052083 0.1031250
5 0.6174479 0.1156250 0.1130208 0.0765625
4 0.4872396 0.3617187 0.0776042 0.1515625
4 0.4119792 0.3812500 0.0781250 0.0796875
0 0.2770833 0.5464844 0.1104167 0.1039063
0 0.6164063 0.2125000 0.1119792 0.0671875
3 0.4817708 0.5242187 0.1114583 0.0906250
0 0.5195312 0.4246094 0.0776042 0.1117188
4 0.5250000 0.1222656 0.0927083 0.0710937
4 0.5619792 0.9449219 0.0520833 0.1085938
3 0.6653646 0.1156250 0.1161458 0.0890625
4 0.3812500 0.3675781 0.0604167 0.0898438
3 0.4544271 0.5957031 0.1213542 0.1007813
4 0.6570312 0.3941406 0.0546875 0.0992187
5 0.5716146 0.3949219 0.1057292 0.0789062
2 0.5846354 0.2320312 0.0786458 0.1578125
3 0.4799479 0.4144531 0.0640625 0.0726563
1 0.1531250 0.4882812 0.0989583 0.0953125
5 0.6135417 0.2722656 0.1083333 0.0898438
7 0.5861979 0.0550781 0.0671875 0.1101562
9 0.7143229 0.4625000 0.0890625 0.1031250
8 0.3018229 0.2484375 0.1109375 0.1359375
10 0.6841146 0.7859375 0.0817708 0.1546875
7 0.3419271 0.3656250 0.1046875 0.1625000
9 0.4901042 0.5644531 0.0760417 0.1601562
6 0.4619792 0.4816406 0.0916667 0.0960938
10 0.4085937 0.6042969 0.0973958 0.1007813
8 0.3888021 0.3441406 0.0942708 0.1492188
11 0.2026042 0.2750000 0.1020833 0.0984375
10 0.7963542 0.2523437 0.1000000 0.1421875
11 0.3976562 0.2710938 0.1078125 0.1062500
9 0.3369792 0.3207031 0.1000000 0.1023437
9 0.6596354 0.4781250 0.0963542 0.1156250
