2 0.6966146 0.8019531 0.0265625 0.0242188
2 0.6760417 0.7414063 0.0312500 0.0218750
3 0.3476562 0.5707031 0.0296875 0.0242188
1 0.3721354 0.6351562 0.0328125 0.0250000
0 0.6791667 0.4835937 0.0229167 0.0375000
3 0.6539063 0.3351562 0.0213542 0.0328125
5 0.6940104 0.4441406 0.0317708 0.0320312
5 0.5885417 0.5734375 0.0239583 0.0453125
4 0.6648437 0.6324219 0.0234375 0.0289063
1 0.5315104 0.2707031 0.0213542 0.0257812
0 0.6208333 0.1371094 0.0218750 0.0382813
4 0.7158854 0.8011719 0.0328125 0.0226562
3 0.3838542 0.4136719 0.0302083 0.0164063
1 0.5023437 0.6347656 0.0276042 0.0195312
0 0.6820312 0.4425781 0.0317708 0.0289063
2 0.5505208 0.7695312 0.0281250 0.0265625
2 0.2669271 0.5210938 0.0328125 0.0250000
3 0.3484375 0.8417969 0.0322917 0.0242188
2 0.5658854 0.2910156 0.0151042 0.0382813
4 0.5989583 0.5761719 0.0187500 0.0320312
1 0.7205729 0.5628906 0.0286458 0.0320312
4 0.2593750 0.5921875 0.0166667 0.0421875
4 0.4406250 0.2976563 0.0156250 0.0328125
2 0.6007813 0.3792969 0.0328125 0.0289063
3 0.5723958 0.0648438 0.0166667 0.0468750
4 0.5585938 0.1757812 0.0213542 0.0500000
0 0.4033854 0.9347656 0.0317708 0.0242188
3 0.6549479 0.6710938 0.0213542 0.0281250
3 0.6976562 0.1589844 0.0192708 0.0398437
5 0.5270833 0.7445312 0.0322917 0.0296875
3 0.3893229 0.3031250 0.0161458 0.0500000
1 0.5187500 0.6855469 0.0166667 0.0367188
1 0.3158854 0.4472656 0.0296875 0.0273438
1 0.6554688 0.4593750 0.0255208 0.0250000
7 0.4908854 0.8136719 0.0192708 0.0429688
6 0.2776042 0.5281250 0.0197917 0.0453125
7 0.6226563 0.0804688 0.0317708 0.0343750
10 0.7526042 0.3335938 0.0302083 0.0312500
8 0.3085938 0.4765625 0.0265625 0.0375000
9 0.5281250 0.4226563 0.0312500 0.0328125
7 0.3880208 0.3960938 0.0208333 0.0390625
9 0.5367188 0.4652344 0.0244792 0.0476562
7 0.3783854 0.4730469 0.0276042 0.0398437
11 0.6619792 0.7359375 0.0187500 0.0281250
11 0.5830729 0.6464844 0.0265625 0.0476562
7 0.6361979 0.5925781 0.0286458 0.0273438
6 0.3140625 0.6792969 0.0250000 0.0289063
8 0.2945313 0.5019531 0.0317708 0.0320312
