1 0.2002604 0.4136719 0.0213542 0.0242188
2 0.3492188 0.5515625 0.0130208 0.0203125
5 0.3377604 0.8148437 0.0265625 0.0203125
5 0.6052083 0.4363281 0.0229167 0.0257812
2 0.6567708 0.3625000 0.0145833 0.0187500
5 0.6757812 0.5542969 0.0234375 0.0226562
1 0.7403646 0.4382813 0.0223958 0.0250000
2 0.6122396 0.5226563 0.0192708 0.0281250
2 0.2989583 0.7753906 0.0250000 0.0179687
2 0.6752604 0.4960938 0.0255208 0.0187500
0 0.4739583 0.7250000 0.0177083 0.0250000
5 0.3268229 0.7648438 0.0255208 0.0171875
0 0.5242187 0.7582031 0.0140625 0.0414062
0 0.4804688 0.6671875 0.0140625 0.0156250
1 0.4101562 0.3539062 0.0119792 0.0203125
3 0.4979167 0.5425781 0.0145833 0.0195312
1 0.5309896 0.4140625 0.0151042 0.0359375
1 0.5846354 0.5417969 0.0265625 0.0242188
4 0.7606771 0.5410156 0.0244792 0.0273438
4 0.4083333 0.8015625 0.0197917 0.0281250
5 0.5885417 0.4328125 0.0177083 0.0171875
0 0.5604167 0.1414063 0.0260417 0.0171875
2 0.7000000 0.2699219 0.0239583 0.0210938
1 0.4085937 0.3734375 0.0119792 0.0375000
5 0.5585938 0.8945312 0.0223958 0.0265625
1 0.5601563 0.4601562 0.0088542 0.0203125
3 0.5231771 0.4718750 0.0171875 0.0250000
4 0.5203125 0.6246094 0.0239583 0.0257812
5 0.4289062 0.6035156 0.0140625 0.0273438
4 0.4846354 0.4792969 0.0119792 0.0320312
3 0.3656250 0.7695312 0.0135417 0.0281250
5 0.5000000 0.4832031 0.0218750 0.0257812
4 0.4549479 0.7535156 0.0244792 0.0242188
3 0.5015625 0.5121094 0.0125000 0.0257812
10 0.5411458 0.4804688 0.0156250 0.0328125
11 0.5221354 0.4011719 0.0244792 0.0335937
7 0.6309896 0.3746094 0.0223958 0.0226562
9 0.7127604 0.4500000 0.0213542 0.0296875
11 0.3757813 0.0546875 0.0171875 0.0390625
11 0.6041667 0.2851562 0.0218750 0.0250000
11 0.6747396 0.1882813 0.0161458 0.0234375
8 0.5609375 0.3027344 0.0166667 0.0351562
8 0.5179687 0.3960938 0.0192708 0.0265625
9 0.2591146 0.7367187 0.0171875 0.0406250
9 0.5815104 0.8140625 0.0255208 0.0234375
10 0.4528646 0.2003906 0.0182292 0.0320312
8 0.6716146 0.3589844 0.0265625 0.0257812
8 0.6604167 0.3125000 0.0229167 0.0234375
8 0.4601562 0.5519531 0.0234375 0.0289063
7 0.4489583 0.5855469 0.0218750 0.0289063
9 0.6369792 0.4667969 0.0208333 0.0210938
10 0.3184896 0.6156250 0.0223958 0.0281250
10 0.6229167 0.5347656 0.0208333 0.0304687
6 0.6281250 0.5031250 0.0229167 0.0343750
