5 0.4833333 0.5218750 0.0416667 0.0625000
1 0.6718750 0.5128906 0.0395833 0.0523438
2 0.3322917 0.6953125 0.0343750 0.0625000
3 0.6986979 0.2027344 0.0473958 0.0289063
0 0.5080729 0.4828125 0.0473958 0.0328125
3 0.4239583 0.4128906 0.0270833 0.0679687
2 0.3643229 0.1691406 0.0401042 0.0351562
4 0.6778646 0.4109375 0.0463542 0.0296875
1 0.4153646 0.8636719 0.0317708 0.0710937
3 0.5213542 0.8796875 0.0333333 0.0640625
7 0.3927083 0.5632812 0.0291667 0.0578125
7 0.3768229 0.5070313 0.0463542 0.0578125
