3 0.5682292 0.1902344 0.0354167 0.0257812
2 0.3476562 0.5320312 0.0307292 0.0265625
3 0.5963542 0.3429687 0.0218750 0.0390625
2 0.5158854 0.8472656 0.0276042 0.0429688
3 0.5406250 0.7789063 0.0385417 0.0265625
5 0.5557292 0.4425781 0.0322917 0.0429688
4 0.3796875 0.4730469 0.0197917 0.0460938
2 0.3596354 0.2597656 0.0359375 0.0429688
4 0.3536458 0.5648437 0.0229167 0.0531250
2 0.7671875 0.4761719 0.0333333 0.0367188
3 0.7401042 0.4039063 0.0302083 0.0468750
4 0.6208333 0.7906250 0.0312500 0.0500000
5 0.6372396 0.2144531 0.0203125 0.0398437
4 0.6984375 0.5609375 0.0187500 0.0312500
2 0.6554688 0.7113281 0.0369792 0.0367188
4 0.5028646 0.8843750 0.0296875 0.0250000
5 0.6138021 0.4820313 0.0213542 0.0500000
0 0.6161458 0.3773437 0.0333333 0.0359375
3 0.7125000 0.7929688 0.0385417 0.0296875
4 0.6518229 0.6933594 0.0203125 0.0257812
5 0.4992187 0.3109375 0.0203125 0.0312500
5 0.5330729 0.5679688 0.0203125 0.0296875
0 0.3580729 0.3117187 0.0276042 0.0343750
4 0.5276042 0.3617187 0.0375000 0.0359375
3 0.4369792 0.3753906 0.0229167 0.0257812
0 0.6953125 0.3312500 0.0208333 0.0546875
0 0.7468750 0.4765625 0.0145833 0.0437500
2 0.4627604 0.3242188 0.0307292 0.0390625
4 0.6294271 0.1460937 0.0130208 0.0531250
1 0.3971354 0.7886719 0.0234375 0.0320312
4 0.6299479 0.1261719 0.0348958 0.0320312
1 0.3986979 0.6031250 0.0203125 0.0515625
5 0.5442708 0.5347656 0.0270833 0.0476562
5 0.3549479 0.6664062 0.0317708 0.0265625
2 0.6015625 0.7015625 0.0302083 0.0375000
2 0.4565104 0.5640625 0.0348958 0.0250000
0 0.6830729 0.6433594 0.0390625 0.0242188
2 0.6132812 0.6972656 0.0338542 0.0335937
3 0.6502604 0.6320313 0.0223958 0.0453125
4 0.6869792 0.3347656 0.0375000 0.0367188
5 0.5437500 0.5152344 0.0354167 0.0242188
2 0.6236979 0.6359375 0.0348958 0.0187500
4 0.5351562 0.4078125 0.0192708 0.0359375
1 0.6440104 0.1781250 0.0328125 0.0375000
3 0.4940104 0.5640625 0.0307292 0.0359375
5 0.6320313 0.6902344 0.0348958 0.0242188
0 0.2924479 0.7398438 0.0182292 0.0562500
3 0.6333333 0.7089844 0.0250000 0.0351562
3 0.4802083 0.2316406 0.0177083 0.0257812
2 0.6260417 0.2976563 0.0166667 0.0312500
1 0.5026042 0.6511719 0.0156250 0.0523438
3 0.2906250 0.7164063 0.0187500 0.0515625
2 0.5528646 0.7230469 0.0223958 0.0398437
0 0.5713542 0.7691406 0.0375000 0.0257812
4 0.4614583 0.1011719 0.0145833 0.0414062
3 0.6557292 0.4347656 0.0354167 0.0226562
4 0.6489583 0.5957031 0.0197917 0.0492187
2 0.3463542 0.3636719 0.0145833 0.0289063
2 0.6598958 0.6886719 0.0197917 0.0570312
2 0.5401042 0.6292969 0.0239583 0.0273438
6 0.2695312 0.4402344 0.0317708 0.0460938
6 0.5018229 0.5851563 0.0213542 0.0312500
8 0.5921875 0.4738281 0.0302083 0.0304687
11 0.5911458 0.4335938 0.0333333 0.0343750
