3 0.6541667 0.2554688 0.0322917 0.0187500
0 0.5166667 0.5050781 0.0291667 0.0242188
4 0.7057292 0.3738281 0.0270833 0.0210938
2 0.3630208 0.2781250 0.0177083 0.0406250
0 0.7312500 0.4843750 0.0229167 0.0390625
4 0.5236979 0.4316406 0.0171875 0.0210938
4 0.5026042 0.1960938 0.0270833 0.0343750
3 0.4263021 0.8160156 0.0244792 0.0367188
4 0.4932292 0.8492188 0.0270833 0.0265625
4 0.5005208 0.8554688 0.0156250 0.0328125
0 0.5578125 0.5031250 0.0322917 0.0296875
0 0.5320312 0.8121094 0.0244792 0.0289063
0 0.5859375 0.6964844 0.0260417 0.0304687
4 0.4786458 0.4394531 0.0166667 0.0304687
4 0.3328125 0.7343750 0.0260417 0.0265625
4 0.5549479 0.2136719 0.0203125 0.0382813
3 0.6244792 0.3093750 0.0250000 0.0296875
4 0.7536458 0.6296875 0.0270833 0.0281250
3 0.6549479 0.4718750 0.0307292 0.0265625
0 0.3539062 0.4894531 0.0276042 0.0242188
5 0.5312500 0.5921875 0.0145833 0.0343750
0 0.7257813 0.5710937 0.0286458 0.0203125
0 0.2684896 0.3472656 0.0213542 0.0335937
5 0.3911458 0.6042969 0.0291667 0.0210938
4 0.5359375 0.7464844 0.0156250 0.0414062
4 0.4658854 0.4585938 0.0098958 0.0187500
2 0.3091146 0.4472656 0.0265625 0.0320312
3 0.6117187 0.2628906 0.0244792 0.0242188
0 0.7661458 0.5324219 0.0333333 0.0273438
0 0.6875000 0.7953125 0.0302083 0.0218750
5 0.5604167 0.2578125 0.0291667 0.0328125
5 0.5721354 0.5984375 0.0151042 0.0421875
5 0.4028646 0.4851563 0.0286458 0.0234375
5 0.4442708 0.2832031 0.0260417 0.0273438
0 0.6609375 0.4281250 0.0156250 0.0437500
5 0.3799479 0.2968750 0.0213542 0.0328125
0 0.3226562 0.1988281 0.0265625 0.0304687
1 0.7335938 0.6171875 0.0296875 0.0250000
3 0.6361979 0.2257812 0.0130208 0.0234375
2 0.5770833 0.8257813 0.0145833 0.0437500
2 0.6979167 0.4968750 0.0250000 0.0265625
0 0.3429687 0.5011719 0.0234375 0.0210938
4 0.4015625 0.4714844 0.0229167 0.0179687
0 0.5914063 0.5660156 0.0234375 0.0179687
5 0.5877604 0.5605469 0.0255208 0.0273438
4 0.2973958 0.3941406 0.0270833 0.0195312
3 0.6651042 0.4687500 0.0197917 0.0390625
3 0.6351562 0.6703125 0.0161458 0.0265625
3 0.4041667 0.5093750 0.0302083 0.0203125
0 0.3731771 0.6011719 0.0296875 0.0210938
5 0.4065104 0.5671875 0.0223958 0.0296875
3 0.3593750 0.6843750 0.0177083 0.0406250
2 0.5815104 0.4117188 0.0161458 0.0281250
4 0.3367188 0.8679687 0.0234375 0.0203125
4 0.5536458 0.5144531 0.0218750 0.0210938
5 0.7296875 0.7515625 0.0156250 0.0203125
5 0.5570312 0.6203125 0.0213542 0.0375000
4 0.5835938 0.3312500 0.0255208 0.0203125
0 0.3731771 0.1976563 0.0328125 0.0234375
0 0.5731771 0.6226563 0.0296875 0.0234375
1 0.6453125 0.3160156 0.0239583 0.0273438
1 0.6270833 0.5628906 0.0312500 0.0210938
2 0.5911458 0.1957031 0.0187500 0.0445313
1 0.6257812 0.2449219 0.0276042 0.0226562
3 0.3380208 0.2398437 0.0218750 0.0421875
0 0.6783854 0.7558594 0.0151042 0.0195312
2 0.3372396 0.8027344 0.0182292 0.0398437
4 0.3679688 0.7519531 0.0223958 0.0320312
1 0.6335937 0.2617188 0.0328125 0.0218750
5 0.2476562 0.5945312 0.0276042 0.0218750
1 0.5059896 0.8414063 0.0286458 0.0281250
1 0.6356771 0.4007812 0.0140625 0.0437500
4 0.4601562 0.7097656 0.0171875 0.0398437
1 0.2257812 0.5859375 0.0203125 0.0390625
4 0.3518229 0.6230469 0.0182292 0.0414062
4 0.5130208 0.4484375 0.0260417 0.0296875
0 0.6270833 0.5605469 0.0177083 0.0351562
2 0.6664062 0.3546875 0.0161458 0.0406250
8 0.3815104 0.1976563 0.0276042 0.0328125
7 0.3505208 0.4726562 0.0218750 0.0312500
10 0.2880208 0.6656250 0.0270833 0.0312500
11 0.5273438 0.6535156 0.0286458 0.0289063
10 0.7072917 0.5421875 0.0281250 0.0265625
7 0.6013021 0.5921875 0.0307292 0.0296875
6 0.5338542 0.8500000 0.0302083 0.0406250
9 0.6966146 0.6308594 0.0171875 0.0273438
7 0.7515625 0.5765625 0.0281250 0.0312500
8 0.4005208 0.4289062 0.0260417 0.0296875
6 0.6200521 0.4808594 0.0265625 0.0257812
10 0.5450521 0.1640625 0.0286458 0.0281250
9 0.5216146 0.3886719 0.0234375 0.0398437
10 0.6093750 0.6343750 0.0208333 0.0390625
9 0.6289062 0.6488281 0.0296875 0.0382813
9 0.6494792 0.4113281 0.0250000 0.0273438
8 0.3747396 0.5187500 0.0296875 0.0390625
11 0.6067708 0.4628906 0.0302083 0.0398437
6 0.5192708 0.3109375 0.0281250 0.0343750
6 0.7018229 0.3363281 0.0234375 0.0429688
