1 0.7005208 0.9332031 0.0281250 0.0804688
5 0.7200521 0.7714844 0.0536458 0.0414062
2 0.7125000 0.4101562 0.0500000 0.0500000
4 0.5510417 0.7441406 0.0354167 0.0679687
2 0.6726562 0.6820312 0.0473958 0.0562500
2 0.6033854 0.4539063 0.0536458 0.0546875
0 0.3291667 0.2558594 0.0468750 0.0460938
2 0.5986979 0.4101562 0.0390625 0.0468750
2 0.6390625 0.6011719 0.0270833 0.0585938
4 0.5591146 0.4644531 0.0546875 0.0382813
0 0.5231771 0.7289062 0.0536458 0.0343750
4 0.5591146 0.6679688 0.0328125 0.0484375
1 0.7023438 0.8078125 0.0296875 0.0843750
2 0.4059896 0.6101562 0.0546875 0.0453125
3 0.6625000 0.7449219 0.0468750 0.0539063
4 0.5854167 0.6300781 0.0531250 0.0367188
3 0.3377604 0.5343750 0.0494792 0.0406250
4 0.4859375 0.6542969 0.0520833 0.0570312
0 0.5674479 0.3328125 0.0328125 0.0421875
1 0.4958333 0.2824219 0.0302083 0.0617188
2 0.4684896 0.3296875 0.0473958 0.0640625
2 0.3049479 0.7332031 0.0369792 0.0773438
2 0.6216146 0.2394531 0.0244792 0.0507812
0 0.6791667 0.4953125 0.0479167 0.0375000
5 0.3664062 0.5542969 0.0401042 0.0601563
3 0.2960937 0.6734375 0.0265625 0.0843750
0 0.2783854 0.2007812 0.0411458 0.0375000
5 0.6114583 0.6835938 0.0468750 0.0296875
0 0.4781250 0.3156250 0.0520833 0.0375000
3 0.6130208 0.6894531 0.0479167 0.0398437
4 0.3513021 0.6199219 0.0317708 0.0507812
3 0.4057292 0.5152344 0.0291667 0.0367188
2 0.6294271 0.4437500 0.0359375 0.0843750
0 0.4380208 0.2945313 0.0427083 0.0468750
3 0.4309896 0.3054688 0.0359375 0.0531250
1 0.5679688 0.6437500 0.0546875 0.0343750
4 0.4867187 0.7585937 0.0463542 0.0562500
4 0.3398438 0.6808594 0.0276042 0.0460938
5 0.5601563 0.3761719 0.0536458 0.0367188
5 0.5156250 0.4640625 0.0364583 0.0578125
3 0.5911458 0.2187500 0.0406250 0.0546875
0 0.4148438 0.5894531 0.0348958 0.0617188
3 0.6098958 0.5796875 0.0250000 0.0484375
4 0.5291667 0.4152344 0.0427083 0.0382813
4 0.3354167 0.2683594 0.0510417 0.0398437
2 0.2979167 0.2613281 0.0375000 0.0539063
2 0.3533854 0.4867187 0.0578125 0.0375000
0 0.5260417 0.5070313 0.0208333 0.0406250
8 0.4393229 0.4253906 0.0401042 0.0492187
9 0.4471354 0.5859375 0.0432292 0.0468750
8 0.4007812 0.6027344 0.0401042 0.0742188
11 0.6588542 0.3832031 0.0531250 0.0523438
9 0.6132812 0.9210938 0.0515625 0.0781250
9 0.6479167 0.5566406 0.0385417 0.0789062
7 0.6588542 0.8230469 0.0468750 0.0460938
10 0.3710938 0.4558594 0.0526042 0.0507812
11 0.7539062 0.6078125 0.0494792 0.0531250
