1 0.5244792 0.1421875 0.1270833 0.0890625
5 0.5932292 0.2425781 0.0666667 0.1601562
3 0.6190104 0.3277344 0.0828125 0.0960938
3 0.4820313 0.9570312 0.0963542 0.0843750
4 0.5304688 0.7492188 0.1192708 0.0953125
1 0.5046875 0.8761719 0.0604167 0.1070312
5 0.3382812 0.5941406 0.0598958 0.0851563
1 0.6804687 0.7621094 0.1161458 0.0835937
1 0.4138021 0.5121094 0.0630208 0.1195313
0 0.5130208 0.9230469 0.0739583 0.1351563
11 0.6986979 0.5625000 0.1046875 0.1046875
9 0.6031250 0.9222656 0.0739583 0.1507813
7 0.3062500 0.3937500 0.0781250 0.1562500
7 0.2674479 0.6433594 0.1182292 0.1414063
9 0.4588542 0.0687500 0.0739583 0.1328125
8 0.7846354 0.3621094 0.1151042 0.1132812
8 0.3809896 0.5507812 0.1078125 0.1171875
11 0.5184896 0.4531250 0.0932292 0.1453125
6 0.4552083 0.7921875 0.0697917 0.1046875
6 0.7822917 0.7730469 0.1125000 0.1101562
6 0.6080729 0.7101563 0.1348958 0.1296875
7 0.5656250 0.3429687 0.1052083 0.1125000
