0 0.4583333 0.3746094 0.0781250 0.1320312
0 0.4559896 0.6277344 0.1026042 0.1132812
1 0.5981771 0.3902344 0.1088542 0.0867187
2 0.6489583 0.5925781 0.1104167 0.0835937
5 0.6445312 0.4000000 0.0890625 0.0671875
0 0.2888021 0.2003906 0.0671875 0.0945312
1 0.5018229 0.1738281 0.0744792 0.1554687
0 0.6851563 0.4503906 0.1161458 0.0804688
5 0.3619792 0.2421875 0.0916667 0.0906250
0 0.8161458 0.6460938 0.1083333 0.1000000
1 0.6257812 0.4636719 0.0817708 0.1367188
4 0.6523438 0.1332031 0.1078125 0.0726563
1 0.3421875 0.2679687 0.0895833 0.1109375
2 0.4721354 0.0941406 0.0723958 0.1398437
0 0.6591146 0.4375000 0.1223958 0.0906250
0 0.3273437 0.3238281 0.1046875 0.1070312
5 0.2528646 0.8050781 0.0546875 0.1632812
5 0.7497396 0.6921875 0.0494792 0.0765625
0 0.4492188 0.3347656 0.0807292 0.1289062
3 0.5786458 0.2664063 0.1125000 0.1171875
3 0.2882812 0.1562500 0.1244792 0.0859375
3 0.2986979 0.4984375 0.0619792 0.1015625
5 0.4570312 0.7410156 0.0828125 0.1304687
0 0.6416667 0.6164063 0.0781250 0.0625000
3 0.5536458 0.4453125 0.0875000 0.0984375
0 0.3302083 0.2664063 0.0718750 0.1140625
0 0.6286458 0.6507812 0.1125000 0.1265625
2 0.5257812 0.2949219 0.1328125 0.0992187
3 0.5268229 0.8601562 0.0546875 0.1234375
7 0.5578125 0.3164062 0.0968750 0.1828125
8 0.5023437 0.0386719 0.0598958 0.0773438
9 0.4296875 0.7746094 0.0729167 0.1367188
11 0.7283854 0.3320312 0.1223958 0.1750000
8 0.6494792 0.2816406 0.1197917 0.1164063
6 0.7059896 0.5773438 0.1119792 0.1281250
