5 0.3854167 0.5511719 0.0197917 0.0351562
5 0.6622396 0.3777344 0.0348958 0.0304687
2 0.6617188 0.7933594 0.0255208 0.0335937
5 0.6028646 0.6207031 0.0338542 0.0320312
4 0.6968750 0.4058594 0.0260417 0.0273438
3 0.3765625 0.7539062 0.0177083 0.0468750
2 0.5424479 0.0949219 0.0286458 0.0414062
0 0.4976563 0.3871094 0.0317708 0.0226562
3 0.5270833 0.5429688 0.0187500 0.0500000
4 0.5356771 0.5429688 0.0192708 0.0484375
3 0.4765625 0.4882812 0.0322917 0.0359375
0 0.6236979 0.2906250 0.0348958 0.0265625
4 0.5182292 0.3285156 0.0197917 0.0507812
4 0.6242188 0.2585938 0.0338542 0.0296875
3 0.4315104 0.5316406 0.0182292 0.0320312
5 0.6505208 0.3882813 0.0291667 0.0406250
0 0.5218750 0.2046875 0.0385417 0.0281250
0 0.7382812 0.4820313 0.0338542 0.0218750
2 0.4757812 0.4687500 0.0182292 0.0546875
2 0.4976563 0.8253906 0.0265625 0.0257812
0 0.7138021 0.5300781 0.0192708 0.0507812
1 0.5851563 0.6843750 0.0390625 0.0281250
5 0.7317708 0.5511719 0.0239583 0.0539063
4 0.7536458 0.5464844 0.0322917 0.0273438
0 0.5505208 0.5363281 0.0291667 0.0367188
4 0.6367188 0.2347656 0.0182292 0.0507812
1 0.4791667 0.6960937 0.0208333 0.0312500
1 0.2867188 0.7121094 0.0265625 0.0335937
2 0.4598958 0.3160156 0.0333333 0.0382813
3 0.5914063 0.0964844 0.0255208 0.0476562
5 0.6520833 0.8714844 0.0208333 0.0570312
5 0.3390625 0.6300781 0.0229167 0.0351562
0 0.6093750 0.6585937 0.0187500 0.0359375
5 0.5955729 0.4402344 0.0317708 0.0445313
2 0.3893229 0.3027344 0.0223958 0.0226562
0 0.4067708 0.4492188 0.0354167 0.0265625
5 0.5343750 0.8859375 0.0364583 0.0265625
0 0.6401042 0.6105469 0.0291667 0.0210938
4 0.7075521 0.1824219 0.0359375 0.0226562
6 0.5005208 0.6632813 0.0218750 0.0453125
6 0.7062500 0.4562500 0.0322917 0.0375000
9 0.7057292 0.3671875 0.0322917 0.0328125
9 0.4486979 0.4578125 0.0317708 0.0312500
9 0.7263021 0.4519531 0.0255208 0.0398437
6 0.7317708 0.2789063 0.0375000 0.0375000
11 0.4515625 0.4585938 0.0322917 0.0359375
10 0.6507812 0.3539062 0.0369792 0.0359375
7 0.6455729 0.5000000 0.0328125 0.0406250
10 0.5723958 0.5589844 0.0270833 0.0507812
10 0.4388021 0.3421875 0.0296875 0.0406250
6 0.3203125 0.7144531 0.0333333 0.0335937
8 0.5044271 0.4578125 0.0338542 0.0453125
6 0.6510417 0.4867187 0.0250000 0.0500000
11 0.2895833 0.6785156 0.0343750 0.0460938
9 0.6510417 0.2957031 0.0343750 0.0351562
7 0.4570312 0.1722656 0.0307292 0.0539063
7 0.5799479 0.3320312 0.0286458 0.0484375
