3 0.4927083 0.3140625 0.1145833 0.2187500
5 0.7763021 0.4089844 0.1682292 0.1148437
1 0.4322917 0.3835938 0.1197917 0.1593750
1 0.2911458 0.4222656 0.1489583 0.1023437
5 0.6924479 0.5292969 0.1526042 0.0960938
3 0.5289063 0.5667969 0.1203125 0.1132812
1 0.7044271 0.5531250 0.1505208 0.1046875
3 0.3401042 0.6199219 0.1406250 0.1664063
4 0.3854167 0.9144531 0.0958333 0.1695312
2 0.5783854 0.8304687 0.1046875 0.1484375
0 0.6807292 0.1492188 0.1385417 0.1078125
1 0.4591146 0.7398438 0.1265625 0.1906250
5 0.2736979 0.3187500 0.1453125 0.1421875
3 0.4200521 0.7796875 0.1515625 0.1125000
5 0.4505208 0.7066406 0.1260417 0.1523438
3 0.6544271 0.7625000 0.1317708 0.0921875
1 0.6289062 0.7695312 0.1026042 0.1031250
3 0.6984375 0.2945313 0.1708333 0.1078125
5 0.6296875 0.4125000 0.0989583 0.1656250
5 0.2645833 0.4925781 0.1333333 0.1710937
5 0.5955729 0.6417969 0.1463542 0.1023437
3 0.5315104 0.6550781 0.1473958 0.1601562
2 0.3197917 0.1312500 0.1468750 0.0953125
5 0.4255208 0.6750000 0.1312500 0.1062500
2 0.7143229 0.4656250 0.1380208 0.1171875
10 0.2981771 0.4582031 0.1026042 0.1742188
7 0.4869792 0.6722656 0.1166667 0.2085937
9 0.3080729 0.5488281 0.1411458 0.1492188
7 0.6143229 0.7941406 0.1390625 0.1929687
7 0.7604167 0.1972656 0.1270833 0.1335938
9 0.5184896 0.3183594 0.0932292 0.2242187
6 0.4890625 0.1160156 0.1364583 0.1585938
6 0.2807292 0.9035156 0.1104167 0.1914062
8 0.2880208 0.1761719 0.1062500 0.1585938
8 0.6059896 0.5648437 0.1276042 0.1250000
6 0.7747396 0.7386719 0.1036458 0.1554687
10 0.7143229 0.7390625 0.1307292 0.1281250
