1 0.5984375 0.3730469 0.0218750 0.0679687
0 0.5447917 0.2410156 0.0385417 0.0867187
0 0.4148438 0.7398438 0.0276042 0.0718750
0 0.6247396 0.6410156 0.0401042 0.0929688
2 0.4187500 0.4566406 0.0666667 0.0492187
3 0.6661458 0.6804687 0.0645833 0.0656250
0 0.5791667 0.7484375 0.0385417 0.1062500
4 0.6434896 0.5796875 0.0348958 0.0921875
3 0.5315104 0.4316406 0.0380208 0.0664062
0 0.6065104 0.6105469 0.0359375 0.0742188
5 0.2276042 0.5480469 0.0364583 0.0476562
1 0.5619792 0.6097656 0.0635417 0.0664062
4 0.4195313 0.9984375 0.0067708 0.0015625
2 0.5098958 0.6683594 0.0312500 0.1039063
3 0.3825521 0.5625000 0.0744792 0.0671875
1 0.6028646 0.6667969 0.0421875 0.1023437
1 0.4723958 0.1847656 0.0406250 0.1054688
5 0.5536458 0.7746094 0.0531250 0.0976562
2 0.5174479 0.7644531 0.0421875 0.0679687
2 0.6177083 0.3546875 0.0531250 0.0453125
4 0.4976563 0.5910156 0.0598958 0.0351562
0 0.7125000 0.4804688 0.0604167 0.0562500
1 0.6916667 0.2625000 0.0708333 0.0468750
1 0.8559896 0.5187500 0.0703125 0.0625000
5 0.4916667 0.6488281 0.0312500 0.0632812
4 0.6414062 0.3957031 0.0453125 0.0914062
2 0.2346354 0.5929688 0.0494792 0.0562500
3 0.5151042 0.5816406 0.0572917 0.0695313
2 0.4500000 0.3113281 0.0395833 0.0664062
3 0.3252604 0.5296875 0.0682292 0.0562500
1 0.5973958 0.6304688 0.0645833 0.0484375
2 0.2666667 0.5363281 0.0697917 0.0507812
4 0.5893229 0.3371094 0.0630208 0.0398437
5 0.4450521 0.4617188 0.0630208 0.0796875
1 0.4565104 0.7550781 0.0505208 0.0867187
2 0.3567708 0.6472656 0.0447917 0.0976562
4 0.5406250 0.2414062 0.0468750 0.0453125
5 0.4281250 0.1074219 0.0635417 0.0445313
2 0.4838542 0.4347656 0.0406250 0.0507812
4 0.4734375 0.4234375 0.0593750 0.0609375
2 0.2960937 0.3656250 0.0432292 0.0890625
4 0.2661458 0.6546875 0.0687500 0.0421875
3 0.4898438 0.3097656 0.0671875 0.0570312
5 0.3500000 0.7324219 0.0635417 0.0507812
4 0.6093750 0.2691406 0.0447917 0.0757812
1 0.7507812 0.3597656 0.0703125 0.0679687
4 0.5997396 0.4886719 0.0536458 0.0804688
2 0.5460938 0.4996094 0.0651042 0.0507812
3 0.4882812 0.5179687 0.0526042 0.0640625
3 0.3734375 0.2484375 0.0416667 0.1015625
3 0.4864583 0.6984375 0.0468750 0.0734375
1 0.2395833 0.2207031 0.0343750 0.0929688
2 0.7223958 0.4898438 0.0656250 0.0546875
4 0.5817708 0.5488281 0.0625000 0.0476562
3 0.6223958 0.3769531 0.0625000 0.0476562
5 0.7343750 0.6777344 0.0375000 0.0539063
4 0.3617187 0.7160156 0.0401042 0.1070312
5 0.6734375 0.5253906 0.0385417 0.0695313
2 0.5651042 0.5742188 0.0437500 0.0734375
5 0.6893229 0.6769531 0.0484375 0.0914062
8 0.2622396 0.7699219 0.0640625 0.0648438
11 0.6432292 0.7425781 0.0625000 0.0617188
9 0.6380208 0.6437500 0.0583333 0.0687500
10 0.4489583 0.2328125 0.0385417 0.0734375
11 0.4330729 0.2675781 0.0421875 0.0851563
7 0.6278646 0.6726562 0.0640625 0.0890625
