2 0.6036458 0.7550781 0.0229167 0.0523438
5 0.6276042 0.3707031 0.0395833 0.0492187
3 0.6679688 0.3589844 0.0453125 0.0367188
1 0.6361979 0.4972656 0.0380208 0.0257812
0 0.5598958 0.1222656 0.0291667 0.0539063
4 0.4466146 0.5246094 0.0244792 0.0554687
1 0.6648437 0.3093750 0.0359375 0.0265625
5 0.2080729 0.6968750 0.0411458 0.0375000
4 0.5947917 0.5019531 0.0416667 0.0289063
0 0.3747396 0.6757812 0.0223958 0.0390625
3 0.6033854 0.4652344 0.0421875 0.0289063
5 0.5765625 0.5339844 0.0458333 0.0304687
2 0.5562500 0.4378906 0.0395833 0.0289063
0 0.6989583 0.6292969 0.0406250 0.0320312
0 0.4598958 0.8582031 0.0197917 0.0320312
5 0.4359375 0.6558594 0.0395833 0.0320312
1 0.4390625 0.2460938 0.0354167 0.0250000
3 0.3861979 0.5921875 0.0442708 0.0312500
3 0.6755208 0.5242187 0.0250000 0.0390625
4 0.4911458 0.3089844 0.0343750 0.0445313
5 0.7583333 0.5664062 0.0218750 0.0343750
2 0.6138021 0.8398438 0.0369792 0.0375000
0 0.5283854 0.6750000 0.0234375 0.0484375
5 0.5755208 0.3085938 0.0281250 0.0406250
5 0.5476562 0.6226563 0.0390625 0.0250000
2 0.7986979 0.5375000 0.0317708 0.0437500
2 0.4218750 0.3699219 0.0177083 0.0476562
1 0.6377604 0.3414063 0.0213542 0.0359375
0 0.5427083 0.4824219 0.0343750 0.0445313
1 0.5382813 0.6789063 0.0369792 0.0250000
3 0.7187500 0.3222656 0.0281250 0.0570312
5 0.6315104 0.6195312 0.0192708 0.0328125
5 0.5351562 0.2308594 0.0234375 0.0539063
5 0.2994792 0.4457031 0.0437500 0.0289063
2 0.4575521 0.6933594 0.0380208 0.0289063
5 0.4890625 0.3390625 0.0260417 0.0609375
1 0.6007813 0.2480469 0.0234375 0.0289063
11 0.4843750 0.3972656 0.0302083 0.0351562
10 0.7143229 0.7886719 0.0390625 0.0367188
11 0.6854167 0.5605469 0.0385417 0.0460938
8 0.5023437 0.2183594 0.0380208 0.0398437
6 0.6713542 0.8097656 0.0375000 0.0382813
6 0.5914063 0.5621094 0.0359375 0.0351562
9 0.4479167 0.2507813 0.0364583 0.0390625
6 0.6377604 0.4636719 0.0359375 0.0585938
8 0.6515625 0.1218750 0.0364583 0.0562500
7 0.6572917 0.4390625 0.0416667 0.0406250
8 0.3830729 0.4675781 0.0307292 0.0460938
8 0.3244792 0.3429687 0.0322917 0.0578125
7 0.6606771 0.2324219 0.0244792 0.0445313
8 0.5424479 0.7812500 0.0359375 0.0437500
7 0.3205729 0.7042969 0.0401042 0.0398437
6 0.6307292 0.7812500 0.0354167 0.0375000
9 0.3236979 0.5734375 0.0390625 0.0546875
