2 0.5645833 0.4691406 0.0364583 0.0414062
3 0.3765625 0.5199219 0.0354167 0.1070312
1 0.2341146 0.5050781 0.0546875 0.0789062
1 0.6619792 0.3679688 0.0677083 0.0500000
2 0.4546875 0.6714844 0.0354167 0.0960938
5 0.4041667 0.5222656 0.0593750 0.0679687
3 0.4164062 0.2898438 0.0463542 0.0484375
5 0.4122396 0.2027344 0.0703125 0.0492187
1 0.6664062 0.2320312 0.0359375 0.1109375
2 0.4872396 0.5070313 0.0723958 0.0531250
4 0.3713542 0.6179687 0.0354167 0.0390625
2 0.5476562 0.3050781 0.0484375 0.0601563
4 0.4695313 0.0761719 0.0421875 0.0539063
4 0.3734375 0.5261719 0.0541667 0.0851563
0 0.6510417 0.4367187 0.0354167 0.1125000
0 0.4669271 0.6281250 0.0411458 0.0734375
2 0.4395833 0.0949219 0.0739583 0.0507812
4 0.3822917 0.6371094 0.0468750 0.0742188
3 0.4330729 0.5609375 0.0390625 0.0546875
0 0.5710937 0.2687500 0.0453125 0.1031250
4 0.3494792 0.1652344 0.0479167 0.0585938
2 0.2432292 0.6753906 0.0510417 0.0648438
2 0.5210938 0.8417969 0.0348958 0.1101562
3 0.7786458 0.7437500 0.0375000 0.0734375
1 0.5723958 0.4507813 0.0635417 0.0625000
0 0.6630208 0.7375000 0.0520833 0.0812500
3 0.5236979 0.5027344 0.0630208 0.0585938
3 0.7309896 0.3871094 0.0682292 0.0507812
4 0.7044271 0.4269531 0.0369792 0.0882813
5 0.5453125 0.6707031 0.0625000 0.0664062
1 0.3752604 0.4867187 0.0421875 0.0937500
5 0.5898438 0.4191406 0.0703125 0.0757812
3 0.2705729 0.5269531 0.0463542 0.0570312
0 0.4875000 0.7179688 0.0708333 0.0750000
3 0.4398437 0.7656250 0.0401042 0.0453125
0 0.7338542 0.3839844 0.0427083 0.0585938
0 0.7302083 0.2875000 0.0645833 0.0687500
0 0.7520833 0.2648437 0.0562500 0.0703125
4 0.6005208 0.4324219 0.0635417 0.0507812
2 0.5302083 0.8671875 0.0656250 0.0500000
3 0.6018229 0.1199219 0.0723958 0.0539063
3 0.6104167 0.3980469 0.0656250 0.0414062
0 0.4388021 0.4597656 0.0307292 0.0882813
3 0.4338542 0.5953125 0.0458333 0.1171875
5 0.4815104 0.4050781 0.0536458 0.0804688
0 0.3622396 0.3027344 0.0671875 0.0554687
4 0.3161458 0.6492187 0.0531250 0.0593750
0 0.5674479 0.7269531 0.0411458 0.0507812
2 0.6630208 0.1523438 0.0427083 0.0984375
5 0.2606771 0.4335938 0.0744792 0.0687500
4 0.6854167 0.3152344 0.0708333 0.0398437
4 0.3828125 0.5402344 0.0760417 0.0476562
1 0.7208333 0.2636719 0.0322917 0.1039063
2 0.6705729 0.6980469 0.0776042 0.0617188
0 0.2614583 0.4992187 0.0520833 0.0875000
2 0.3799479 0.5199219 0.0348958 0.0945312
2 0.6390625 0.3394531 0.0312500 0.0601563
2 0.5979167 0.6183594 0.0750000 0.0648438
1 0.2815104 0.6343750 0.0401042 0.1000000
4 0.4622396 0.3917969 0.0328125 0.0960938
5 0.5572917 0.3765625 0.0666667 0.0578125
4 0.5687500 0.2656250 0.0458333 0.0531250
3 0.7492188 0.6257812 0.0380208 0.1015625
4 0.6440104 0.3253906 0.0744792 0.0492187
5 0.4125000 0.1621094 0.0479167 0.0976562
3 0.5783854 0.6925781 0.0671875 0.0617188
2 0.5619792 0.4281250 0.0677083 0.0750000
1 0.2908854 0.7062500 0.0661458 0.0500000
2 0.4916667 0.2738281 0.0322917 0.0460938
2 0.8020833 0.4652344 0.0687500 0.0554687
3 0.3888021 0.8027344 0.0317708 0.0960938
5 0.6132812 0.5246094 0.0411458 0.0679687
3 0.2835937 0.3558594 0.0765625 0.0554687
3 0.4888021 0.1882813 0.0421875 0.0953125
2 0.3809896 0.6718750 0.0682292 0.0421875
3 0.4843750 0.4367187 0.0520833 0.0375000
4 0.6955729 0.4109375 0.0348958 0.0609375
0 0.4945312 0.1128906 0.0598958 0.0726563
0 0.7151042 0.4011719 0.0593750 0.0601563
4 0.3242188 0.3933594 0.0401042 0.1070312
10 0.5669271 0.0878906 0.0505208 0.0992187
6 0.7541667 0.4886719 0.0645833 0.0726563
11 0.5085937 0.4800781 0.0526042 0.0617188
11 0.3486979 0.2015625 0.0703125 0.0953125
6 0.7575521 0.4992187 0.0651042 0.0609375
6 0.3195312 0.2828125 0.0609375 0.0968750
6 0.3236979 0.5820312 0.0526042 0.0609375
8 0.3713542 0.4429688 0.0729167 0.0937500
7 0.3195312 0.4976563 0.0692708 0.0671875
10 0.6875000 0.6292969 0.0468750 0.0898438
