3 0.3934896 0.5816406 0.1036458 0.0695313
2 0.2955729 0.4503906 0.0390625 0.1242188
2 0.5731771 0.2773438 0.0953125 0.0812500
1 0.5757813 0.4566406 0.0692708 0.0648438
0 0.4794271 0.3796875 0.0911458 0.0812500
0 0.2916667 0.4765625 0.1010417 0.1015625
0 0.6190104 0.2539062 0.0963542 0.0734375
0 0.5544271 0.4187500 0.0963542 0.0750000
0 0.5101562 0.7359375 0.0994792 0.0843750
3 0.3734375 0.4269531 0.0927083 0.0851563
5 0.4046875 0.5949219 0.0645833 0.0898438
2 0.6161458 0.3773437 0.0875000 0.0937500
0 0.5960937 0.3835938 0.0848958 0.0828125
2 0.5484375 0.6367188 0.0750000 0.0562500
0 0.2645833 0.7746094 0.0812500 0.1039063
2 0.3388021 0.5570312 0.0515625 0.0921875
4 0.7630208 0.2968750 0.0583333 0.1281250
4 0.4578125 0.8164062 0.0822917 0.0781250
2 0.4164062 0.3730469 0.0973958 0.0898438
0 0.6372396 0.4242187 0.0619792 0.1390625
2 0.5205729 0.4625000 0.0567708 0.1234375
2 0.6934896 0.2906250 0.0526042 0.0609375
1 0.6966146 0.2250000 0.0661458 0.1484375
1 0.7023438 0.2398437 0.1088542 0.0781250
3 0.7611979 0.4125000 0.0848958 0.1140625
2 0.6596354 0.7292969 0.0755208 0.1164063
2 0.6296875 0.6320313 0.0916667 0.0687500
5 0.5450521 0.6195312 0.0536458 0.0984375
11 0.5536458 0.0488281 0.0791667 0.0976562
10 0.3890625 0.7703125 0.0812500 0.1328125
8 0.8046875 0.3578125 0.0906250 0.1000000
7 0.3153646 0.8515625 0.0817708 0.0937500
11 0.5713542 0.3250000 0.0791667 0.1046875
8 0.5385417 0.3519531 0.0885417 0.0929688
6 0.4664063 0.6128906 0.0630208 0.1195313
9 0.6736979 0.4800781 0.0713542 0.1351563
9 0.6013021 0.1875000 0.0786458 0.1484375
8 0.6742187 0.6605469 0.0630208 0.1164063
6 0.6260417 0.0910156 0.0895833 0.1085938
8 0.3151042 0.4394531 0.1041667 0.1070312
11 0.6921875 0.4085937 0.1031250 0.1000000
