4 0.6611979 0.7535156 0.0255208 0.0242188
3 0.3625000 0.7707031 0.0291667 0.0210938
0 0.2859375 0.5550781 0.0145833 0.0226562
3 0.4671875 0.1464844 0.0156250 0.0273438
1 0.5971354 0.3214844 0.0286458 0.0320312
5 0.7192708 0.5484375 0.0333333 0.0281250
0 0.5942708 0.4355469 0.0291667 0.0210938
3 0.3541667 0.4890625 0.0302083 0.0296875
1 0.7911458 0.8589844 0.0343750 0.0273438
2 0.5083333 0.4941406 0.0156250 0.0210938
5 0.5510417 0.5148438 0.0312500 0.0234375
5 0.5015625 0.7824219 0.0145833 0.0445313
2 0.5500000 0.6730469 0.0343750 0.0289063
3 0.3601563 0.4660156 0.0171875 0.0476562
3 0.5994792 0.3367188 0.0343750 0.0234375
3 0.5403646 0.7640625 0.0307292 0.0203125
5 0.4223958 0.1574219 0.0343750 0.0242188
4 0.5614583 0.2769531 0.0229167 0.0335937
4 0.7523437 0.6046875 0.0171875 0.0312500
2 0.6059896 0.2230469 0.0213542 0.0382813
2 0.3463542 0.7613281 0.0156250 0.0257812
4 0.4216146 0.1242188 0.0223958 0.0281250
4 0.5445313 0.8398438 0.0307292 0.0171875
5 0.8317708 0.7187500 0.0291667 0.0265625
3 0.6070313 0.5152344 0.0276042 0.0351562
1 0.5127604 0.6078125 0.0151042 0.0203125
0 0.4710937 0.3687500 0.0265625 0.0265625
1 0.5687500 0.4839844 0.0208333 0.0257812
2 0.6986979 0.7410156 0.0338542 0.0242188
3 0.5210938 0.6183594 0.0317708 0.0304687
4 0.5505208 0.1968750 0.0177083 0.0281250
0 0.5135417 0.7746094 0.0270833 0.0320312
3 0.4606771 0.2414062 0.0182292 0.0265625
1 0.4125000 0.0671875 0.0208333 0.0468750
0 0.7315104 0.4718750 0.0223958 0.0437500
5 0.4604167 0.4101562 0.0260417 0.0343750
0 0.3992188 0.4621094 0.0213542 0.0429688
5 0.4570312 0.5277344 0.0265625 0.0257812
2 0.5335937 0.6597656 0.0348958 0.0335937
1 0.5895833 0.5414062 0.0239583 0.0203125
1 0.5625000 0.9214844 0.0218750 0.0429688
2 0.6033854 0.5207031 0.0317708 0.0273438
4 0.5690104 0.4617188 0.0255208 0.0343750
1 0.4489583 0.9105469 0.0229167 0.0445313
0 0.3380208 0.6472656 0.0187500 0.0289063
1 0.5286458 0.2992187 0.0156250 0.0453125
2 0.6132812 0.8304687 0.0307292 0.0218750
2 0.4950521 0.2789063 0.0307292 0.0296875
4 0.6408854 0.3097656 0.0171875 0.0460938
3 0.6315104 0.3593750 0.0192708 0.0437500
3 0.7065104 0.7312500 0.0182292 0.0265625
0 0.3947917 0.6628906 0.0354167 0.0242188
0 0.6210938 0.3125000 0.0161458 0.0359375
5 0.5419271 0.4312500 0.0317708 0.0234375
8 0.5197917 0.4050781 0.0291667 0.0304687
7 0.2763021 0.5632812 0.0276042 0.0437500
10 0.5770833 0.7257813 0.0270833 0.0328125
11 0.5312500 0.1980469 0.0239583 0.0289063
10 0.3468750 0.5542969 0.0302083 0.0289063
