4 0.5848958 0.3941406 0.0281250 0.0195312
2 0.4270833 0.4734375 0.0145833 0.0390625
1 0.4059896 0.4300781 0.0234375 0.0226562
0 0.2848958 0.3089844 0.0239583 0.0242188
5 0.4085937 0.8425781 0.0213542 0.0273438
4 0.5330729 0.9730469 0.0182292 0.0414062
2 0.5140625 0.4195313 0.0166667 0.0171875
5 0.5169271 0.4125000 0.0276042 0.0187500
1 0.6776042 0.4160156 0.0229167 0.0320312
5 0.7200521 0.7750000 0.0276042 0.0218750
3 0.7158854 0.1968750 0.0276042 0.0171875
3 0.7372396 0.7488281 0.0265625 0.0179687
0 0.3994792 0.3710938 0.0156250 0.0250000
2 0.5830729 0.4191406 0.0234375 0.0195312
2 0.5486979 0.5261719 0.0171875 0.0210938
0 0.4109375 0.3984375 0.0302083 0.0218750
5 0.5460938 0.4378906 0.0140625 0.0304687
1 0.5390625 0.6246094 0.0260417 0.0242188
1 0.4299479 0.8273438 0.0203125 0.0390625
5 0.7140625 0.7078125 0.0156250 0.0437500
0 0.5778646 0.6695313 0.0140625 0.0359375
4 0.5643229 0.2593750 0.0182292 0.0328125
1 0.5304688 0.2707031 0.0234375 0.0257812
0 0.2867188 0.7562500 0.0276042 0.0218750
0 0.4721354 0.3832031 0.0234375 0.0195312
4 0.4164062 0.4851563 0.0140625 0.0218750
4 0.4973958 0.8296875 0.0291667 0.0187500
4 0.7455729 0.5753906 0.0192708 0.0335937
1 0.6158854 0.1496094 0.0255208 0.0367188
2 0.6958333 0.4984375 0.0208333 0.0328125
2 0.5739583 0.5019531 0.0156250 0.0195312
2 0.6322917 0.4609375 0.0197917 0.0343750
0 0.7317708 0.5984375 0.0270833 0.0296875
1 0.4033854 0.4402344 0.0223958 0.0320312
4 0.5304688 0.8125000 0.0265625 0.0312500
4 0.6393229 0.2613281 0.0265625 0.0179687
0 0.5687500 0.3632812 0.0229167 0.0343750
2 0.4390625 0.7082031 0.0260417 0.0289063
4 0.5692708 0.2667969 0.0177083 0.0351562
5 0.4802083 0.1281250 0.0270833 0.0171875
4 0.4093750 0.8476562 0.0135417 0.0328125
2 0.4591146 0.6765625 0.0265625 0.0187500
5 0.3643229 0.5695313 0.0109375 0.0187500
0 0.5921875 0.6226563 0.0260417 0.0265625
1 0.5143229 0.3972656 0.0140625 0.0335937
1 0.4437500 0.4199219 0.0218750 0.0351562
1 0.5218750 0.5906250 0.0218750 0.0281250
0 0.3807292 0.6074219 0.0145833 0.0335937
0 0.6427083 0.5875000 0.0270833 0.0234375
4 0.5393229 0.6390625 0.0130208 0.0406250
2 0.4070313 0.6371094 0.0161458 0.0273438
11 0.4145833 0.1488281 0.0177083 0.0367188
11 0.5427083 0.3992188 0.0177083 0.0375000
11 0.7184896 0.4253906 0.0223958 0.0414062
10 0.3208333 0.5742188 0.0260417 0.0250000
6 0.4036458 0.6070313 0.0260417 0.0265625
7 0.3164062 0.7300781 0.0244792 0.0414062
11 0.6583333 0.4765625 0.0166667 0.0375000
10 0.5309896 0.2062500 0.0161458 0.0281250
8 0.6731771 0.6730469 0.0182292 0.0382813
10 0.3401042 0.6500000 0.0187500 0.0343750
7 0.6304688 0.4542969 0.0223958 0.0398437
10 0.7197917 0.2578125 0.0218750 0.0375000
6 0.5372396 0.6566406 0.0265625 0.0367188
10 0.4234375 0.7175781 0.0270833 0.0289063
11 0.7075521 0.4250000 0.0234375 0.0234375
9 0.3447917 0.3789062 0.0260417 0.0265625
9 0.5898438 0.8484375 0.0255208 0.0328125
6 0.7026042 0.7472656 0.0197917 0.0289063
10 0.3841146 0.2195313 0.0171875 0.0390625
