5 0.7872396 0.6308594 0.0869792 0.1039063
5 0.5986979 0.6734375 0.0557292 0.0968750
2 0.6690104 0.3921875 0.0911458 0.0906250
5 0.5442708 0.2460938 0.0510417 0.1531250
1 0.6018229 0.6347656 0.0598958 0.1242188
3 0.4375000 0.5859375 0.0625000 0.1125000
5 0.3867188 0.3316406 0.0598958 0.0789062
2 0.5307292 0.2035156 0.0479167 0.1242188
4 0.5893229 0.5839844 0.0671875 0.1570313
5 0.6393229 0.4847656 0.0984375 0.1132812
0 0.6679688 0.7222656 0.1067708 0.0742188
0 0.4062500 0.2437500 0.0593750 0.1328125
5 0.7437500 0.5183594 0.0739583 0.1273438
5 0.6611979 0.1597656 0.0744792 0.0835937
4 0.6968750 0.5843750 0.0614583 0.0843750
3 0.4950521 0.0902344 0.0578125 0.1601562
1 0.6377604 0.4789062 0.0953125 0.1125000
0 0.4265625 0.1808594 0.0739583 0.1414063
2 0.4255208 0.4730469 0.0552083 0.1320312
0 0.5736979 0.7425781 0.0890625 0.0789062
1 0.6265625 0.2925781 0.0937500 0.1039063
5 0.4265625 0.3281250 0.0625000 0.0890625
0 0.5361979 0.6308594 0.0911458 0.0632812
0 0.1940104 0.3718750 0.0942708 0.0734375
2 0.4049479 0.8324219 0.0796875 0.1367188
2 0.3908854 0.4273438 0.0682292 0.1015625
0 0.4546875 0.1460937 0.0447917 0.1234375
2 0.5869792 0.3558594 0.0864583 0.0726563
5 0.6059896 0.2203125 0.0953125 0.0906250
9 0.5632812 0.1656250 0.0869792 0.0875000
8 0.5234375 0.2437500 0.0635417 0.0984375
8 0.4768229 0.6468750 0.0880208 0.1000000
8 0.6177083 0.6292969 0.0614583 0.1273438
8 0.5848958 0.4488281 0.0989583 0.1007813
