1 0.2382812 0.4933594 0.0307292 0.0226562
5 0.3809896 0.7332031 0.0223958 0.0445313
0 0.6992188 0.4246094 0.0338542 0.0273438
5 0.7210937 0.7402344 0.0338542 0.0210938
9 0.5856771 0.4304688 0.0276042 0.0265625
9 0.5330729 0.4890625 0.0296875 0.0375000
11 0.3937500 0.7355469 0.0322917 0.0414062
6 0.5013021 0.3183594 0.0192708 0.0335937
8 0.3200521 0.3183594 0.0317708 0.0398437
10 0.2984375 0.2476562 0.0291667 0.0281250
10 0.3971354 0.5968750 0.0276042 0.0296875
6 0.5466146 0.4308594 0.0255208 0.0304687
7 0.5776042 0.6125000 0.0229167 0.0375000
6 0.4583333 0.7042969 0.0281250 0.0460938
8 0.6031250 0.3863281 0.0302083 0.0429688
7 0.6359375 0.4675781 0.0260417 0.0476562
9 0.3609375 0.6078125 0.0281250 0.0312500
11 0.5559896 0.3156250 0.0223958 0.0296875
6 0.5783854 0.1328125 0.0296875 0.0359375
8 0.2333333 0.4992187 0.0291667 0.0390625
9 0.5242187 0.6121094 0.0296875 0.0460938
7 0.4067708 0.4183594 0.0281250 0.0320312
