4 0.7505208 0.2468750 0.0260417 0.0218750
0 0.7119792 0.6621094 0.0270833 0.0289063
0 0.4565104 0.4453125 0.0265625 0.0171875
0 0.5908854 0.5019531 0.0255208 0.0289063
4 0.4989583 0.2761719 0.0145833 0.0320312
0 0.6890625 0.5121094 0.0250000 0.0242188
5 0.5083333 0.3539062 0.0229167 0.0312500
0 0.4908854 0.5406250 0.0151042 0.0437500
2 0.3927083 0.3476562 0.0114583 0.0218750
0 0.5997396 0.8183594 0.0307292 0.0195312
4 0.5203125 0.2714844 0.0197917 0.0195312
1 0.5815104 0.6742187 0.0307292 0.0218750
5 0.7208333 0.4148438 0.0177083 0.0453125
4 0.5531250 0.7730469 0.0291667 0.0210938
4 0.5885417 0.5421875 0.0291667 0.0281250
4 0.4500000 0.7410156 0.0166667 0.0445313
0 0.4468750 0.6445312 0.0260417 0.0265625
4 0.5231771 0.4691406 0.0286458 0.0320312
0 0.4630208 0.6613281 0.0302083 0.0210938
1 0.5575521 0.3570313 0.0223958 0.0265625
1 0.4726562 0.2886719 0.0317708 0.0242188
3 0.4960938 0.6355469 0.0140625 0.0289063
2 0.3549479 0.7312500 0.0223958 0.0328125
1 0.5677083 0.3820312 0.0135417 0.0375000
1 0.6882812 0.3523438 0.0140625 0.0406250
2 0.4557292 0.3062500 0.0166667 0.0187500
0 0.5390625 0.2292969 0.0322917 0.0289063
1 0.2377604 0.3804688 0.0276042 0.0312500
0 0.4523437 0.3929687 0.0203125 0.0281250
3 0.2671875 0.2941406 0.0145833 0.0429688
2 0.5096354 0.6601562 0.0286458 0.0218750
1 0.7020833 0.4070313 0.0229167 0.0250000
8 0.6822917 0.4773438 0.0260417 0.0250000
11 0.4614583 0.7062500 0.0166667 0.0390625
11 0.7031250 0.4089844 0.0187500 0.0398437
9 0.1861979 0.4546875 0.0307292 0.0296875
10 0.5518229 0.3464844 0.0276042 0.0273438
8 0.5791667 0.5101562 0.0239583 0.0265625
10 0.6690104 0.6324219 0.0171875 0.0257812
6 0.5549479 0.4687500 0.0203125 0.0265625
