4 0.4697917 0.7285156 0.0520833 0.0367188
1 0.6731771 0.3773437 0.0567708 0.0421875
3 0.3570313 0.8175781 0.0505208 0.0507812
0 0.5140625 0.7417969 0.0572917 0.0382813
5 0.5250000 0.6750000 0.0375000 0.0750000
4 0.4588542 0.6261719 0.0270833 0.0492187
3 0.6856771 0.7898437 0.0255208 0.0781250
5 0.5424479 0.3343750 0.0317708 0.0812500
5 0.1992188 0.3753906 0.0265625 0.0414062
2 0.2518229 0.2832031 0.0557292 0.0460938
2 0.6776042 0.8726563 0.0520833 0.0375000
1 0.4513021 0.5441406 0.0276042 0.0710937
1 0.3388021 0.6410156 0.0276042 0.0804688
4 0.5742188 0.8761719 0.0421875 0.0664062
5 0.4523437 0.3441406 0.0442708 0.0367188
3 0.5921875 0.3210938 0.0583333 0.0359375
1 0.6231771 0.2261719 0.0536458 0.0414062
4 0.6486979 0.2066406 0.0515625 0.0351562
1 0.6414062 0.4531250 0.0421875 0.0343750
1 0.6669271 0.5957031 0.0536458 0.0554687
1 0.6429687 0.6042969 0.0484375 0.0648438
0 0.3552083 0.4226563 0.0531250 0.0437500
1 0.7036458 0.3500000 0.0343750 0.0437500
5 0.3132813 0.4636719 0.0286458 0.0820312
2 0.5351562 0.3339844 0.0348958 0.0367188
4 0.4755208 0.3488281 0.0260417 0.0304687
5 0.3427083 0.6007813 0.0510417 0.0562500
4 0.6908854 0.2792969 0.0411458 0.0429688
5 0.7216146 0.4996094 0.0557292 0.0460938
0 0.5684896 0.6718750 0.0557292 0.0406250
3 0.3867188 0.4812500 0.0255208 0.0406250
4 0.5479167 0.6085938 0.0291667 0.0593750
3 0.4776042 0.2910156 0.0531250 0.0414062
0 0.2835937 0.4351563 0.0536458 0.0375000
3 0.3744792 0.5386719 0.0385417 0.0523438
0 0.6039062 0.2054688 0.0546875 0.0453125
4 0.7031250 0.5148438 0.0520833 0.0359375
3 0.3052083 0.5859375 0.0364583 0.0515625
4 0.5591146 0.5894531 0.0473958 0.0289063
3 0.4625000 0.7902344 0.0437500 0.0398437
0 0.3252604 0.5437500 0.0244792 0.0859375
3 0.5218750 0.4308594 0.0520833 0.0585938
2 0.6289062 0.5011719 0.0265625 0.0492187
2 0.4067708 0.1222656 0.0385417 0.0632812
4 0.3911458 0.7812500 0.0343750 0.0375000
1 0.6760417 0.3605469 0.0437500 0.0664062
3 0.5763021 0.6234375 0.0567708 0.0390625
0 0.4179688 0.5335937 0.0557292 0.0453125
2 0.2734375 0.7976562 0.0541667 0.0453125
1 0.3664062 0.4191406 0.0526042 0.0382813
5 0.3377604 0.8378906 0.0390625 0.0664062
0 0.6208333 0.3316406 0.0281250 0.0695313
4 0.6408854 0.7257813 0.0578125 0.0406250
0 0.6414062 0.6160156 0.0369792 0.0429688
5 0.5815104 0.2632813 0.0369792 0.0843750
4 0.3492188 0.5992188 0.0515625 0.0531250
3 0.3846354 0.5964844 0.0255208 0.0476562
4 0.6341146 0.4515625 0.0473958 0.0468750
0 0.5315104 0.7738281 0.0578125 0.0351562
0 0.4804688 0.2871094 0.0557292 0.0507812
1 0.3325521 0.3160156 0.0463542 0.0398437
1 0.3565104 0.4363281 0.0598958 0.0476562
4 0.3039062 0.4363281 0.0234375 0.0679687
4 0.6028646 0.6417969 0.0578125 0.0398437
1 0.4476562 0.7226562 0.0505208 0.0640625
3 0.4127604 0.1390625 0.0453125 0.0421875
3 0.3984375 0.3062500 0.0468750 0.0671875
5 0.4841146 0.3652344 0.0359375 0.0664062
3 0.5322917 0.2070312 0.0281250 0.0781250
3 0.3812500 0.5808594 0.0583333 0.0492187
1 0.3033854 0.3957031 0.0473958 0.0320312
4 0.5622396 0.5910156 0.0380208 0.0585938
4 0.7320313 0.2972656 0.0265625 0.0539063
0 0.4065104 0.6359375 0.0244792 0.0468750
10 0.5627604 0.4246094 0.0411458 0.0617188
11 0.7632813 0.5785156 0.0557292 0.0585938
6 0.4226563 0.2652344 0.0390625 0.0773438
9 0.6302083 0.2746094 0.0500000 0.0554687
8 0.3567708 0.1425781 0.0520833 0.0710937
6 0.7114583 0.1941406 0.0552083 0.0632812
10 0.3833333 0.4125000 0.0416667 0.0531250
6 0.7119792 0.6128906 0.0489583 0.0476562
10 0.5596354 0.8039063 0.0307292 0.0703125
10 0.3729167 0.2964844 0.0510417 0.0539063
7 0.7677083 0.6757812 0.0520833 0.0500000
11 0.4210937 0.1281250 0.0338542 0.0765625
10 0.5460938 0.3960938 0.0359375 0.0796875
6 0.7109375 0.6109375 0.0312500 0.0484375
