5 0.5919271 0.2917969 0.0390625 0.0320312
4 0.3546875 0.3269531 0.0312500 0.0257812
5 0.6039062 0.4804688 0.0296875 0.0328125
1 0.4794271 0.7839844 0.0213542 0.0539063
1 0.5190104 0.4296875 0.0317708 0.0515625
0 0.6122396 0.3574219 0.0223958 0.0492187
0 0.5807292 0.5640625 0.0187500 0.0250000
1 0.4825521 0.3406250 0.0286458 0.0468750
1 0.4317708 0.3277344 0.0229167 0.0476562
4 0.7833333 0.3554688 0.0447917 0.0296875
2 0.5138021 0.6753906 0.0401042 0.0273438
1 0.6429687 0.3144531 0.0338542 0.0257812
2 0.3867188 0.4222656 0.0203125 0.0320312
3 0.4958333 0.7945313 0.0197917 0.0578125
0 0.5799479 0.3214844 0.0411458 0.0289063
1 0.6958333 0.6347656 0.0385417 0.0289063
0 0.6643229 0.4429688 0.0380208 0.0468750
4 0.4281250 0.3718750 0.0312500 0.0343750
4 0.4304688 0.3285156 0.0411458 0.0304687
1 0.5833333 0.2531250 0.0364583 0.0265625
2 0.6843750 0.6171875 0.0187500 0.0453125
3 0.4088542 0.3937500 0.0229167 0.0312500
4 0.6880208 0.6054688 0.0385417 0.0234375
1 0.5442708 0.4003906 0.0187500 0.0242188
4 0.4046875 0.5867187 0.0416667 0.0281250
5 0.6203125 0.6355469 0.0281250 0.0617188
3 0.5406250 0.2535156 0.0270833 0.0554687
1 0.3828125 0.2160156 0.0229167 0.0523438
5 0.5713542 0.8539062 0.0406250 0.0281250
1 0.5632812 0.5925781 0.0348958 0.0367188
2 0.5117188 0.8644531 0.0286458 0.0507812
4 0.5268229 0.4777344 0.0359375 0.0367188
5 0.5656250 0.7328125 0.0375000 0.0296875
5 0.5302083 0.5289063 0.0166667 0.0562500
1 0.6677083 0.4101562 0.0187500 0.0562500
5 0.6085938 0.7789063 0.0317708 0.0593750
4 0.4593750 0.7914062 0.0364583 0.0234375
2 0.6684896 0.6125000 0.0390625 0.0375000
2 0.5963542 0.2925781 0.0312500 0.0320312
0 0.7268229 0.3429687 0.0421875 0.0234375
5 0.6166667 0.5980469 0.0208333 0.0304687
9 0.6666667 0.7589844 0.0375000 0.0523438
9 0.4718750 0.3906250 0.0260417 0.0390625
7 0.6786458 0.6609375 0.0239583 0.0375000
7 0.5442708 0.8371094 0.0354167 0.0492187
10 0.2994792 0.4273438 0.0375000 0.0359375
7 0.6893229 0.2750000 0.0255208 0.0406250
10 0.3153646 0.6703125 0.0244792 0.0531250
10 0.6989583 0.1503906 0.0343750 0.0554687
6 0.3531250 0.3789062 0.0406250 0.0484375
8 0.4541667 0.9070312 0.0333333 0.0500000
