2 0.5893229 0.6246094 0.0557292 0.0429688
1 0.4013021 0.7625000 0.0338542 0.0562500
4 0.4898438 0.2253906 0.0546875 0.0367188
2 0.5882812 0.2542969 0.0442708 0.0789062
1 0.3343750 0.3714844 0.0552083 0.0429688
3 0.5843750 0.5574219 0.0427083 0.0523438
1 0.4906250 0.2824219 0.0281250 0.0804688
1 0.5802083 0.5804687 0.0583333 0.0437500
0 0.5723958 0.2093750 0.0291667 0.0703125
1 0.3023438 0.5832031 0.0286458 0.0742188
0 0.4255208 0.6691406 0.0385417 0.0804688
0 0.4802083 0.3882813 0.0260417 0.0843750
4 0.4122396 0.2898438 0.0244792 0.0484375
5 0.4937500 0.8085938 0.0583333 0.0375000
1 0.6919271 0.7023438 0.0546875 0.0546875
2 0.5890625 0.1996094 0.0447917 0.0539063
3 0.5888021 0.3515625 0.0317708 0.0359375
0 0.4648438 0.5878906 0.0338542 0.0898438
1 0.7486979 0.5031250 0.0432292 0.0671875
5 0.4140625 0.5703125 0.0333333 0.0859375
4 0.2921875 0.1398437 0.0510417 0.0375000
5 0.5289063 0.7843750 0.0348958 0.0437500
3 0.6700521 0.8921875 0.0442708 0.0609375
3 0.6854167 0.5417969 0.0197917 0.0554687
4 0.6544271 0.7050781 0.0359375 0.0648438
5 0.5072917 0.7042969 0.0322917 0.0679687
2 0.7755208 0.5468750 0.0437500 0.0640625
1 0.3854167 0.8078125 0.0270833 0.0359375
5 0.4755208 0.4882812 0.0281250 0.0421875
3 0.5916667 0.3984375 0.0302083 0.0453125
4 0.4908854 0.5636719 0.0505208 0.0382813
3 0.3317708 0.4449219 0.0510417 0.0476562
8 0.3807292 0.3812500 0.0427083 0.0750000
6 0.6234375 0.8093750 0.0541667 0.0531250
7 0.6276042 0.7195312 0.0479167 0.0578125
6 0.4742188 0.6996094 0.0526042 0.0507812
10 0.3213542 0.4988281 0.0395833 0.0726563
7 0.5174479 0.3031250 0.0307292 0.0515625
6 0.7109375 0.2660156 0.0489583 0.0507812
9 0.6958333 0.4101562 0.0458333 0.0625000
11 0.6453125 0.7539062 0.0572917 0.0687500
9 0.3888021 0.7898437 0.0536458 0.0843750
11 0.6140625 0.3714844 0.0364583 0.0679687
11 0.4950521 0.3976562 0.0473958 0.0687500
10 0.6559896 0.5234375 0.0348958 0.0531250
11 0.6031250 0.6792969 0.0322917 0.0695313
11 0.6302083 0.6652344 0.0489583 0.0476562
9 0.3122396 0.4007812 0.0505208 0.0484375
7 0.5104167 0.4535156 0.0427083 0.0617188
6 0.3492188 0.6804687 0.0567708 0.0703125
9 0.7289062 0.3636719 0.0348958 0.0492187
8 0.4630208 0.2378906 0.0437500 0.0570312
