5 0.5078125 0.8847656 0.0708333 0.0882813
3 0.7304688 0.3574219 0.0973958 0.0742188
5 0.6450521 0.7933594 0.0953125 0.0617188
4 0.7520833 0.2941406 0.1083333 0.0726563
2 0.6312500 0.4300781 0.0406250 0.1523438
0 0.8221354 0.4429688 0.0828125 0.1187500
2 0.6450521 0.1824219 0.0661458 0.0820312
3 0.7466146 0.6320313 0.0786458 0.0718750
2 0.6234375 0.6093750 0.0916667 0.1125000
2 0.6497396 0.2375000 0.0671875 0.0796875
5 0.5023437 0.7773438 0.0484375 0.0703125
2 0.3966146 0.4988281 0.0515625 0.1054688
3 0.2317708 0.5054688 0.0843750 0.1140625
0 0.4611979 0.3203125 0.0723958 0.0906250
4 0.5921875 0.2867188 0.0947917 0.0578125
0 0.5903646 0.1468750 0.0744792 0.1031250
1 0.4098958 0.5062500 0.0458333 0.1265625
2 0.6979167 0.2464844 0.0645833 0.0835937
3 0.6940104 0.5898438 0.0671875 0.1578125
3 0.6304688 0.6812500 0.0911458 0.0546875
5 0.7562500 0.3832031 0.0666667 0.0585938
2 0.5630208 0.6242188 0.0458333 0.0921875
4 0.4252604 0.3285156 0.0473958 0.1445312
2 0.4864583 0.3984375 0.0927083 0.0812500
3 0.7075521 0.5261719 0.0953125 0.0710937
3 0.4932292 0.5480469 0.0656250 0.1007813
1 0.4231771 0.3394531 0.0609375 0.1039063
0 0.2632813 0.5906250 0.0661458 0.1453125
5 0.6765625 0.5535156 0.0916667 0.0710937
2 0.7122396 0.6332031 0.0453125 0.0679687
5 0.3398438 0.2937500 0.0911458 0.0890625
5 0.2484375 0.4460938 0.1000000 0.0750000
5 0.5343750 0.2402344 0.0562500 0.1632812
4 0.5664062 0.1179687 0.0651042 0.1203125
5 0.4309896 0.7652344 0.0557292 0.1445312
1 0.6070313 0.4023438 0.0859375 0.0875000
1 0.4330729 0.4179688 0.0588542 0.0687500
5 0.6018229 0.7093750 0.1005208 0.0671875
0 0.4278646 0.2144531 0.0640625 0.0648438
0 0.5789062 0.4089844 0.0473958 0.0867187
3 0.3640625 0.5773438 0.0562500 0.0812500
0 0.6919271 0.4773438 0.0546875 0.1156250
1 0.5122396 0.2613281 0.0515625 0.1601562
1 0.3739583 0.1253906 0.0583333 0.1242188
0 0.5195312 0.7296875 0.0932292 0.0625000
4 0.7059896 0.3304687 0.0880208 0.0625000
3 0.3763021 0.7507812 0.0838542 0.0781250
0 0.7010417 0.6386719 0.0812500 0.0914062
3 0.5940104 0.2757812 0.1026042 0.0796875
4 0.4635417 0.2664063 0.0572917 0.1375000
1 0.4812500 0.3019531 0.0833333 0.1039063
2 0.4145833 0.3714844 0.0916667 0.0867187
3 0.2276042 0.1441406 0.0500000 0.1617187
4 0.5835938 0.6273437 0.1088542 0.0859375
0 0.4169271 0.8351563 0.0661458 0.0812500
3 0.4453125 0.0582031 0.0677083 0.1164063
4 0.5145833 0.6570312 0.0552083 0.1343750
3 0.6934896 0.3753906 0.0473958 0.0960938
5 0.5252604 0.5816406 0.0526042 0.1398437
0 0.6401042 0.3621094 0.0666667 0.1179687
2 0.6544271 0.3851562 0.0484375 0.1078125
5 0.5111979 0.6871094 0.0692708 0.1117188
3 0.6492187 0.2167969 0.0942708 0.0851563
3 0.5276042 0.3125000 0.0604167 0.1343750
3 0.4880208 0.7855469 0.0625000 0.1601562
5 0.7458333 0.6843750 0.1041667 0.0718750
2 0.5507812 0.2238281 0.0473958 0.1007813
1 0.7393229 0.5937500 0.0984375 0.0953125
1 0.6492187 0.6558594 0.0765625 0.0710937
1 0.3539062 0.5734375 0.0994792 0.0781250
3 0.5247396 0.7484375 0.0536458 0.0640625
1 0.4786458 0.6105469 0.0625000 0.0632812
5 0.5273438 0.4570312 0.0890625 0.0781250
1 0.3072917 0.7558594 0.0447917 0.1289062
2 0.5250000 0.4054687 0.0416667 0.1234375
2 0.4541667 0.5203125 0.0895833 0.0953125
2 0.6447917 0.6292969 0.0822917 0.0914062
0 0.5033854 0.6136719 0.0432292 0.1257813
5 0.5661458 0.6878906 0.0552083 0.0992187
5 0.6625000 0.6578125 0.0593750 0.0796875
8 0.7729167 0.4894531 0.1020833 0.1023437
9 0.4445312 0.8195313 0.0880208 0.1406250
9 0.5330729 0.8464844 0.0963542 0.1398437
10 0.3197917 0.1765625 0.0635417 0.1515625
6 0.5924479 0.2433594 0.0963542 0.0945312
