4 0.6554688 0.6464844 0.0848958 0.0835937
3 0.2505208 0.6382813 0.0489583 0.1359375
0 0.7250000 0.5812500 0.0927083 0.0781250
3 0.3723958 0.3132813 0.0458333 0.0796875
3 0.6742187 0.2820313 0.0505208 0.1125000
0 0.5664062 0.3589844 0.0494792 0.1039063
10 0.5653646 0.5972656 0.0776042 0.1382812
6 0.5393229 0.1632812 0.0651042 0.1093750
10 0.5656250 0.8109375 0.0833333 0.1468750
8 0.7117187 0.5394531 0.0682292 0.1195313
8 0.5635417 0.4890625 0.0968750 0.1250000
10 0.6473958 0.3980469 0.0666667 0.1320312
9 0.2700521 0.5996094 0.0755208 0.1070312
6 0.2671875 0.5683594 0.0645833 0.1070312
7 0.8286458 0.3410156 0.0895833 0.0851563
7 0.4424479 0.4179688 0.0609375 0.1078125
10 0.7148438 0.8074219 0.0838542 0.0882813
11 0.3052083 0.6445312 0.0645833 0.1171875
6 0.5828125 0.7019531 0.0781250 0.0773438
