4 0.5317708 0.4363281 0.0291667 0.0273438
2 0.5914063 0.7109375 0.0369792 0.0296875
1 0.5567708 0.3656250 0.0302083 0.0218750
3 0.6880208 0.5187500 0.0364583 0.0265625
3 0.4921875 0.6550781 0.0343750 0.0242188
5 0.4203125 0.8093750 0.0187500 0.0453125
2 0.3473958 0.4031250 0.0218750 0.0265625
0 0.4760417 0.3312500 0.0208333 0.0437500
0 0.3250000 0.7703125 0.0343750 0.0250000
5 0.4981771 0.7582031 0.0244792 0.0398437
0 0.7002604 0.4519531 0.0244792 0.0289063
4 0.5971354 0.6683594 0.0296875 0.0273438
4 0.6971354 0.2035156 0.0182292 0.0335937
5 0.5041667 0.2914062 0.0364583 0.0312500
5 0.4369792 0.9847656 0.0239583 0.0289063
4 0.3369792 0.2093750 0.0322917 0.0250000
2 0.4000000 0.8488281 0.0270833 0.0382813
5 0.6393229 0.2671875 0.0348958 0.0250000
2 0.6427083 0.7367187 0.0250000 0.0234375
4 0.3781250 0.5925781 0.0177083 0.0398437
2 0.7247396 0.7808594 0.0328125 0.0289063
1 0.5419271 0.7113281 0.0255208 0.0492187
3 0.3791667 0.0898438 0.0166667 0.0515625
5 0.5505208 0.1976563 0.0312500 0.0203125
2 0.3421875 0.8105469 0.0312500 0.0273438
0 0.2869792 0.3203125 0.0343750 0.0250000
1 0.3583333 0.7937500 0.0156250 0.0218750
1 0.4036458 0.5050781 0.0312500 0.0210938
5 0.5489583 0.8042969 0.0166667 0.0460938
4 0.4856771 0.5781250 0.0338542 0.0234375
3 0.3476562 0.5183594 0.0265625 0.0273438
2 0.5742188 0.3687500 0.0369792 0.0250000
5 0.5651042 0.6515625 0.0250000 0.0265625
3 0.4575521 0.2484375 0.0203125 0.0484375
5 0.4833333 0.4867187 0.0218750 0.0343750
1 0.3278646 0.6550781 0.0171875 0.0242188
5 0.4395833 0.3152344 0.0218750 0.0257812
2 0.6322917 0.3046875 0.0260417 0.0343750
4 0.5286458 0.2308594 0.0145833 0.0414062
3 0.2773438 0.5097656 0.0255208 0.0367188
4 0.5200521 0.6574219 0.0151042 0.0460938
0 0.5773438 0.6550781 0.0255208 0.0382813
5 0.5958333 0.4613281 0.0270833 0.0304687
4 0.4424479 0.4226563 0.0255208 0.0218750
1 0.6796875 0.5492187 0.0312500 0.0296875
1 0.6773438 0.4523437 0.0296875 0.0265625
4 0.6151042 0.3171875 0.0343750 0.0203125
3 0.4304688 0.6335937 0.0255208 0.0484375
1 0.5846354 0.6019531 0.0328125 0.0242188
4 0.6526042 0.7148438 0.0364583 0.0250000
3 0.4700521 0.4589844 0.0223958 0.0398437
2 0.2830729 0.4539063 0.0151042 0.0281250
1 0.5851563 0.3972656 0.0140625 0.0226562
0 0.5408854 0.7246094 0.0317708 0.0179687
1 0.6268229 0.2050781 0.0255208 0.0257812
3 0.5510417 0.6152344 0.0239583 0.0242188
3 0.5611979 0.6335937 0.0161458 0.0312500
0 0.6052083 0.2382812 0.0250000 0.0265625
2 0.6859375 0.4066406 0.0333333 0.0242188
4 0.5859375 0.6328125 0.0333333 0.0281250
4 0.7828125 0.7218750 0.0354167 0.0234375
0 0.6580729 0.4871094 0.0317708 0.0210938
1 0.5950521 0.8921875 0.0255208 0.0359375
2 0.6885417 0.4480469 0.0333333 0.0210938
5 0.3377604 0.7585937 0.0307292 0.0281250
3 0.5708333 0.7742187 0.0260417 0.0468750
3 0.5682292 0.7269531 0.0197917 0.0539063
0 0.2703125 0.4707031 0.0333333 0.0273438
9 0.7177083 0.6039062 0.0322917 0.0359375
10 0.5986979 0.5761719 0.0307292 0.0382813
11 0.5377604 0.1601562 0.0286458 0.0437500
11 0.5299479 0.3695312 0.0296875 0.0328125
8 0.4750000 0.6457031 0.0218750 0.0382813
6 0.3265625 0.5039062 0.0333333 0.0328125
9 0.4723958 0.1609375 0.0208333 0.0500000
8 0.4914062 0.2832031 0.0307292 0.0414062
9 0.3921875 0.5980469 0.0218750 0.0507812
7 0.5861979 0.6078125 0.0296875 0.0328125
