3 0.5526042 0.6039062 0.0156250 0.0421875
4 0.6729167 0.6261719 0.0156250 0.0320312
1 0.4929688 0.2871094 0.0140625 0.0367188
3 0.3994792 0.4007812 0.0156250 0.0453125
2 0.7250000 0.5894531 0.0166667 0.0445313
5 0.5859375 0.4921875 0.0208333 0.0359375
3 0.5434896 0.2511719 0.0255208 0.0195312
1 0.4335938 0.3546875 0.0223958 0.0421875
4 0.7666667 0.5257812 0.0166667 0.0421875
3 0.4039063 0.2621094 0.0192708 0.0304687
1 0.4554687 0.5402344 0.0161458 0.0320312
2 0.5867187 0.4699219 0.0276042 0.0289063
3 0.6804687 0.4800781 0.0328125 0.0242188
4 0.3419271 0.5242187 0.0130208 0.0281250
2 0.5804687 0.6871094 0.0213542 0.0351562
1 0.6523438 0.4105469 0.0276042 0.0179687
2 0.6986979 0.2046875 0.0296875 0.0203125
3 0.4906250 0.2160156 0.0135417 0.0257812
2 0.4763021 0.7078125 0.0140625 0.0421875
1 0.5190104 0.3992188 0.0140625 0.0406250
2 0.6018229 0.8597656 0.0286458 0.0210938
5 0.3700521 0.8523437 0.0140625 0.0421875
4 0.2812500 0.3007812 0.0302083 0.0203125
5 0.4539063 0.9312500 0.0234375 0.0250000
0 0.5458333 0.2117188 0.0197917 0.0250000
5 0.3002604 0.5515625 0.0265625 0.0265625
1 0.5513021 0.2203125 0.0213542 0.0296875
5 0.5773438 0.4601562 0.0234375 0.0218750
4 0.7375000 0.7714844 0.0218750 0.0398437
5 0.5531250 0.7742187 0.0291667 0.0218750
4 0.4997396 0.5652344 0.0140625 0.0429688
2 0.7023438 0.3519531 0.0203125 0.0351562
0 0.3744792 0.7218750 0.0260417 0.0218750
5 0.3598958 0.3316406 0.0114583 0.0382813
3 0.4705729 0.3699219 0.0192708 0.0367188
5 0.5820312 0.6207031 0.0130208 0.0273438
1 0.5359375 0.4203125 0.0270833 0.0218750
1 0.5101562 0.5816406 0.0234375 0.0382813
1 0.3929687 0.6062500 0.0255208 0.0312500
4 0.6096354 0.5304688 0.0276042 0.0156250
4 0.3736979 0.6722656 0.0182292 0.0210938
5 0.5919271 0.7210937 0.0161458 0.0421875
1 0.4377604 0.3339844 0.0182292 0.0398437
2 0.6062500 0.6960937 0.0291667 0.0250000
2 0.6148438 0.6902344 0.0182292 0.0414062
1 0.4356771 0.8332031 0.0203125 0.0210938
0 0.6026042 0.8187500 0.0145833 0.0218750
0 0.5148438 0.8714844 0.0140625 0.0445313
0 0.3992188 0.3378906 0.0182292 0.0367188
1 0.4846354 0.7648438 0.0182292 0.0218750
1 0.6135417 0.1898438 0.0135417 0.0421875
4 0.4718750 0.4796875 0.0239583 0.0265625
0 0.5000000 0.6050781 0.0156250 0.0398437
5 0.5252604 0.7789063 0.0296875 0.0218750
0 0.4846354 0.1589844 0.0276042 0.0242188
4 0.4604167 0.6996094 0.0291667 0.0242188
3 0.6388021 0.1890625 0.0161458 0.0468750
5 0.6908854 0.4742188 0.0234375 0.0406250
1 0.5096354 0.7535156 0.0140625 0.0414062
4 0.4656250 0.5832031 0.0229167 0.0179687
2 0.6247396 0.2574219 0.0265625 0.0242188
2 0.5731771 0.6718750 0.0276042 0.0281250
3 0.3627604 0.4710937 0.0296875 0.0218750
0 0.5596354 0.7910156 0.0307292 0.0210938
3 0.4640625 0.2585938 0.0197917 0.0234375
3 0.4533854 0.3160156 0.0213542 0.0195312
2 0.6450521 0.2027344 0.0276042 0.0273438
0 0.6341146 0.8324219 0.0286458 0.0242188
1 0.5007812 0.7371094 0.0151042 0.0226562
2 0.4562500 0.3195312 0.0312500 0.0234375
0 0.2875000 0.4386719 0.0250000 0.0320312
3 0.2716146 0.3886719 0.0130208 0.0195312
1 0.3971354 0.7316406 0.0161458 0.0351562
4 0.4078125 0.6839844 0.0302083 0.0195312
3 0.4604167 0.3097656 0.0197917 0.0210938
2 0.6036458 0.2550781 0.0270833 0.0335937
5 0.4950521 0.3882813 0.0276042 0.0203125
2 0.7864583 0.4023438 0.0229167 0.0390625
11 0.6869792 0.3035156 0.0177083 0.0414062
7 0.2895833 0.5050781 0.0260417 0.0273438
11 0.5005208 0.1593750 0.0250000 0.0312500
7 0.5166667 0.2316406 0.0239583 0.0367188
8 0.6221354 0.3269531 0.0296875 0.0304687
6 0.6765625 0.5562500 0.0239583 0.0390625
