3 0.5161458 0.1769531 0.0812500 0.0664062
5 0.5848958 0.4214844 0.0593750 0.0835937
0 0.5401042 0.5785156 0.0906250 0.0648438
0 0.3471354 0.5414062 0.0859375 0.1000000
3 0.3463542 0.5117188 0.0812500 0.0562500
2 0.6005208 0.4996094 0.0552083 0.1257813
2 0.7218750 0.4464844 0.0947917 0.0585938
5 0.6411458 0.4734375 0.0781250 0.0937500
1 0.5398437 0.8261719 0.0463542 0.0492187
2 0.6820312 0.1644531 0.0557292 0.1257813
3 0.5919271 0.2980469 0.0994792 0.0773438
4 0.3625000 0.3460937 0.0927083 0.0828125
4 0.3903646 0.3882813 0.0859375 0.0640625
3 0.3794271 0.5148438 0.0380208 0.1234375
4 0.6783854 0.2601562 0.0546875 0.1203125
5 0.3570313 0.3812500 0.0401042 0.0875000
3 0.4447917 0.1671875 0.0427083 0.0640625
0 0.5552083 0.5230469 0.1000000 0.0585938
1 0.5768229 0.6902344 0.0473958 0.0617188
2 0.5539063 0.7355469 0.0505208 0.0804688
2 0.5976562 0.2472656 0.0630208 0.1257813
5 0.7036458 0.4726562 0.0739583 0.0875000
4 0.4976563 0.2722656 0.0567708 0.0632812
4 0.3893229 0.3257813 0.0901042 0.0656250
4 0.3903646 0.2316406 0.0421875 0.1414063
5 0.6843750 0.7570313 0.0854167 0.0734375
4 0.3203125 0.4847656 0.0447917 0.1242188
0 0.4778646 0.6183594 0.0932292 0.0867187
0 0.4979167 0.4265625 0.0427083 0.1328125
0 0.3697917 0.4335938 0.0864583 0.0656250
2 0.7260417 0.5667969 0.0406250 0.1039063
3 0.4518229 0.7339844 0.0442708 0.1398437
3 0.7299479 0.4750000 0.0411458 0.0875000
2 0.2716146 0.2730469 0.0692708 0.1179687
0 0.5255208 0.2726562 0.0927083 0.0656250
4 0.4466146 0.6187500 0.0890625 0.0921875
4 0.4799479 0.4281250 0.0807292 0.0578125
0 0.4828125 0.3957031 0.0781250 0.0773438
4 0.5484375 0.6257812 0.0947917 0.0937500
1 0.7697917 0.6039062 0.0812500 0.0953125
2 0.6679688 0.7957031 0.0973958 0.0664062
4 0.4338542 0.2031250 0.0625000 0.0875000
2 0.6455729 0.7609375 0.0901042 0.0640625
3 0.3940104 0.6527344 0.0546875 0.1007813
5 0.4143229 0.1062500 0.0380208 0.0609375
0 0.7559896 0.4730469 0.0880208 0.0914062
5 0.7018229 0.6031250 0.0953125 0.0625000
3 0.6481771 0.6605469 0.0786458 0.0679687
1 0.5424479 0.9019531 0.0901042 0.0679687
1 0.5359375 0.2953125 0.0781250 0.0718750
5 0.6635417 0.5765625 0.0427083 0.0703125
4 0.6369792 0.6953125 0.0593750 0.1265625
2 0.7065104 0.6960937 0.0421875 0.1218750
3 0.4638021 0.5640625 0.0734375 0.0562500
3 0.7020833 0.9605469 0.0937500 0.0679687
5 0.5486979 0.8707031 0.0546875 0.0554687
1 0.3880208 0.0015625 0.0093750 0.0031250
5 0.5276042 0.1519531 0.0510417 0.1445312
5 0.4429688 0.4582031 0.0869792 0.1007813
3 0.6059896 0.3878906 0.0536458 0.0835937
5 0.2401042 0.3878906 0.0854167 0.0695313
5 0.6192708 0.5855469 0.0687500 0.1039063
1 0.3843750 0.8488281 0.0406250 0.1007813
0 0.5320312 0.5003906 0.0671875 0.0789062
3 0.4270833 0.7199219 0.0802083 0.0757812
3 0.5177083 0.8250000 0.0645833 0.0750000
2 0.5203125 0.6125000 0.0791667 0.0812500
5 0.5565104 0.7546875 0.0723958 0.0796875
4 0.4072917 0.7714844 0.0572917 0.1023437
5 0.4106771 0.6046875 0.0609375 0.0937500
3 0.3182292 0.6652344 0.0708333 0.0992187
1 0.5895833 0.5023437 0.0531250 0.1156250
1 0.7398438 0.4425781 0.0744792 0.1007813
5 0.4028646 0.3636719 0.0567708 0.0710937
1 0.6583333 0.3394531 0.0614583 0.0523438
1 0.4346354 0.3097656 0.0473958 0.1414063
1 0.3450521 0.0933594 0.0515625 0.1351563
4 0.3903646 0.5632812 0.0380208 0.0921875
5 0.6919271 0.3234375 0.0484375 0.1109375
11 0.4533854 0.5039062 0.0598958 0.1171875
9 0.6250000 0.1785156 0.0781250 0.1117188
10 0.5877604 0.7667969 0.0640625 0.0804688
8 0.7309896 0.7019531 0.0828125 0.0820312
9 0.2997396 0.6546875 0.0640625 0.0781250
