4 0.5010417 0.2621094 0.0145833 0.0382813
4 0.6627604 0.5523438 0.0234375 0.0140625
2 0.5614583 0.4523437 0.0239583 0.0281250
2 0.6492187 0.4402344 0.0182292 0.0226562
5 0.3140625 0.5984375 0.0250000 0.0203125
4 0.4263021 0.6367188 0.0234375 0.0187500
1 0.4171875 0.2289063 0.0208333 0.0296875
2 0.6903646 0.4851563 0.0255208 0.0234375
5 0.4559896 0.5585938 0.0140625 0.0203125
2 0.3716146 0.7242188 0.0130208 0.0390625
5 0.5242187 0.3628906 0.0265625 0.0179687
5 0.5606771 0.8105469 0.0255208 0.0179687
0 0.6375000 0.8464844 0.0125000 0.0398437
1 0.5731771 0.8265625 0.0244792 0.0156250
1 0.5205729 0.2679687 0.0161458 0.0203125
4 0.4929688 0.8128906 0.0119792 0.0382813
0 0.6609375 0.6753906 0.0135417 0.0382813
3 0.3296875 0.2968750 0.0125000 0.0296875
0 0.2914062 0.3539062 0.0265625 0.0203125
5 0.4565104 0.6703125 0.0171875 0.0234375
3 0.4471354 0.4046875 0.0255208 0.0203125
5 0.6145833 0.2804687 0.0270833 0.0187500
5 0.5656250 0.4082031 0.0187500 0.0273438
3 0.6916667 0.2566406 0.0125000 0.0257812
0 0.5294271 0.3117187 0.0192708 0.0312500
5 0.4752604 0.2761719 0.0151042 0.0351562
0 0.6859375 0.4199219 0.0208333 0.0226562
3 0.6153646 0.6457031 0.0265625 0.0195312
5 0.5578125 0.6070313 0.0135417 0.0296875
5 0.6265625 0.5269531 0.0291667 0.0210938
0 0.5833333 0.7371094 0.0114583 0.0179687
1 0.4523437 0.2046875 0.0192708 0.0296875
0 0.3632812 0.1773437 0.0244792 0.0203125
8 0.5270833 0.7539062 0.0239583 0.0281250
