4 0.4223958 0.5445313 0.0156250 0.0281250
2 0.6835938 0.2632813 0.0213542 0.0312500
3 0.5195312 0.5281250 0.0276042 0.0390625
2 0.6533854 0.3179688 0.0213542 0.0406250
0 0.5940104 0.5128906 0.0276042 0.0226562
1 0.6096354 0.3800781 0.0203125 0.0414062
5 0.4343750 0.5054688 0.0322917 0.0296875
1 0.5656250 0.0503906 0.0322917 0.0242188
4 0.5466146 0.4031250 0.0276042 0.0406250
4 0.3455729 0.2488281 0.0130208 0.0476562
2 0.3252604 0.5320312 0.0276042 0.0281250
3 0.5869792 0.9421875 0.0166667 0.0468750
0 0.5729167 0.4613281 0.0166667 0.0445313
0 0.6494792 0.6988281 0.0322917 0.0257812
0 0.4768229 0.5878906 0.0255208 0.0242188
0 0.2541667 0.4308594 0.0250000 0.0414062
1 0.4859375 0.3671875 0.0302083 0.0218750
5 0.3375000 0.5820312 0.0208333 0.0390625
6 0.3377604 0.7500000 0.0182292 0.0421875
6 0.3130208 0.4343750 0.0281250 0.0421875
6 0.5934896 0.4386719 0.0296875 0.0382813
8 0.4276042 0.4566406 0.0333333 0.0398437
11 0.6507812 0.7363281 0.0286458 0.0304687
11 0.6580729 0.2066406 0.0307292 0.0289063
8 0.3276042 0.4726562 0.0197917 0.0437500
8 0.3260417 0.3226562 0.0197917 0.0468750
7 0.2695312 0.7007813 0.0203125 0.0453125
7 0.7513021 0.5195312 0.0296875 0.0359375
10 0.4507813 0.9882812 0.0192708 0.0218750
9 0.7760417 0.4597656 0.0197917 0.0398437
9 0.5617188 0.7851562 0.0317708 0.0406250
