3 0.4640625 0.8226562 0.0583333 0.1312500
1 0.5531250 0.7281250 0.0833333 0.0687500
1 0.5963542 0.4468750 0.0625000 0.0796875
0 0.4580729 0.9035156 0.0765625 0.0726563
1 0.7203125 0.4644531 0.0875000 0.0570312
0 0.5057292 0.2171875 0.0656250 0.0875000
2 0.4684896 0.8210937 0.0411458 0.0781250
1 0.4513021 0.4980469 0.0598958 0.0726563
3 0.3661458 0.6511719 0.0468750 0.1398437
2 0.6296875 0.1718750 0.0885417 0.0625000
0 0.5908854 0.3750000 0.0786458 0.0718750
3 0.4533854 0.5480469 0.0619792 0.1007813
3 0.5677083 0.6667969 0.0552083 0.1054688
3 0.3640625 0.5132813 0.0958333 0.0890625
2 0.3192708 0.5734375 0.0864583 0.0609375
3 0.6234375 0.9074219 0.0875000 0.0757812
5 0.5385417 0.5292969 0.0687500 0.1195313
1 0.4971354 0.7757812 0.0859375 0.0796875
5 0.5880208 0.2867188 0.0833333 0.0671875
3 0.7539062 0.7085938 0.0505208 0.1453125
0 0.6848958 0.6375000 0.0645833 0.1093750
4 0.4346354 0.3093750 0.0973958 0.0640625
1 0.6619792 0.2917969 0.0854167 0.0585938
1 0.3484375 0.3867188 0.0708333 0.0734375
3 0.2968750 0.6406250 0.0416667 0.0718750
2 0.7242188 0.2777344 0.0651042 0.1023437
1 0.4252604 0.2832031 0.0432292 0.0710937
2 0.4101562 0.4996094 0.0484375 0.0679687
1 0.4411458 0.1558594 0.0687500 0.1007813
3 0.4580729 0.8019531 0.0463542 0.1117188
11 0.3833333 0.4609375 0.0916667 0.0890625
11 0.7690104 0.5703125 0.0890625 0.0875000
6 0.4968750 0.8898438 0.0822917 0.1359375
11 0.6619792 0.4796875 0.0791667 0.0859375
9 0.4312500 0.3867188 0.0802083 0.0828125
10 0.5867187 0.1015625 0.0723958 0.0812500
8 0.5130208 0.4507813 0.0635417 0.0750000
