4 0.4489583 0.1960938 0.0375000 0.0593750
2 0.5497396 0.8210937 0.0484375 0.0578125
1 0.3968750 0.4718750 0.0427083 0.0453125
5 0.6536458 0.6605469 0.0572917 0.0429688
3 0.7015625 0.7945313 0.0541667 0.0468750
1 0.7229167 0.5375000 0.0531250 0.0578125
0 0.6247396 0.5730469 0.0630208 0.0507812
3 0.3380208 0.1242188 0.0375000 0.0843750
0 0.6111979 0.1601562 0.0432292 0.0812500
4 0.4799479 0.6886719 0.0536458 0.0460938
3 0.8059896 0.4800781 0.0557292 0.0460938
1 0.4401042 0.3734375 0.0614583 0.0578125
3 0.6427083 0.6820312 0.0541667 0.0328125
1 0.7666667 0.7746094 0.0343750 0.0648438
5 0.4757812 0.4558594 0.0359375 0.0851563
1 0.6026042 0.6378906 0.0333333 0.0742188
4 0.4669271 0.4878906 0.0317708 0.0585938
4 0.4195313 0.7351562 0.0286458 0.0484375
2 0.4348958 0.6199219 0.0447917 0.0429688
0 0.5942708 0.4144531 0.0375000 0.0507812
0 0.6934896 0.5332031 0.0588542 0.0367188
0 0.5276042 0.7082031 0.0260417 0.0820312
5 0.6643229 0.3937500 0.0619792 0.0375000
5 0.3322917 0.4207031 0.0333333 0.0585938
1 0.6877604 0.5871094 0.0505208 0.0367188
1 0.4549479 0.5074219 0.0328125 0.0789062
5 0.6947917 0.3187500 0.0572917 0.0531250
0 0.6065104 0.6074219 0.0526042 0.0414062
5 0.3531250 0.1476562 0.0395833 0.0468750
1 0.5630208 0.6664062 0.0437500 0.0609375
5 0.5083333 0.8601562 0.0333333 0.0843750
1 0.3354167 0.7410156 0.0510417 0.0351562
4 0.3546875 0.6019531 0.0520833 0.0554687
2 0.7122396 0.3125000 0.0359375 0.0859375
1 0.5466146 0.3460937 0.0348958 0.0750000
2 0.6414062 0.5855469 0.0526042 0.0382813
1 0.3695312 0.8300781 0.0453125 0.0726563
5 0.7539062 0.2917969 0.0328125 0.0648438
5 0.4934896 0.4808594 0.0328125 0.0804688
4 0.4294271 0.4394531 0.0505208 0.0320312
0 0.4356771 0.4054687 0.0473958 0.0484375
2 0.2533854 0.5652344 0.0296875 0.0929688
3 0.5453125 0.6554688 0.0364583 0.0531250
4 0.4640625 0.4730469 0.0343750 0.0585938
0 0.3734375 0.3054688 0.0447917 0.0562500
2 0.4268229 0.3058594 0.0536458 0.0445313
0 0.6002604 0.2750000 0.0390625 0.0593750
1 0.5091146 0.4425781 0.0442708 0.0445313
0 0.3885417 0.3937500 0.0375000 0.0578125
2 0.4054687 0.0011719 0.0088542 0.0023437
1 0.4419271 0.7265625 0.0401042 0.0843750
5 0.7255208 0.4507813 0.0531250 0.0656250
2 0.5708333 0.1660156 0.0583333 0.0351562
2 0.5721354 0.5722656 0.0546875 0.0414062
1 0.5497396 0.4566406 0.0317708 0.0445313
2 0.6143229 0.6992188 0.0359375 0.0765625
7 0.5153646 0.3082031 0.0494792 0.0523438
11 0.4692708 0.7226562 0.0343750 0.0671875
11 0.3968750 0.2304688 0.0500000 0.0828125
11 0.5966146 0.1144531 0.0494792 0.0523438
11 0.7169271 0.3156250 0.0515625 0.0609375
8 0.2307292 0.4550781 0.0541667 0.0523438
6 0.4151042 0.4878906 0.0489583 0.0492187
6 0.4966146 0.6437500 0.0567708 0.0843750
10 0.4739583 0.5027344 0.0364583 0.0773438
6 0.7354167 0.6191406 0.0541667 0.0523438
