2 0.5955729 0.4574219 0.0307292 0.0429688
0 0.5325521 0.8937500 0.0421875 0.0578125
5 0.6523438 0.6968750 0.0286458 0.0718750
3 0.5635417 0.6609375 0.0479167 0.0281250
5 0.6463542 0.4074219 0.0427083 0.0476562
1 0.6234375 0.4316406 0.0489583 0.0398437
1 0.4625000 0.5433594 0.0250000 0.0539063
1 0.6296875 0.1785156 0.0416667 0.0367188
2 0.5013021 0.5937500 0.0338542 0.0546875
1 0.6453125 0.3468750 0.0468750 0.0296875
3 0.5945312 0.3718750 0.0307292 0.0765625
5 0.4572917 0.6503906 0.0489583 0.0398437
2 0.6510417 0.8003906 0.0479167 0.0289063
1 0.6914062 0.6097656 0.0276042 0.0742188
3 0.7479167 0.1820313 0.0468750 0.0375000
3 0.4471354 0.4058594 0.0453125 0.0492187
5 0.2395833 0.7726563 0.0458333 0.0375000
4 0.5072917 0.4777344 0.0427083 0.0382813
0 0.5289063 0.2269531 0.0484375 0.0320312
2 0.6895833 0.6230469 0.0333333 0.0523438
3 0.5260417 0.6824219 0.0343750 0.0476562
2 0.4794271 0.3386719 0.0432292 0.0367188
4 0.4111979 0.2128906 0.0265625 0.0679687
2 0.5822917 0.9023438 0.0260417 0.0406250
1 0.4906250 0.4980469 0.0395833 0.0460938
0 0.6601562 0.2246094 0.0494792 0.0367188
5 0.6122396 0.6140625 0.0557292 0.0375000
3 0.7039062 0.6093750 0.0432292 0.0656250
3 0.2578125 0.6867188 0.0510417 0.0406250
5 0.5716146 0.7593750 0.0484375 0.0562500
4 0.7023438 0.2164062 0.0484375 0.0390625
5 0.5286458 0.1699219 0.0510417 0.0414062
4 0.4661458 0.2937500 0.0250000 0.0765625
2 0.5335937 0.6269531 0.0369792 0.0445313
4 0.5302083 0.2832031 0.0468750 0.0554687
1 0.4934896 0.7164063 0.0494792 0.0359375
3 0.6494792 0.3839844 0.0260417 0.0742188
2 0.3950521 0.6101562 0.0265625 0.0578125
0 0.3692708 0.6773438 0.0510417 0.0359375
5 0.5093750 0.2539062 0.0281250 0.0546875
1 0.5966146 0.1664063 0.0411458 0.0562500
2 0.7419271 0.5843750 0.0453125 0.0609375
0 0.2934896 0.4824219 0.0432292 0.0382813
5 0.2994792 0.4699219 0.0479167 0.0398437
3 0.5429688 0.7664062 0.0286458 0.0453125
5 0.4335938 0.3312500 0.0369792 0.0312500
5 0.4815104 0.2449219 0.0348958 0.0664062
4 0.6497396 0.3511719 0.0432292 0.0382813
2 0.5802083 0.1226562 0.0395833 0.0625000
5 0.4372396 0.5910156 0.0494792 0.0398437
4 0.6091146 0.7062500 0.0463542 0.0484375
0 0.5906250 0.5785156 0.0510417 0.0585938
3 0.6622396 0.5328125 0.0526042 0.0390625
1 0.4333333 0.5144531 0.0322917 0.0429688
0 0.6674479 0.5718750 0.0359375 0.0609375
2 0.4002604 0.7722656 0.0348958 0.0757812
4 0.2447917 0.5746094 0.0489583 0.0398437
5 0.7445312 0.3496094 0.0276042 0.0382813
3 0.7130208 0.5726562 0.0479167 0.0515625
4 0.6161458 0.5773438 0.0239583 0.0687500
3 0.3486979 0.5691406 0.0296875 0.0507812
5 0.4424479 0.1804688 0.0317708 0.0421875
2 0.2851562 0.6195312 0.0442708 0.0359375
3 0.5486979 0.6500000 0.0213542 0.0375000
0 0.3651042 0.7882813 0.0489583 0.0312500
0 0.5466146 0.1707031 0.0307292 0.0648438
10 0.6513021 0.3289063 0.0505208 0.0484375
11 0.6684896 0.5851563 0.0442708 0.0703125
6 0.5570312 0.5351562 0.0421875 0.0718750
7 0.4473958 0.2957031 0.0343750 0.0476562
10 0.4145833 0.2339844 0.0458333 0.0445313
8 0.5822917 0.6656250 0.0500000 0.0640625
9 0.6013021 0.5074219 0.0432292 0.0492187
11 0.5085937 0.5671875 0.0338542 0.0484375
6 0.4119792 0.2632813 0.0458333 0.0546875
