4 0.4880208 0.7066406 0.0364583 0.0257812
0 0.4825521 0.4250000 0.0255208 0.0234375
2 0.5385417 0.3378906 0.0187500 0.0476562
0 0.6156250 0.1390625 0.0281250 0.0421875
4 0.4757812 0.2984375 0.0182292 0.0531250
2 0.4934896 0.4375000 0.0244792 0.0281250
2 0.4528646 0.3695312 0.0203125 0.0484375
1 0.4380208 0.1894531 0.0354167 0.0304687
0 0.6645833 0.6703125 0.0343750 0.0218750
0 0.7270833 0.1027344 0.0375000 0.0242188
5 0.5789062 0.7472656 0.0348958 0.0273438
4 0.5343750 0.6664062 0.0302083 0.0390625
3 0.6585937 0.6515625 0.0338542 0.0328125
3 0.6403646 0.2160156 0.0171875 0.0507812
1 0.6200521 0.7910156 0.0338542 0.0304687
5 0.5729167 0.4863281 0.0197917 0.0320312
5 0.6151042 0.1546875 0.0218750 0.0515625
3 0.4729167 0.5089844 0.0312500 0.0289063
2 0.2864583 0.2417969 0.0197917 0.0351562
2 0.5812500 0.1304687 0.0208333 0.0546875
1 0.4226563 0.2335937 0.0182292 0.0500000
0 0.5841146 0.7250000 0.0213542 0.0515625
5 0.5229167 0.5402344 0.0322917 0.0257812
4 0.4846354 0.7730469 0.0255208 0.0335937
4 0.5710937 0.4472656 0.0328125 0.0226562
3 0.5778646 0.6242188 0.0338542 0.0328125
2 0.4820313 0.5871094 0.0265625 0.0273438
4 0.5122396 0.5402344 0.0161458 0.0539063
3 0.2903646 0.6234375 0.0369792 0.0359375
2 0.5033854 0.2832031 0.0244792 0.0445313
3 0.5031250 0.5890625 0.0333333 0.0250000
5 0.3679688 0.4730469 0.0348958 0.0320312
0 0.3486979 0.2660156 0.0171875 0.0320312
0 0.5854167 0.1714844 0.0177083 0.0492187
0 0.6502604 0.5273438 0.0328125 0.0234375
2 0.5679688 0.1929687 0.0338542 0.0234375
1 0.5614583 0.9195313 0.0166667 0.0500000
5 0.4281250 0.2781250 0.0229167 0.0421875
0 0.3440104 0.4078125 0.0171875 0.0484375
2 0.6393229 0.4597656 0.0182292 0.0414062
4 0.4880208 0.5843750 0.0229167 0.0281250
0 0.5432292 0.7648438 0.0322917 0.0265625
5 0.5807292 0.4976563 0.0385417 0.0328125
2 0.5846354 0.6191406 0.0328125 0.0257812
1 0.3421875 0.6199219 0.0166667 0.0257812
5 0.4533854 0.2664063 0.0265625 0.0468750
0 0.4250000 0.5406250 0.0197917 0.0265625
4 0.5356771 0.3667969 0.0296875 0.0320312
0 0.3716146 0.6355469 0.0265625 0.0257812
5 0.4531250 0.7179688 0.0333333 0.0234375
0 0.5781250 0.3644531 0.0229167 0.0367188
1 0.5604167 0.2437500 0.0322917 0.0218750
0 0.5734375 0.2523437 0.0343750 0.0359375
0 0.6848958 0.8296875 0.0270833 0.0328125
0 0.6875000 0.1621094 0.0354167 0.0257812
4 0.6135417 0.7351562 0.0291667 0.0421875
5 0.5351562 0.0902344 0.0234375 0.0414062
0 0.6604167 0.6976562 0.0333333 0.0375000
0 0.5955729 0.8160156 0.0348958 0.0226562
5 0.6750000 0.6683594 0.0322917 0.0242188
2 0.6773438 0.1894531 0.0130208 0.0335937
0 0.4919271 0.4578125 0.0328125 0.0343750
5 0.5958333 0.4335938 0.0270833 0.0421875
5 0.7059896 0.6910156 0.0203125 0.0507812
2 0.6218750 0.2910156 0.0354167 0.0257812
6 0.4736979 0.5691406 0.0244792 0.0304687
9 0.5153646 0.7921875 0.0328125 0.0328125
11 0.6908854 0.4500000 0.0348958 0.0343750
8 0.4739583 0.6414062 0.0281250 0.0484375
