4 0.7541667 0.5238281 0.0458333 0.0335937
5 0.4031250 0.2582031 0.0291667 0.0695313
1 0.5825521 0.7671875 0.0453125 0.0296875
2 0.2729167 0.5308594 0.0500000 0.0445313
0 0.3450521 0.6761719 0.0390625 0.0648438
5 0.3953125 0.3070312 0.0427083 0.0328125
5 0.4216146 0.5332031 0.0432292 0.0585938
1 0.6210938 0.7390625 0.0317708 0.0546875
3 0.3645833 0.3703125 0.0260417 0.0750000
5 0.5791667 0.3269531 0.0479167 0.0367188
5 0.2872396 0.4593750 0.0453125 0.0484375
3 0.3966146 0.4207031 0.0296875 0.0320312
2 0.5679688 0.6347656 0.0494792 0.0476562
0 0.6453125 0.5375000 0.0322917 0.0500000
5 0.6307292 0.3355469 0.0427083 0.0382813
5 0.2083333 0.5976562 0.0354167 0.0375000
4 0.6575521 0.4976563 0.0463542 0.0328125
1 0.4210937 0.3617187 0.0338542 0.0703125
4 0.4010417 0.2796875 0.0333333 0.0656250
0 0.2666667 0.6562500 0.0531250 0.0296875
1 0.4966146 0.6402344 0.0307292 0.0773438
2 0.5502604 0.4007812 0.0338542 0.0375000
4 0.4953125 0.7507812 0.0458333 0.0343750
11 0.4171875 0.5984375 0.0479167 0.0625000
6 0.4049479 0.7207031 0.0286458 0.0601563
7 0.5869792 0.7082031 0.0458333 0.0476562
10 0.6125000 0.4398437 0.0458333 0.0437500
6 0.5252604 0.7289062 0.0390625 0.0562500
11 0.5458333 0.7214844 0.0364583 0.0679687
8 0.5531250 0.8734375 0.0375000 0.0625000
6 0.5710937 0.4648438 0.0473958 0.0531250
9 0.7192708 0.3917969 0.0458333 0.0445313
8 0.7593750 0.4136719 0.0437500 0.0695313
8 0.5440104 0.2441406 0.0390625 0.0460938
7 0.5794271 0.4136719 0.0401042 0.0695313
8 0.5338542 0.8128906 0.0395833 0.0476562
8 0.6015625 0.7515625 0.0281250 0.0656250
