2 0.5338542 0.6453125 0.0187500 0.0250000
0 0.6000000 0.2156250 0.0354167 0.0390625
0 0.3549479 0.2628906 0.0182292 0.0570312
2 0.5190104 0.6335937 0.0213542 0.0296875
0 0.7049479 0.3125000 0.0369792 0.0265625
3 0.7177083 0.5640625 0.0406250 0.0343750
4 0.6143229 0.4667969 0.0401042 0.0273438
0 0.5320312 0.2738281 0.0223958 0.0585938
1 0.6221354 0.2582031 0.0182292 0.0226562
0 0.4403646 0.4472656 0.0140625 0.0320312
0 0.4406250 0.7550781 0.0197917 0.0523438
5 0.4947917 0.1730469 0.0375000 0.0304687
5 0.2718750 0.4804688 0.0395833 0.0281250
3 0.7101563 0.2457031 0.0328125 0.0382813
4 0.6486979 0.3281250 0.0328125 0.0265625
1 0.7216146 0.6253906 0.0359375 0.0273438
2 0.6690104 0.7773438 0.0380208 0.0250000
2 0.5861979 0.8835937 0.0401042 0.0265625
3 0.6281250 0.4625000 0.0208333 0.0484375
2 0.4320312 0.2359375 0.0348958 0.0359375
1 0.7429687 0.3464844 0.0307292 0.0445313
1 0.3958333 0.2210938 0.0333333 0.0453125
5 0.6184896 0.1351563 0.0203125 0.0500000
1 0.6015625 0.7660156 0.0197917 0.0554687
1 0.3411458 0.2003906 0.0343750 0.0289063
1 0.5627604 0.1917969 0.0390625 0.0273438
1 0.2132813 0.2785156 0.0390625 0.0335937
2 0.6424479 0.3519531 0.0369792 0.0320312
1 0.4763021 0.3578125 0.0213542 0.0328125
2 0.5726562 0.3871094 0.0380208 0.0273438
2 0.6398438 0.6968750 0.0401042 0.0296875
5 0.6942708 0.5449219 0.0406250 0.0382813
5 0.2867188 0.6007813 0.0182292 0.0515625
1 0.5429688 0.5355469 0.0369792 0.0289063
5 0.4783854 0.4640625 0.0213542 0.0375000
4 0.6250000 0.4394531 0.0333333 0.0351562
1 0.4273438 0.6585937 0.0192708 0.0593750
9 0.2645833 0.4117188 0.0354167 0.0500000
11 0.3239583 0.3011719 0.0322917 0.0398437
10 0.4682292 0.4156250 0.0333333 0.0453125
11 0.4835937 0.2375000 0.0223958 0.0531250
8 0.3177083 0.2539062 0.0385417 0.0468750
