4 0.6630208 0.2285156 0.0333333 0.1164063
5 0.3013021 0.8261719 0.0369792 0.1210938
4 0.6145833 0.2375000 0.0479167 0.0625000
5 0.6484375 0.0949219 0.0427083 0.1023437
0 0.5695313 0.5515625 0.0796875 0.0671875
2 0.3645833 0.8238281 0.0333333 0.0648438
4 0.4078125 0.4238281 0.0854167 0.0632812
2 0.3835938 0.4210937 0.0473958 0.1140625
4 0.6661458 0.7738281 0.0750000 0.0507812
3 0.4210937 0.1093750 0.0630208 0.0937500
5 0.4302083 0.3421875 0.0416667 0.0671875
2 0.7828125 0.4468750 0.0666667 0.0953125
1 0.2763021 0.4660156 0.0588542 0.1085938
5 0.5872396 0.5804687 0.0703125 0.0625000
2 0.4494792 0.5710937 0.0677083 0.0546875
0 0.4825521 0.2507813 0.0744792 0.0859375
2 0.5406250 0.0417969 0.0479167 0.0835937
1 0.3739583 0.6984375 0.0531250 0.0640625
0 0.5440104 0.3917969 0.0494792 0.0539063
5 0.5669271 0.5269531 0.0411458 0.0585938
0 0.4648438 0.1687500 0.0421875 0.0500000
5 0.5484375 0.3417969 0.0541667 0.0820312
5 0.4317708 0.7808594 0.0468750 0.0992187
3 0.5593750 0.2437500 0.0760417 0.0484375
3 0.4934896 0.6945313 0.0432292 0.0515625
5 0.5656250 0.6054688 0.0416667 0.0593750
5 0.4807292 0.8628906 0.0270833 0.1117188
3 0.3197917 0.6558594 0.0489583 0.0742188
2 0.4846354 0.6679688 0.0744792 0.0625000
3 0.4059896 0.6671875 0.0390625 0.1203125
4 0.4354167 0.6281250 0.0479167 0.1125000
2 0.5059896 0.2425781 0.0390625 0.1085938
4 0.3697917 0.6257812 0.0645833 0.0531250
3 0.4648438 0.5238281 0.0630208 0.0617188
0 0.6455729 0.6222656 0.0463542 0.0601563
4 0.5067708 0.1945312 0.0687500 0.0484375
4 0.5773438 0.3757813 0.0359375 0.1109375
4 0.4145833 0.1652344 0.0385417 0.1304687
4 0.2908854 0.3292969 0.0484375 0.0914062
4 0.5989583 0.3281250 0.0729167 0.0515625
0 0.6114583 0.7292969 0.0479167 0.0773438
2 0.3453125 0.3347656 0.0385417 0.0867187
3 0.5351562 0.5734375 0.0432292 0.0734375
0 0.4447917 0.2339844 0.0531250 0.1117188
5 0.4632812 0.6847656 0.0432292 0.1148437
4 0.6098958 0.6625000 0.0770833 0.0546875
2 0.6328125 0.0792969 0.0770833 0.0554687
2 0.4565104 0.1093750 0.0442708 0.1156250
2 0.3015625 0.3109375 0.0427083 0.0640625
1 0.4812500 0.5914063 0.0468750 0.1000000
3 0.7078125 0.2074219 0.0500000 0.1226562
0 0.7473958 0.3187500 0.0750000 0.0531250
5 0.4036458 0.2492187 0.0718750 0.0453125
4 0.3111979 0.2734375 0.0505208 0.0718750
5 0.4445312 0.3992188 0.0786458 0.0593750
2 0.3559896 0.3183594 0.0671875 0.0726563
6 0.7135417 0.5128906 0.0729167 0.0726563
6 0.2739583 0.8730469 0.0708333 0.0710937
