2 0.3838542 0.5167969 0.0437500 0.0929688
0 0.2945313 0.3101563 0.0713542 0.0484375
3 0.5763021 0.1636719 0.0317708 0.0992187
5 0.4872396 0.3609375 0.0359375 0.1171875
0 0.5361979 0.4976563 0.0755208 0.0593750
1 0.4705729 0.2105469 0.0453125 0.0960938
0 0.5354167 0.7167969 0.0510417 0.0664062
1 0.3341146 0.8296875 0.0734375 0.0531250
2 0.5307292 0.4609375 0.0354167 0.0968750
5 0.7200521 0.4691406 0.0432292 0.0929688
1 0.6734375 0.4851563 0.0572917 0.0421875
0 0.3833333 0.7144531 0.0406250 0.1132812
1 0.7216146 0.3703125 0.0369792 0.0953125
4 0.3859375 0.1371094 0.0416667 0.0695313
2 0.3203125 0.1906250 0.0739583 0.0500000
2 0.3023438 0.7109375 0.0630208 0.0500000
5 0.5869792 0.3242188 0.0645833 0.0453125
3 0.6395833 0.0816406 0.0656250 0.0601563
5 0.3200521 0.5070313 0.0286458 0.0546875
2 0.6218750 0.3625000 0.0593750 0.0718750
1 0.6190104 0.5843750 0.0369792 0.0578125
5 0.3210938 0.4230469 0.0390625 0.0507812
2 0.5153646 0.8769531 0.0546875 0.0882813
1 0.3117187 0.6593750 0.0338542 0.0953125
3 0.7630208 0.5781250 0.0677083 0.0531250
5 0.4752604 0.1277344 0.0630208 0.0742188
5 0.5049479 0.6863281 0.0744792 0.0539063
0 0.4736979 0.4316406 0.0411458 0.0726563
0 0.5893229 0.9503906 0.0744792 0.0617188
1 0.6882812 0.7460938 0.0744792 0.0656250
4 0.3247396 0.4617188 0.0265625 0.0500000
4 0.6432292 0.4906250 0.0593750 0.0421875
3 0.4880208 0.8734375 0.0697917 0.0515625
5 0.3565104 0.3285156 0.0692708 0.0601563
3 0.5825521 0.4000000 0.0703125 0.0468750
4 0.5848958 0.4546875 0.0656250 0.0703125
5 0.4507813 0.8316406 0.0317708 0.0429688
1 0.5351562 0.8003906 0.0515625 0.1039063
2 0.6195312 0.5382813 0.0671875 0.0562500
3 0.3700521 0.7335938 0.0328125 0.0546875
4 0.4515625 0.7347656 0.0395833 0.0539063
0 0.5546875 0.4726562 0.0333333 0.0984375
0 0.6911458 0.8242188 0.0687500 0.0500000
0 0.3164062 0.8593750 0.0411458 0.0953125
3 0.4864583 0.2398437 0.0458333 0.0781250
3 0.5354167 0.5074219 0.0614583 0.0789062
2 0.4307292 0.2980469 0.0520833 0.0710937
4 0.4966146 0.3230469 0.0651042 0.0445313
5 0.4322917 0.5535156 0.0312500 0.0632812
5 0.4723958 0.6468750 0.0479167 0.1000000
1 0.4065104 0.3156250 0.0421875 0.0921875
0 0.5929688 0.7382812 0.0380208 0.1171875
0 0.3609375 0.2683594 0.0468750 0.0679687
2 0.6460938 0.4089844 0.0411458 0.0882813
1 0.3148437 0.6089844 0.0703125 0.0617188
1 0.4184896 0.3031250 0.0505208 0.0906250
2 0.4859375 0.6199219 0.0427083 0.0554687
5 0.5729167 0.3554688 0.0458333 0.0703125
2 0.7458333 0.7632813 0.0677083 0.0500000
1 0.6611979 0.5156250 0.0765625 0.0703125
0 0.4231771 0.8464844 0.0359375 0.0851563
5 0.6804687 0.6996094 0.0671875 0.0585938
5 0.7018229 0.3386719 0.0713542 0.0445313
3 0.2596354 0.4246094 0.0494792 0.0773438
3 0.5200521 0.2425781 0.0713542 0.0507812
2 0.3979167 0.2417969 0.0750000 0.0523438
4 0.5565104 0.7226562 0.0578125 0.0671875
5 0.4601562 0.7210937 0.0671875 0.0500000
3 0.5973958 0.7859375 0.0479167 0.0984375
0 0.4752604 0.6234375 0.0421875 0.0703125
1 0.6755208 0.5203125 0.0687500 0.0500000
10 0.4950521 0.7867188 0.0473958 0.0671875
11 0.2752604 0.3453125 0.0432292 0.0984375
7 0.3781250 0.3656250 0.0656250 0.0875000
11 0.5651042 0.6441406 0.0447917 0.0679687
