5 0.7002604 0.4066406 0.0213542 0.0648438
0 0.4497396 0.2378906 0.0255208 0.0570312
4 0.6588542 0.3843750 0.0343750 0.0500000
3 0.6429687 0.6617188 0.0390625 0.0250000
3 0.5002604 0.7058594 0.0328125 0.0351562
1 0.3236979 0.4496094 0.0421875 0.0414062
5 0.2341146 0.5597656 0.0296875 0.0476562
0 0.5333333 0.2800781 0.0406250 0.0382813
2 0.7109375 0.1300781 0.0364583 0.0320312
5 0.5856771 0.5695313 0.0380208 0.0437500
1 0.6083333 0.7265625 0.0208333 0.0656250
5 0.7377604 0.4597656 0.0380208 0.0257812
2 0.4830729 0.5789062 0.0234375 0.0343750
0 0.3875000 0.2531250 0.0177083 0.0578125
5 0.5096354 0.1933594 0.0276042 0.0492187
0 0.4085937 0.7828125 0.0276042 0.0453125
5 0.6182292 0.5972656 0.0333333 0.0398437
5 0.6505208 0.1687500 0.0239583 0.0625000
3 0.2572917 0.7484375 0.0427083 0.0343750
4 0.5164062 0.4453125 0.0234375 0.0406250
1 0.4906250 0.8886719 0.0416667 0.0304687
5 0.3833333 0.3742187 0.0281250 0.0359375
1 0.5427083 0.3964844 0.0260417 0.0539063
3 0.3031250 0.5390625 0.0385417 0.0281250
3 0.6359375 0.7511719 0.0395833 0.0320312
4 0.4161458 0.7761719 0.0197917 0.0476562
2 0.5627604 0.3128906 0.0359375 0.0257812
1 0.2893229 0.3441406 0.0182292 0.0507812
5 0.4921875 0.5593750 0.0177083 0.0234375
5 0.6632813 0.4765625 0.0453125 0.0281250
4 0.3395833 0.6355469 0.0343750 0.0476562
0 0.2627604 0.5808594 0.0411458 0.0335937
0 0.7010417 0.5542969 0.0208333 0.0585938
5 0.2598958 0.5941406 0.0406250 0.0320312
1 0.4033854 0.1671875 0.0203125 0.0671875
5 0.6479167 0.2472656 0.0281250 0.0554687
1 0.4528646 0.7812500 0.0255208 0.0468750
2 0.3955729 0.6101562 0.0265625 0.0234375
3 0.5703125 0.2316406 0.0395833 0.0320312
3 0.5575521 0.2113281 0.0307292 0.0601563
2 0.4281250 0.3359375 0.0395833 0.0453125
2 0.5203125 0.6863281 0.0208333 0.0523438
5 0.6453125 0.4976563 0.0406250 0.0296875
5 0.5932292 0.8550781 0.0354167 0.0507812
3 0.4270833 0.6964844 0.0447917 0.0351562
5 0.2671875 0.8074219 0.0218750 0.0585938
0 0.3992188 0.7234375 0.0401042 0.0265625
4 0.4729167 0.5960937 0.0281250 0.0296875
0 0.5929688 0.2578125 0.0213542 0.0375000
2 0.2635417 0.6093750 0.0177083 0.0625000
3 0.3700521 0.8980469 0.0348958 0.0523438
4 0.6666667 0.1339844 0.0333333 0.0351562
3 0.5330729 0.5871094 0.0265625 0.0632812
3 0.7330729 0.6417969 0.0213542 0.0539063
0 0.6148438 0.9687500 0.0203125 0.0546875
4 0.3942708 0.3781250 0.0322917 0.0406250
3 0.5617188 0.5062500 0.0463542 0.0328125
1 0.5776042 0.3574219 0.0333333 0.0351562
0 0.5184896 0.7886719 0.0442708 0.0289063
2 0.6075521 0.7476563 0.0223958 0.0546875
5 0.6945313 0.2683594 0.0411458 0.0304687
4 0.3320312 0.7496094 0.0401042 0.0273438
7 0.6671875 0.6261719 0.0364583 0.0523438
9 0.6200521 0.7039062 0.0421875 0.0546875
8 0.7192708 0.7625000 0.0375000 0.0578125
7 0.7299479 0.3070312 0.0390625 0.0390625
6 0.7372396 0.5078125 0.0411458 0.0500000
9 0.2666667 0.1953125 0.0427083 0.0406250
7 0.5317708 0.1058594 0.0260417 0.0585938
7 0.5567708 0.4925781 0.0354167 0.0367188
9 0.2947917 0.5464844 0.0250000 0.0429688
7 0.4656250 0.2562500 0.0354167 0.0578125
10 0.4333333 0.3300781 0.0312500 0.0617188
11 0.7151042 0.5585938 0.0354167 0.0359375
9 0.4888021 0.8347656 0.0338542 0.0632812
10 0.5562500 0.6382813 0.0385417 0.0375000
9 0.2971354 0.5371094 0.0411458 0.0398437
6 0.5479167 0.6632813 0.0385417 0.0484375
10 0.7598958 0.5570312 0.0416667 0.0406250
6 0.5036458 0.3003906 0.0270833 0.0601563
