2 0.6049479 0.2562500 0.0265625 0.0187500
1 0.5645833 0.1902344 0.0125000 0.0382813
5 0.3942708 0.2667969 0.0229167 0.0179687
1 0.4588542 0.7074219 0.0250000 0.0242188
5 0.4679687 0.6015625 0.0140625 0.0250000
1 0.4036458 0.2597656 0.0250000 0.0164063
3 0.5750000 0.6425781 0.0156250 0.0210938
1 0.3557292 0.2457031 0.0250000 0.0195312
0 0.6263021 0.2527344 0.0192708 0.0242188
4 0.5296875 0.2019531 0.0197917 0.0179687
5 0.5914063 0.1980469 0.0223958 0.0273438
1 0.7796875 0.3570313 0.0156250 0.0359375
3 0.4815104 0.3152344 0.0130208 0.0367188
2 0.2984375 0.5269531 0.0114583 0.0289063
0 0.4419271 0.7101563 0.0234375 0.0156250
4 0.3070312 0.6945313 0.0213542 0.0218750
3 0.6289062 0.4210937 0.0171875 0.0218750
1 0.3992188 0.7511719 0.0234375 0.0195312
4 0.4552083 0.4453125 0.0250000 0.0156250
2 0.5179687 0.5023437 0.0130208 0.0187500
4 0.6062500 0.4832031 0.0270833 0.0210938
4 0.4776042 0.7183594 0.0125000 0.0382813
4 0.3427083 0.2410156 0.0229167 0.0132812
3 0.6075521 0.7863281 0.0244792 0.0195312
0 0.3997396 0.2566406 0.0182292 0.0242188
3 0.5664062 0.4898438 0.0234375 0.0218750
2 0.6661458 0.4175781 0.0187500 0.0242188
3 0.5541667 0.1566406 0.0208333 0.0210938
4 0.2315104 0.7242188 0.0192708 0.0140625
3 0.4927083 0.5960937 0.0187500 0.0312500
6 0.7260417 0.6144531 0.0187500 0.0351562
10 0.5536458 0.7152344 0.0229167 0.0226562
9 0.7927083 0.4285156 0.0229167 0.0257812
9 0.7408854 0.3125000 0.0223958 0.0328125
9 0.5632812 0.4363281 0.0182292 0.0242188
9 0.4197917 0.5906250 0.0239583 0.0234375
9 0.6565104 0.7988281 0.0234375 0.0257812
6 0.7013021 0.7761719 0.0223958 0.0226562
7 0.4955729 0.5718750 0.0171875 0.0312500
6 0.6859375 0.7144531 0.0260417 0.0320312
11 0.5830729 0.3820312 0.0203125 0.0296875
9 0.3658854 0.3078125 0.0255208 0.0281250
9 0.5179687 0.7445312 0.0161458 0.0328125
6 0.6020833 0.7468750 0.0218750 0.0218750
10 0.8393229 0.4882812 0.0255208 0.0234375
11 0.6187500 0.6757812 0.0250000 0.0312500
8 0.3572917 0.7269531 0.0250000 0.0289063
7 0.4718750 0.6488281 0.0218750 0.0273438
10 0.4325521 0.2164062 0.0151042 0.0234375
