3 0.6364583 0.8558594 0.0208333 0.0320312
2 0.5945312 0.5351562 0.0234375 0.0203125
2 0.7208333 0.4226563 0.0197917 0.0281250
5 0.5119792 0.7433594 0.0145833 0.0195312
4 0.5013021 0.4332031 0.0140625 0.0164063
3 0.6385417 0.5085937 0.0177083 0.0265625
5 0.5575521 0.4625000 0.0203125 0.0187500
5 0.5875000 0.1625000 0.0218750 0.0281250
1 0.2906250 0.3687500 0.0250000 0.0218750
2 0.5562500 0.4035156 0.0166667 0.0164063
1 0.3054688 0.3277344 0.0234375 0.0195312
1 0.7059896 0.5324219 0.0223958 0.0226562
5 0.5744792 0.5285156 0.0114583 0.0242188
2 0.4174479 0.5660156 0.0161458 0.0335937
0 0.3463542 0.6296875 0.0093750 0.0375000
3 0.6333333 0.4703125 0.0239583 0.0218750
2 0.4190104 0.8417969 0.0213542 0.0304687
0 0.5963542 0.4699219 0.0250000 0.0210938
5 0.5414062 0.1476562 0.0151042 0.0328125
5 0.3544271 0.5972656 0.0140625 0.0242188
1 0.7023438 0.6167969 0.0244792 0.0164063
0 0.4273438 0.3386719 0.0130208 0.0351562
3 0.4963542 0.5171875 0.0114583 0.0250000
5 0.5382813 0.8316406 0.0213542 0.0226562
3 0.4583333 0.3207031 0.0166667 0.0195312
0 0.6536458 0.4097656 0.0270833 0.0226562
3 0.6010417 0.2062500 0.0250000 0.0281250
5 0.3281250 0.6910156 0.0197917 0.0257812
2 0.3416667 0.3507812 0.0125000 0.0359375
3 0.4901042 0.5839844 0.0166667 0.0195312
3 0.4575521 0.4871094 0.0151042 0.0367188
4 0.5750000 0.4273438 0.0156250 0.0312500
2 0.5164062 0.6824219 0.0140625 0.0210938
1 0.6994792 0.2207031 0.0218750 0.0320312
2 0.6085938 0.2898438 0.0119792 0.0250000
10 0.6390625 0.6410156 0.0218750 0.0304687
7 0.3992188 0.4226563 0.0213542 0.0296875
9 0.6859375 0.5582031 0.0218750 0.0367188
9 0.4388021 0.7679687 0.0234375 0.0343750
10 0.6544271 0.6941406 0.0223958 0.0210938
7 0.6096354 0.8574219 0.0223958 0.0257812
6 0.7299479 0.2589844 0.0223958 0.0226562
6 0.5385417 0.7335938 0.0218750 0.0218750
8 0.3796875 0.6343750 0.0187500 0.0250000
9 0.6057292 0.7019531 0.0218750 0.0210938
6 0.7398438 0.2578125 0.0234375 0.0234375
6 0.4854167 0.6003906 0.0218750 0.0226562
