4 0.5911458 0.7609375 0.0250000 0.0187500
5 0.4557292 0.4972656 0.0166667 0.0195312
4 0.6244792 0.4875000 0.0218750 0.0218750
4 0.7130208 0.4269531 0.0239583 0.0164063
4 0.3963542 0.7371094 0.0177083 0.0367188
3 0.5979167 0.5777344 0.0187500 0.0164063
4 0.5140625 0.7292969 0.0114583 0.0320312
2 0.2843750 0.4675781 0.0250000 0.0164063
4 0.7330729 0.4976563 0.0119792 0.0218750
1 0.2244792 0.6253906 0.0135417 0.0179687
0 0.6078125 0.3496094 0.0114583 0.0195312
4 0.5309896 0.8632812 0.0171875 0.0218750
2 0.5203125 0.5054688 0.0218750 0.0156250
0 0.3908854 0.0003906 0.0026042 0.0007813
4 0.5088542 0.5757813 0.0250000 0.0156250
3 0.6773438 0.2449219 0.0203125 0.0210938
4 0.7664062 0.7789063 0.0234375 0.0187500
2 0.4453125 0.6214844 0.0114583 0.0320312
2 0.4651042 0.7441406 0.0229167 0.0164063
0 0.5627604 0.7144531 0.0140625 0.0273438
4 0.3596354 0.2769531 0.0244792 0.0195312
2 0.6010417 0.5906250 0.0250000 0.0265625
1 0.5963542 0.2050781 0.0187500 0.0273438
2 0.6750000 0.1468750 0.0250000 0.0218750
2 0.6658854 0.6191406 0.0130208 0.0226562
3 0.6718750 0.6726562 0.0239583 0.0234375
2 0.4031250 0.6050781 0.0218750 0.0179687
4 0.3677083 0.7523437 0.0166667 0.0203125
5 0.5013021 0.0160156 0.0140625 0.0320312
4 0.3411458 0.5972656 0.0145833 0.0304687
5 0.5531250 0.6109375 0.0166667 0.0359375
0 0.6221354 0.2375000 0.0244792 0.0171875
0 0.4804688 0.3335938 0.0130208 0.0390625
5 0.4578125 0.7257813 0.0218750 0.0234375
5 0.6419271 0.9492188 0.0223958 0.0187500
3 0.4752604 0.4375000 0.0213542 0.0171875
4 0.6820312 0.4878906 0.0171875 0.0257812
2 0.4036458 0.9375000 0.0166667 0.0359375
1 0.3976562 0.5121094 0.0192708 0.0164063
1 0.4458333 0.7839844 0.0104167 0.0164063
0 0.6640625 0.6675781 0.0208333 0.0210938
0 0.5888021 0.3109375 0.0098958 0.0281250
1 0.2468750 0.3851562 0.0166667 0.0312500
5 0.6104167 0.5226563 0.0166667 0.0218750
5 0.3127604 0.2175781 0.0203125 0.0210938
8 0.5442708 0.7023438 0.0177083 0.0250000
8 0.6408854 0.5429688 0.0213542 0.0234375
11 0.4645833 0.5039062 0.0197917 0.0265625
10 0.5468750 0.3000000 0.0218750 0.0234375
10 0.4739583 0.7406250 0.0229167 0.0250000
9 0.3742187 0.0910156 0.0244792 0.0289063
