1 0.6085938 0.4476562 0.0484375 0.0562500
4 0.6442708 0.3156250 0.0541667 0.0359375
0 0.4976563 0.1109375 0.0515625 0.0609375
1 0.7234375 0.7472656 0.0531250 0.0398437
3 0.4447917 0.5941406 0.0489583 0.0335937
2 0.4179688 0.7964844 0.0526042 0.0429688
0 0.6294271 0.5039062 0.0578125 0.0406250
2 0.3669271 0.2531250 0.0526042 0.0359375
4 0.4468750 0.9203125 0.0385417 0.0578125
1 0.5705729 0.5562500 0.0515625 0.0453125
1 0.5945312 0.5574219 0.0484375 0.0367188
2 0.6734375 0.4183594 0.0552083 0.0460938
0 0.7067708 0.5121094 0.0500000 0.0367188
2 0.5440104 0.4480469 0.0515625 0.0414062
4 0.6557292 0.3351562 0.0500000 0.0343750
4 0.6070313 0.5187500 0.0390625 0.0453125
3 0.6528646 0.3675781 0.0432292 0.0726563
1 0.7692708 0.6757812 0.0291667 0.0687500
3 0.4289062 0.4625000 0.0255208 0.0687500
4 0.5356771 0.5687500 0.0234375 0.0484375
2 0.6289062 0.3800781 0.0546875 0.0351562
4 0.6880208 0.5757813 0.0312500 0.0515625
0 0.7335938 0.3628906 0.0494792 0.0507812
1 0.5966146 0.4187500 0.0276042 0.0734375
4 0.6307292 0.6101562 0.0541667 0.0375000
3 0.2916667 0.7046875 0.0343750 0.0765625
1 0.6197917 0.1445312 0.0447917 0.0500000
4 0.6893229 0.4101562 0.0453125 0.0671875
4 0.5786458 0.6121094 0.0500000 0.0335937
1 0.5695313 0.4257812 0.0526042 0.0421875
5 0.4343750 0.6527344 0.0322917 0.0726563
0 0.6226563 0.6722656 0.0265625 0.0367188
3 0.6247396 0.4804688 0.0359375 0.0375000
2 0.5570312 0.4605469 0.0317708 0.0664062
0 0.2958333 0.5710937 0.0552083 0.0484375
3 0.7059896 0.6632813 0.0578125 0.0453125
1 0.4252604 0.5714844 0.0244792 0.0695313
1 0.4273438 0.7839844 0.0401042 0.0554687
3 0.4812500 0.3593750 0.0281250 0.0781250
0 0.4377604 0.3449219 0.0505208 0.0617188
0 0.5075521 0.9851562 0.0276042 0.0281250
1 0.4138021 0.2992187 0.0494792 0.0593750
5 0.7710938 0.6289062 0.0505208 0.0453125
3 0.6619792 0.6085938 0.0604167 0.0484375
3 0.5346354 0.4140625 0.0536458 0.0390625
2 0.4085937 0.9023438 0.0338542 0.0843750
0 0.4882812 0.6375000 0.0453125 0.0484375
0 0.7601562 0.2750000 0.0276042 0.0750000
3 0.5276042 0.0828125 0.0447917 0.0671875
4 0.5164062 0.5390625 0.0265625 0.0375000
5 0.8122396 0.4312500 0.0411458 0.0593750
4 0.5963542 0.6593750 0.0218750 0.0390625
0 0.6020833 0.6644531 0.0375000 0.0382813
5 0.6611979 0.3597656 0.0515625 0.0414062
0 0.6210938 0.5929688 0.0494792 0.0437500
0 0.6080729 0.2664063 0.0401042 0.0468750
4 0.6330729 0.5304688 0.0338542 0.0625000
10 0.6992188 0.8605469 0.0484375 0.0476562
6 0.4356771 0.8324219 0.0328125 0.0757812
