2 0.4911458 0.7328125 0.0479167 0.0375000
4 0.5901042 0.6820312 0.0354167 0.0468750
5 0.4307292 0.6441406 0.0364583 0.0710937
3 0.5804687 0.1839844 0.0359375 0.0648438
0 0.6596354 0.3125000 0.0255208 0.0562500
4 0.6776042 0.3609375 0.0500000 0.0390625
4 0.4195313 0.4781250 0.0328125 0.0531250
3 0.4486979 0.3683594 0.0401042 0.0507812
3 0.6992188 0.4027344 0.0526042 0.0351562
2 0.5820312 0.3945312 0.0494792 0.0343750
1 0.7851562 0.5410156 0.0401042 0.0492187
3 0.5299479 0.5230469 0.0276042 0.0554687
1 0.4809896 0.1410156 0.0234375 0.0335937
3 0.5041667 0.3781250 0.0385417 0.0531250
4 0.6174479 0.8265625 0.0453125 0.0453125
2 0.5286458 0.4589844 0.0229167 0.0523438
2 0.3125000 0.5597656 0.0197917 0.0414062
2 0.6434896 0.4765625 0.0255208 0.0718750
4 0.5473958 0.6214844 0.0229167 0.0414062
2 0.6265625 0.1863281 0.0447917 0.0523438
4 0.4229167 0.7554688 0.0447917 0.0312500
8 0.6200521 0.3449219 0.0276042 0.0617188
6 0.7200521 0.3000000 0.0421875 0.0421875
10 0.4500000 0.4761719 0.0364583 0.0476562
9 0.2869792 0.5070313 0.0479167 0.0468750
8 0.3421875 0.6246094 0.0458333 0.0460938
9 0.3250000 0.2777344 0.0281250 0.0679687
11 0.4562500 0.7765625 0.0302083 0.0671875
7 0.3848958 0.5976562 0.0364583 0.0515625
11 0.4906250 0.4386719 0.0291667 0.0429688
10 0.6739583 0.5933594 0.0458333 0.0445313
7 0.6182292 0.2042969 0.0312500 0.0414062
10 0.2455729 0.5898438 0.0473958 0.0515625
10 0.6135417 0.5238281 0.0364583 0.0507812
10 0.3528646 0.4304688 0.0453125 0.0562500
6 0.6695313 0.6691406 0.0328125 0.0664062
10 0.7796875 0.6476563 0.0427083 0.0437500
7 0.2401042 0.4695313 0.0447917 0.0500000
