0 0.3679688 0.2539062 0.0494792 0.1093750
2 0.4997396 0.6214844 0.0786458 0.0851563
3 0.6041667 0.7441406 0.1052083 0.0835937
3 0.4942708 0.2531250 0.0593750 0.1578125
1 0.7747396 0.7816406 0.0567708 0.1664063
1 0.6653646 0.3363281 0.0567708 0.1679688
0 0.4861979 0.0832031 0.0557292 0.1585938
3 0.5796875 0.4519531 0.0593750 0.1570313
1 0.3851562 0.5683594 0.1130208 0.1148437
2 0.5708333 0.4390625 0.0541667 0.1375000
4 0.3856771 0.5160156 0.0703125 0.0898438
4 0.7468750 0.5011719 0.0875000 0.1085938
5 0.5851563 0.5761719 0.1119792 0.1070312
5 0.6635417 0.7566406 0.1177083 0.0992187
2 0.2611979 0.3453125 0.0598958 0.1750000
3 0.3570313 0.6593750 0.0723958 0.1656250
5 0.3151042 0.5417969 0.1052083 0.1195313
1 0.4557292 0.4593750 0.1052083 0.0843750
4 0.6169271 0.8335938 0.0942708 0.1531250
0 0.6638021 0.4964844 0.0734375 0.1851562
4 0.4903646 0.9476562 0.0776042 0.1031250
5 0.6164063 0.2750000 0.0755208 0.1046875
3 0.4546875 0.4238281 0.0416667 0.0773438
4 0.4627604 0.7585937 0.0692708 0.0984375
2 0.5958333 0.5160156 0.1270833 0.1054688
2 0.6393229 0.7523437 0.0598958 0.1203125
3 0.4210937 0.1914062 0.0578125 0.1703125
4 0.5908854 0.5835938 0.0723958 0.1281250
0 0.7489583 0.3292969 0.1125000 0.0726563
1 0.3851562 0.4195313 0.0932292 0.0828125
1 0.4013021 0.6996094 0.1234375 0.1023437
0 0.6460938 0.4261719 0.0776042 0.1445312
3 0.5718750 0.8515625 0.0458333 0.1671875
2 0.6346354 0.6878906 0.1026042 0.0867187
0 0.5666667 0.7070312 0.1052083 0.0828125
0 0.4122396 0.3683594 0.0630208 0.1304687
4 0.3627604 0.7269531 0.1057292 0.1039063
5 0.7216146 0.6042969 0.1213542 0.0882813
0 0.5218750 0.5292969 0.0635417 0.1242188
5 0.6518229 0.3726563 0.1046875 0.1250000
5 0.3531250 0.5292969 0.0604167 0.1210938
5 0.3518229 0.6437500 0.1088542 0.0859375
0 0.6104167 0.3300781 0.0854167 0.0820312
2 0.6208333 0.2984375 0.1145833 0.0828125
1 0.7346354 0.4320312 0.0869792 0.1125000
2 0.3296875 0.4808594 0.1156250 0.0757812
5 0.6007813 0.7867188 0.0963542 0.1421875
5 0.2080729 0.6199219 0.1213542 0.1101562
1 0.3651042 0.3781250 0.0593750 0.1765625
3 0.5705729 0.2433594 0.0880208 0.1054688
0 0.4083333 0.2226562 0.1010417 0.0937500
5 0.4158854 0.9105469 0.1182292 0.0789062
0 0.4986979 0.5945312 0.0838542 0.1343750
3 0.7575521 0.2636719 0.1130208 0.0820312
4 0.6695313 0.2242187 0.1067708 0.0671875
4 0.6096354 0.2796875 0.0911458 0.0906250
3 0.3226562 0.7117187 0.1182292 0.0812500
3 0.5997396 0.6679688 0.1192708 0.0843750
5 0.4151042 0.3292969 0.0697917 0.0976562
1 0.6859375 0.3953125 0.1187500 0.0828125
5 0.5177083 0.6093750 0.1177083 0.1125000
4 0.5552083 0.4734375 0.0520833 0.1265625
1 0.6158854 0.4574219 0.0588542 0.1039063
6 0.2648437 0.4738281 0.0796875 0.1617187
7 0.5908854 0.1980469 0.1109375 0.1132812
11 0.4645833 0.3085938 0.0739583 0.1468750
9 0.7447917 0.6820312 0.0687500 0.1625000
9 0.7127604 0.4304688 0.1213542 0.1375000
10 0.6963542 0.6203125 0.0729167 0.1718750
8 0.5817708 0.2527344 0.1104167 0.1117188
9 0.3684896 0.7929688 0.1036458 0.1375000
9 0.3184896 0.5472656 0.1088542 0.1085938
10 0.2096354 0.5507812 0.1036458 0.1171875
6 0.6541667 0.1910156 0.1062500 0.1039063
10 0.7302083 0.6484375 0.0885417 0.1546875
11 0.4148438 0.6238281 0.0994792 0.1039063
7 0.5625000 0.0953125 0.0729167 0.1578125
7 0.2723958 0.3554688 0.0885417 0.1000000
