4 0.5786458 0.2886719 0.0437500 0.0601563
4 0.6721354 0.6195312 0.0828125 0.0515625
2 0.5677083 0.3941406 0.0885417 0.0851563
2 0.5307292 0.8238281 0.0739583 0.0945312
2 0.5781250 0.1566406 0.0635417 0.0695313
5 0.4705729 0.4007812 0.0859375 0.0750000
4 0.3937500 0.1859375 0.0479167 0.0796875
3 0.2781250 0.6886719 0.0614583 0.0804688
1 0.4992187 0.3792969 0.0880208 0.0789062
5 0.6364583 0.3710938 0.0875000 0.0843750
4 0.3197917 0.6234375 0.0427083 0.1328125
4 0.4184896 0.5140625 0.0807292 0.0687500
0 0.4992187 0.3550781 0.0369792 0.0632812
1 0.2976563 0.2703125 0.0817708 0.0640625
1 0.6526042 0.3750000 0.0416667 0.0859375
5 0.4283854 0.4921875 0.0598958 0.0968750
0 0.4786458 0.6464844 0.0562500 0.1132812
3 0.4325521 0.3183594 0.0921875 0.0679687
4 0.2768229 0.3867188 0.0932292 0.0656250
5 0.4453125 0.3722656 0.0447917 0.0882813
0 0.5010417 0.3894531 0.0562500 0.0820312
0 0.4726562 0.8050781 0.0421875 0.1351563
2 0.4411458 0.6503906 0.0833333 0.0632812
1 0.2611979 0.2062500 0.0421875 0.1109375
1 0.6481771 0.7687500 0.0578125 0.0609375
1 0.4658854 0.4097656 0.0578125 0.0773438
5 0.4291667 0.2410156 0.0802083 0.0945312
0 0.5218750 0.4078125 0.0645833 0.1046875
5 0.8432292 0.5515625 0.0781250 0.0937500
5 0.3018229 0.8683594 0.0484375 0.0757812
0 0.5106771 0.5816406 0.0515625 0.1117188
4 0.5026042 0.8152344 0.0760417 0.0726563
3 0.7286458 0.6527344 0.0520833 0.1242188
1 0.5854167 0.2351563 0.0770833 0.0578125
3 0.5770833 0.5179687 0.0468750 0.0812500
2 0.6658854 0.8847656 0.0567708 0.1070312
5 0.5674479 0.2957031 0.0713542 0.1085938
1 0.4497396 0.6886719 0.0838542 0.0585938
5 0.5255208 0.4847656 0.0520833 0.0992187
1 0.5895833 0.1191406 0.0833333 0.0648438
2 0.6028646 0.3476562 0.0682292 0.0765625
1 0.5531250 0.6871094 0.0572917 0.1226562
2 0.4276042 0.3402344 0.0635417 0.0992187
0 0.5106771 0.4078125 0.0494792 0.1156250
3 0.6911458 0.6300781 0.0843750 0.0601563
1 0.7260417 0.5144531 0.0843750 0.0570312
3 0.4705729 0.2433594 0.0557292 0.0804688
4 0.5265625 0.5226563 0.0437500 0.0718750
2 0.3838542 0.5527344 0.0604167 0.0914062
4 0.5966146 0.3398438 0.0598958 0.1078125
0 0.4854167 0.8433594 0.0812500 0.0679687
5 0.5924479 0.5500000 0.0817708 0.0640625
5 0.7036458 0.4867187 0.0843750 0.0656250
5 0.3979167 0.7863281 0.0395833 0.0929688
0 0.7416667 0.5023437 0.0697917 0.0890625
3 0.4635417 0.3511719 0.0885417 0.0617188
6 0.5106771 0.7250000 0.0744792 0.1062500
8 0.6096354 0.3886719 0.0671875 0.1101562
8 0.5354167 0.4859375 0.0593750 0.0875000
6 0.6710938 0.3558594 0.0723958 0.0773438
9 0.4619792 0.1070312 0.0541667 0.1031250
6 0.2911458 0.3132813 0.0770833 0.0828125
9 0.6838542 0.2855469 0.0677083 0.1132812
11 0.4497396 0.1746094 0.0505208 0.1210938
7 0.6867188 0.9574219 0.0796875 0.0835937
6 0.5684896 0.3214844 0.0765625 0.0960938
10 0.4901042 0.5093750 0.0500000 0.1156250
7 0.5963542 0.2179687 0.0729167 0.1156250
11 0.3953125 0.3859375 0.0729167 0.0828125
9 0.6541667 0.5578125 0.0510417 0.0890625
7 0.4638021 0.7175781 0.0723958 0.1117188
6 0.6562500 0.7539062 0.0666667 0.0781250
9 0.4809896 0.3996094 0.0536458 0.1148437
9 0.2252604 0.6773438 0.0859375 0.0843750
