5 0.7046875 0.6484375 0.0385417 0.0687500
3 0.6541667 0.1734375 0.0322917 0.0734375
2 0.4153646 0.3707031 0.0328125 0.0679687
5 0.5903646 0.8621094 0.0296875 0.0570312
3 0.6330729 0.7144531 0.0265625 0.0539063
0 0.2986979 0.3632812 0.0442708 0.0281250
5 0.4903646 0.5722656 0.0359375 0.0335937
4 0.5028646 0.4460938 0.0380208 0.0359375
4 0.2833333 0.6257812 0.0520833 0.0375000
2 0.5117188 0.5667969 0.0453125 0.0289063
2 0.4807292 0.7859375 0.0489583 0.0484375
5 0.4216146 0.6605469 0.0348958 0.0742188
3 0.6015625 0.3953125 0.0447917 0.0437500
0 0.4302083 0.5656250 0.0312500 0.0781250
5 0.4359375 0.5660156 0.0354167 0.0351562
5 0.4440104 0.5617188 0.0338542 0.0437500
5 0.4486979 0.5890625 0.0380208 0.0437500
4 0.6406250 0.7601562 0.0291667 0.0500000
5 0.4807292 0.6382813 0.0458333 0.0468750
1 0.5661458 0.5742188 0.0427083 0.0281250
2 0.5856771 0.2359375 0.0401042 0.0500000
1 0.3744792 0.3726563 0.0406250 0.0625000
2 0.6690104 0.3261719 0.0255208 0.0820312
3 0.6614583 0.3097656 0.0416667 0.0335937
5 0.7307292 0.3015625 0.0437500 0.0390625
8 0.3442708 0.7039062 0.0302083 0.0687500
7 0.5200521 0.4496094 0.0276042 0.0507812
7 0.6916667 0.4519531 0.0468750 0.0445313
7 0.6656250 0.4761719 0.0427083 0.0570312
6 0.7164063 0.4804688 0.0286458 0.0609375
7 0.6898437 0.4515625 0.0442708 0.0609375
8 0.3057292 0.3042969 0.0375000 0.0664062
10 0.5304688 0.5199219 0.0421875 0.0398437
7 0.5570312 0.5078125 0.0286458 0.0484375
