0 0.5447917 0.4777344 0.0760417 0.0414062
0 0.7611979 0.2335937 0.0328125 0.1031250
1 0.5906250 0.3039062 0.0427083 0.0984375
4 0.4369792 0.1253906 0.0479167 0.1117188
2 0.3726563 0.7187500 0.0484375 0.0593750
4 0.7127604 0.6492187 0.0807292 0.0562500
4 0.6502604 0.3421875 0.0734375 0.0453125
4 0.7286458 0.5847656 0.0677083 0.0554687
2 0.2802083 0.4550781 0.0697917 0.0382813
2 0.5166667 0.6855469 0.0635417 0.0507812
1 0.5856771 0.4683594 0.0421875 0.0585938
2 0.6484375 0.6039062 0.0750000 0.0734375
2 0.5822917 0.5660156 0.0687500 0.0554687
3 0.6291667 0.5214844 0.0781250 0.0570312
2 0.5447917 0.9148437 0.0385417 0.0828125
4 0.2132813 0.5433594 0.0432292 0.0617188
2 0.6200521 0.3644531 0.0401042 0.1132812
0 0.5020833 0.7710938 0.0572917 0.0796875
0 0.4111979 0.3453125 0.0317708 0.1015625
1 0.5546875 0.6218750 0.0708333 0.0484375
2 0.4156250 0.4304688 0.0489583 0.0984375
2 0.5390625 0.6785156 0.0687500 0.0554687
5 0.6046875 0.2382812 0.0770833 0.0593750
5 0.3135417 0.4296875 0.0312500 0.0625000
2 0.4247396 0.6179687 0.0432292 0.0468750
2 0.3351562 0.8507813 0.0744792 0.0562500
2 0.6562500 0.1992188 0.0697917 0.0437500
1 0.5822917 0.0421875 0.0625000 0.0734375
0 0.6544271 0.3421875 0.0734375 0.0578125
10 0.4807292 0.3566406 0.0531250 0.0851563
6 0.4028646 0.6710938 0.0473958 0.1109375
