0 0.4914062 0.7312500 0.0828125 0.0812500
2 0.5843750 0.3378906 0.0833333 0.0507812
5 0.5244792 0.4367187 0.0645833 0.0906250
5 0.7075521 0.3390625 0.0567708 0.0859375
3 0.6333333 0.1929687 0.0447917 0.1218750
0 0.5070313 0.1804688 0.0401042 0.1265625
6 0.2585938 0.2281250 0.0494792 0.1062500
10 0.4750000 0.5964844 0.0531250 0.0835937
6 0.5606771 0.6007813 0.0630208 0.0937500
7 0.5320312 0.2011719 0.0692708 0.0898438
7 0.4955729 0.2386719 0.0786458 0.1007813
8 0.6609375 0.2621094 0.0552083 0.0929688
10 0.6197917 0.5097656 0.0708333 0.0851563
10 0.6171875 0.0625000 0.0697917 0.1015625
11 0.4601562 0.6949219 0.0744792 0.1148437
