0 0.5062500 0.7710938 0.0333333 0.0640625
3 0.5721354 0.3117187 0.0380208 0.1156250
0 0.6713542 0.3886719 0.0750000 0.0585938
2 0.4372396 0.6078125 0.0640625 0.0828125
0 0.6096354 0.5441406 0.0713542 0.0867187
0 0.5812500 0.7917969 0.0406250 0.0632812
1 0.4911458 0.6750000 0.0875000 0.0625000
2 0.6557292 0.7933594 0.0781250 0.0695313
4 0.3789062 0.8300781 0.0869792 0.0523438
2 0.7661458 0.3484375 0.0385417 0.1187500
3 0.5885417 0.8085938 0.0708333 0.0953125
0 0.6184896 0.4902344 0.0838542 0.0632812
5 0.4843750 0.3960938 0.0375000 0.0796875
3 0.2132813 0.4324219 0.0713542 0.0914062
0 0.5500000 0.3453125 0.0531250 0.0937500
5 0.4601562 0.8917969 0.0473958 0.1148437
3 0.5140625 0.7609375 0.0729167 0.0640625
3 0.5210938 0.4589844 0.0598958 0.0523438
2 0.4572917 0.4128906 0.0510417 0.1257813
4 0.5458333 0.7242188 0.0604167 0.1109375
0 0.7335938 0.2734375 0.0723958 0.0656250
5 0.3687500 0.1718750 0.0489583 0.0921875
3 0.4708333 0.2675781 0.0500000 0.0757812
5 0.3143229 0.9070312 0.0859375 0.0546875
4 0.3880208 0.7371094 0.0500000 0.1117188
2 0.3747396 0.7339844 0.0380208 0.0882813
3 0.3846354 0.4585938 0.0567708 0.0937500
4 0.5033854 0.4195313 0.0348958 0.0531250
0 0.3919271 0.3496094 0.0713542 0.0539063
2 0.3994792 0.6035156 0.0708333 0.1085938
2 0.3690104 0.7929688 0.0630208 0.0640625
11 0.5221354 0.7156250 0.0567708 0.1062500
6 0.3609375 0.3699219 0.0708333 0.0710937
11 0.5007812 0.2156250 0.0484375 0.1031250
6 0.5927083 0.5093750 0.0531250 0.0828125
8 0.7216146 0.5250000 0.0807292 0.0906250
8 0.5968750 0.5699219 0.0656250 0.0710937
11 0.5367188 0.2863281 0.0630208 0.0757812
8 0.5054688 0.7753906 0.0567708 0.1039063
11 0.7468750 0.4312500 0.0645833 0.1093750
8 0.6138021 0.2406250 0.0703125 0.0687500
7 0.6346354 0.6703125 0.0598958 0.0765625
11 0.3502604 0.3968750 0.0557292 0.0765625
8 0.6729167 0.5871094 0.0687500 0.1101562
8 0.3544271 0.6402344 0.0630208 0.1242188
9 0.2309896 0.5812500 0.0713542 0.0796875
11 0.6692708 0.4339844 0.0697917 0.1179687
7 0.6442708 0.4386719 0.0718750 0.0710937
8 0.3807292 0.7035156 0.0447917 0.1039063
