1 0.2789063 0.2707031 0.0692708 0.1210938
5 0.5382813 0.4863281 0.1036458 0.0960938
5 0.6226563 0.8785156 0.0942708 0.1507813
3 0.7291667 0.6917969 0.1354167 0.1257813
4 0.5726562 0.7570313 0.0744792 0.1750000
0 0.5117188 0.0933594 0.0963542 0.1132812
1 0.3773437 0.7910156 0.0828125 0.1226562
4 0.6328125 0.5003906 0.1468750 0.1367188
0 0.7031250 0.6285156 0.1479167 0.1335938
4 0.6807292 0.4140625 0.0802083 0.1562500
5 0.6289062 0.2832031 0.1463542 0.1367188
0 0.3632812 0.8968750 0.1421875 0.0984375
0 0.6976562 0.1281250 0.0609375 0.1125000
5 0.2335937 0.6359375 0.0807292 0.1484375
1 0.6197917 0.4667969 0.0927083 0.1648438
1 0.5583333 0.5937500 0.0614583 0.1046875
4 0.4505208 0.2351563 0.0947917 0.1968750
4 0.1846354 0.4457031 0.1265625 0.1570313
4 0.2989583 0.5414062 0.1239583 0.1062500
1 0.3736979 0.2269531 0.0723958 0.1945312
2 0.6596354 0.6203125 0.1182292 0.0937500
4 0.6651042 0.5335937 0.0770833 0.1187500
1 0.3864583 0.5480469 0.1020833 0.1914062
1 0.5572917 0.4125000 0.1239583 0.0781250
2 0.5294271 0.5277344 0.0744792 0.1195313
2 0.5622396 0.3562500 0.1265625 0.1031250
4 0.3916667 0.3210938 0.1375000 0.1109375
0 0.5645833 0.4199219 0.1052083 0.1492188
4 0.4531250 0.6507812 0.0656250 0.0921875
2 0.6195312 0.3425781 0.0619792 0.1835938
4 0.7028646 0.5003906 0.1380208 0.1023437
3 0.6611979 0.6316406 0.0567708 0.1054688
0 0.5783854 0.3550781 0.1369792 0.1257813
3 0.5929688 0.7671875 0.0994792 0.2109375
5 0.3359375 0.6972656 0.1322917 0.1242188
0 0.6333333 0.6527344 0.1177083 0.1210938
0 0.4393229 0.3683594 0.0723958 0.2054688
0 0.5869792 0.5585938 0.1208333 0.1203125
5 0.4718750 0.2312500 0.1250000 0.0796875
3 0.6125000 0.8398438 0.1000000 0.2343750
0 0.5854167 0.3609375 0.0927083 0.1562500
0 0.3901042 0.4320312 0.1354167 0.0921875
0 0.7518229 0.2859375 0.1276042 0.1062500
0 0.5096354 0.5898438 0.0828125 0.1062500
2 0.5177083 0.2660156 0.1083333 0.0867187
4 0.2851562 0.7230469 0.1067708 0.1007813
2 0.4101562 0.4851563 0.0932292 0.1875000
5 0.7385417 0.4578125 0.1510417 0.1062500
5 0.7093750 0.7195312 0.1447917 0.1046875
5 0.4484375 0.4042969 0.1010417 0.1273438
4 0.3716146 0.3890625 0.0619792 0.1687500
5 0.6130208 0.2429688 0.1395833 0.1015625
4 0.6598958 0.4523437 0.0781250 0.1968750
0 0.2653646 0.5632812 0.1203125 0.1187500
5 0.4945312 0.8156250 0.1223958 0.1531250
11 0.6747396 0.7679687 0.1078125 0.1640625
6 0.4088542 0.3109375 0.1229167 0.1343750
8 0.5182292 0.7804688 0.1229167 0.1593750
9 0.7338542 0.2117188 0.1250000 0.1750000
7 0.5333333 0.4265625 0.1270833 0.1328125
8 0.8179688 0.3949219 0.1307292 0.1445312
10 0.2492187 0.6664062 0.1265625 0.1265625
6 0.4713542 0.2839844 0.0927083 0.1523438
8 0.6294271 0.7332031 0.1286458 0.1726563
11 0.7723958 0.6617188 0.1239583 0.1281250
11 0.5776042 0.2679687 0.1197917 0.1406250
8 0.7911458 0.4027344 0.0958333 0.1257813
