5 0.6997396 0.5386719 0.0234375 0.0210938
0 0.6791667 0.1074219 0.0125000 0.0304687
4 0.6197917 0.2667969 0.0187500 0.0257812
4 0.4893229 0.1355469 0.0161458 0.0320312
2 0.5335937 0.7367187 0.0151042 0.0234375
1 0.6867188 0.6082031 0.0192708 0.0210938
2 0.5708333 0.2675781 0.0260417 0.0164063
5 0.6861979 0.3777344 0.0130208 0.0367188
3 0.6679688 0.4585938 0.0265625 0.0203125
5 0.4067708 0.4718750 0.0208333 0.0312500
5 0.4507813 0.5550781 0.0119792 0.0164063
0 0.5723958 0.5316406 0.0145833 0.0226562
1 0.5244792 0.3070312 0.0270833 0.0203125
2 0.5497396 0.7515625 0.0265625 0.0234375
5 0.3406250 0.6023437 0.0250000 0.0171875
2 0.7341146 0.3500000 0.0255208 0.0203125
4 0.2598958 0.5996094 0.0114583 0.0304687
4 0.5106771 0.2777344 0.0255208 0.0179687
2 0.5307292 0.3867188 0.0250000 0.0171875
4 0.5575521 0.5945312 0.0234375 0.0156250
2 0.7320313 0.6367188 0.0244792 0.0218750
3 0.5364583 0.3796875 0.0239583 0.0218750
3 0.6367188 0.5035156 0.0203125 0.0226562
4 0.3770833 0.5023437 0.0197917 0.0343750
2 0.8205729 0.3257813 0.0192708 0.0328125
4 0.6203125 0.2902344 0.0270833 0.0289063
1 0.5539063 0.7156250 0.0223958 0.0234375
1 0.3026042 0.5148438 0.0218750 0.0281250
0 0.2161458 0.1746094 0.0125000 0.0382813
2 0.4914062 0.8136719 0.0244792 0.0210938
2 0.6388021 0.4382813 0.0098958 0.0296875
4 0.6234375 0.4976563 0.0208333 0.0250000
3 0.4255208 0.5738281 0.0156250 0.0398437
5 0.4414062 0.4566406 0.0182292 0.0210938
4 0.6651042 0.4593750 0.0218750 0.0156250
4 0.4335938 0.3296875 0.0223958 0.0203125
2 0.5559896 0.5871094 0.0140625 0.0226562
1 0.4427083 0.1855469 0.0145833 0.0195312
5 0.5523438 0.6949219 0.0151042 0.0367188
1 0.4835937 0.4230469 0.0203125 0.0164063
3 0.5731771 0.6300781 0.0098958 0.0195312
1 0.6067708 0.4335938 0.0166667 0.0265625
2 0.5093750 0.5304688 0.0208333 0.0312500
2 0.5890625 0.6222656 0.0114583 0.0257812
3 0.3669271 0.5949219 0.0223958 0.0289063
1 0.2710938 0.5308594 0.0255208 0.0226562
10 0.5976562 0.6312500 0.0213542 0.0296875
8 0.5945312 0.5500000 0.0234375 0.0234375
10 0.7562500 0.7027344 0.0218750 0.0289063
6 0.3703125 0.2476562 0.0187500 0.0250000
8 0.6859375 0.3863281 0.0229167 0.0289063
