2 0.4812500 0.6644531 0.0208333 0.0304687
3 0.6197917 0.5867187 0.0343750 0.0375000
4 0.4361979 0.6937500 0.0244792 0.0468750
2 0.5221354 0.4210937 0.0390625 0.0343750
0 0.4354167 0.3121094 0.0375000 0.0257812
4 0.2867188 0.4015625 0.0317708 0.0359375
5 0.5182292 0.4699219 0.0343750 0.0257812
5 0.5023437 0.6238281 0.0265625 0.0257812
2 0.5067708 0.3972656 0.0322917 0.0257812
1 0.5557292 0.5394531 0.0333333 0.0257812
0 0.4979167 0.6054688 0.0177083 0.0281250
1 0.6278646 0.7914062 0.0359375 0.0406250
4 0.5468750 0.6488281 0.0166667 0.0257812
1 0.3968750 0.5054688 0.0208333 0.0593750
0 0.7398438 0.5421875 0.0348958 0.0281250
4 0.2335937 0.2222656 0.0328125 0.0335937
3 0.3135417 0.3542969 0.0239583 0.0335937
5 0.5429688 0.5132813 0.0380208 0.0250000
6 0.5911458 0.6566406 0.0333333 0.0335937
11 0.5278646 0.4253906 0.0328125 0.0507812
11 0.4291667 0.1875000 0.0343750 0.0359375
7 0.5828125 0.4257812 0.0354167 0.0562500
6 0.5497396 0.6085938 0.0380208 0.0390625
7 0.5872396 0.2867188 0.0338542 0.0328125
9 0.2705729 0.4765625 0.0286458 0.0531250
