3 0.3190104 0.5722656 0.0567708 0.0523438
0 0.5083333 0.5105469 0.0520833 0.0460938
1 0.4539063 0.2445313 0.0390625 0.0906250
2 0.5450521 0.2152344 0.0588542 0.0539063
1 0.5684896 0.4222656 0.0369792 0.0789062
2 0.4239583 0.7476563 0.0562500 0.0656250
4 0.4338542 0.5792969 0.0385417 0.0570312
1 0.4161458 0.4449219 0.0510417 0.0320312
0 0.5562500 0.4898438 0.0229167 0.0687500
0 0.6359375 0.1382812 0.0270833 0.0921875
1 0.6825521 0.4015625 0.0609375 0.0421875
3 0.4593750 0.4871094 0.0583333 0.0414062
2 0.6648437 0.3375000 0.0265625 0.0843750
1 0.6026042 0.6519531 0.0510417 0.0476562
0 0.2989583 0.8289062 0.0354167 0.0890625
3 0.6273437 0.8652344 0.0484375 0.0445313
0 0.5695313 0.4578125 0.0255208 0.0640625
2 0.4757812 0.4933594 0.0567708 0.0492187
2 0.4898438 0.7738281 0.0546875 0.0476562
1 0.3122396 0.5054688 0.0526042 0.0343750
1 0.7143229 0.3941406 0.0505208 0.0570312
0 0.5291667 0.8765625 0.0427083 0.0828125
5 0.6380208 0.1683594 0.0416667 0.0460938
2 0.2875000 0.5816406 0.0531250 0.0429688
2 0.2630208 0.3945312 0.0333333 0.0406250
2 0.7109375 0.6347656 0.0625000 0.0429688
0 0.5804687 0.2683594 0.0578125 0.0398437
4 0.5903646 0.6605469 0.0609375 0.0429688
0 0.4580729 0.5179687 0.0369792 0.0484375
3 0.6776042 0.2738281 0.0552083 0.0664062
3 0.5276042 0.2281250 0.0291667 0.0828125
0 0.5338542 0.7859375 0.0395833 0.0625000
1 0.5700521 0.1582031 0.0526042 0.0414062
2 0.7320313 0.5929688 0.0640625 0.0531250
1 0.5919271 0.5187500 0.0473958 0.0609375
3 0.4140625 0.5078125 0.0479167 0.0593750
3 0.6226563 0.4953125 0.0557292 0.0406250
5 0.6664062 0.4488281 0.0442708 0.0804688
3 0.6111979 0.1617187 0.0484375 0.0593750
5 0.6708333 0.7296875 0.0406250 0.0468750
0 0.5161458 0.3488281 0.0260417 0.0742188
1 0.5572917 0.3863281 0.0552083 0.0460938
4 0.3669271 0.6386719 0.0338542 0.0851563
3 0.6789063 0.6480469 0.0546875 0.0398437
2 0.3380208 0.8062500 0.0541667 0.0515625
4 0.6653646 0.7097656 0.0255208 0.0492187
3 0.1825521 0.5515625 0.0557292 0.0437500
1 0.6835938 0.3222656 0.0630208 0.0414062
1 0.4494792 0.1152344 0.0468750 0.0617188
3 0.5486979 0.6933594 0.0598958 0.0476562
4 0.7044271 0.4765625 0.0640625 0.0453125
2 0.3518229 0.6117187 0.0390625 0.0718750
3 0.3153646 0.3101563 0.0494792 0.0531250
1 0.6127604 0.3445313 0.0296875 0.0828125
5 0.6276042 0.4449219 0.0572917 0.0617188
4 0.3760417 0.3605469 0.0385417 0.0445313
1 0.7218750 0.2257812 0.0562500 0.0390625
1 0.4713542 0.0812500 0.0302083 0.0859375
3 0.4039063 0.3585937 0.0578125 0.0500000
5 0.3692708 0.1773437 0.0552083 0.0453125
2 0.6460938 0.6253906 0.0578125 0.0507812
2 0.6848958 0.3808594 0.0406250 0.0460938
7 0.4627604 0.4035156 0.0411458 0.0867187
6 0.4924479 0.4445312 0.0421875 0.0812500
7 0.5286458 0.5144531 0.0531250 0.0523438
9 0.4817708 0.5378906 0.0510417 0.0523438
11 0.5041667 0.9042969 0.0500000 0.0742188
7 0.4677083 0.2687500 0.0510417 0.0625000
7 0.6049479 0.1621094 0.0546875 0.0539063
7 0.5877604 0.8812500 0.0484375 0.0812500
10 0.3395833 0.3687500 0.0364583 0.0812500
11 0.5588542 0.4238281 0.0500000 0.0914062
6 0.4416667 0.4406250 0.0593750 0.0625000
