3 0.4432292 0.4175781 0.0270833 0.0195312
0 0.3651042 0.1625000 0.0125000 0.0187500
2 0.2992187 0.5351562 0.0213542 0.0265625
5 0.6013021 0.5089844 0.0234375 0.0320312
1 0.4466146 0.4000000 0.0255208 0.0218750
4 0.6281250 0.6046875 0.0291667 0.0218750
1 0.6841146 0.5000000 0.0140625 0.0171875
0 0.7242188 0.2863281 0.0276042 0.0164063
1 0.4135417 0.7726563 0.0208333 0.0281250
5 0.5893229 0.5949219 0.0244792 0.0210938
0 0.5377604 0.6496094 0.0276042 0.0210938
2 0.5062500 0.5472656 0.0250000 0.0210938
0 0.6049479 0.1183594 0.0244792 0.0257812
3 0.4015625 0.2000000 0.0145833 0.0296875
5 0.3429687 0.5902344 0.0286458 0.0164063
5 0.5971354 0.2066406 0.0265625 0.0195312
11 0.5833333 0.3667969 0.0239583 0.0289063
11 0.5882812 0.5707031 0.0286458 0.0304687
8 0.4856771 0.5808594 0.0244792 0.0367188
7 0.5770833 0.2285156 0.0260417 0.0257812
8 0.5229167 0.5363281 0.0260417 0.0320312
10 0.4546875 0.3578125 0.0250000 0.0234375
7 0.2877604 0.8175781 0.0203125 0.0351562
10 0.4838542 0.3621094 0.0177083 0.0398437
8 0.5507812 0.7390625 0.0234375 0.0406250
6 0.5057292 0.2089844 0.0260417 0.0257812
7 0.4854167 0.8000000 0.0197917 0.0250000
10 0.6119792 0.2847656 0.0156250 0.0382813
10 0.6026042 0.4773438 0.0218750 0.0375000
11 0.4432292 0.8968750 0.0250000 0.0296875
