2 0.4015625 0.3343750 0.0468750 0.0812500
5 0.4968750 0.2585938 0.0395833 0.0390625
5 0.6130208 0.5929688 0.0270833 0.0515625
4 0.2937500 0.2078125 0.0312500 0.0859375
3 0.5513021 0.3003906 0.0536458 0.0554687
4 0.5812500 0.4265625 0.0541667 0.0390625
0 0.4122396 0.4726562 0.0234375 0.0468750
0 0.4669271 0.0800781 0.0473958 0.0757812
3 0.5531250 0.2484375 0.0447917 0.0625000
3 0.5848958 0.3152344 0.0572917 0.0367188
5 0.3085938 0.6613281 0.0338542 0.0914062
5 0.5739583 0.1531250 0.0291667 0.0875000
3 0.2322917 0.7144531 0.0614583 0.0414062
4 0.6763021 0.4058594 0.0567708 0.0398437
3 0.6177083 0.3527344 0.0562500 0.0398437
5 0.3596354 0.3164062 0.0536458 0.0359375
1 0.3648438 0.7359375 0.0234375 0.0734375
4 0.5080729 0.7644531 0.0255208 0.0476562
4 0.6523438 0.8449219 0.0515625 0.0382813
5 0.4596354 0.5433594 0.0588542 0.0414062
3 0.3752604 0.8601562 0.0536458 0.0453125
0 0.6898437 0.0703125 0.0223958 0.0859375
1 0.3179688 0.5945312 0.0546875 0.0734375
5 0.3484375 0.6132812 0.0520833 0.0406250
0 0.5710937 0.5199219 0.0328125 0.0539063
1 0.6507812 0.5734375 0.0588542 0.0500000
5 0.6289062 0.7027344 0.0453125 0.0398437
3 0.5677083 0.3945312 0.0427083 0.0859375
0 0.4611979 0.2480469 0.0505208 0.0601563
0 0.4671875 0.5359375 0.0291667 0.0484375
4 0.3322917 0.3843750 0.0427083 0.0437500
1 0.6539063 0.5375000 0.0640625 0.0437500
0 0.6924479 0.2921875 0.0526042 0.0500000
5 0.6966146 0.6468750 0.0505208 0.0562500
1 0.6421875 0.3636719 0.0583333 0.0351562
2 0.7130208 0.3101563 0.0593750 0.0468750
5 0.6039062 0.4585938 0.0619792 0.0515625
1 0.5080729 0.4691406 0.0390625 0.0585938
1 0.4984375 0.3074219 0.0343750 0.0773438
2 0.2390625 0.6101562 0.0604167 0.0453125
0 0.6450521 0.4894531 0.0359375 0.0382813
2 0.3468750 0.1464844 0.0572917 0.0460938
4 0.6940104 0.5964844 0.0619792 0.0429688
1 0.6468750 0.4902344 0.0489583 0.0320312
5 0.3270833 0.6011719 0.0552083 0.0429688
5 0.6757812 0.7992187 0.0588542 0.0625000
5 0.5062500 0.1402344 0.0333333 0.0570312
1 0.5781250 0.6101562 0.0447917 0.0312500
2 0.6380208 0.3453125 0.0552083 0.0640625
2 0.4291667 0.5382813 0.0395833 0.0546875
1 0.3065104 0.7031250 0.0255208 0.0781250
0 0.5627604 0.6648437 0.0338542 0.0796875
1 0.4005208 0.3722656 0.0333333 0.0898438
0 0.8156250 0.3867188 0.0572917 0.0468750
2 0.5911458 0.2203125 0.0593750 0.0500000
1 0.5494792 0.5574219 0.0635417 0.0414062
4 0.4359375 0.7578125 0.0468750 0.0718750
3 0.5427083 0.6625000 0.0593750 0.0375000
6 0.3994792 0.7582031 0.0593750 0.0585938
6 0.7302083 0.3187500 0.0552083 0.0531250
6 0.6515625 0.8503906 0.0531250 0.0539063
