1 0.7000000 0.4824219 0.0500000 0.0648438
3 0.5450521 0.8171875 0.0265625 0.0906250
0 0.6804687 0.0863281 0.0307292 0.1039063
2 0.5015625 0.6500000 0.0541667 0.0671875
5 0.5838542 0.7597656 0.0489583 0.0632812
1 0.5658854 0.7062500 0.0619792 0.0437500
5 0.6252604 0.5058594 0.0348958 0.0554687
1 0.5218750 0.2656250 0.0645833 0.0703125
1 0.5747396 0.5757813 0.0651042 0.0406250
5 0.7065104 0.2437500 0.0630208 0.0515625
1 0.4296875 0.2546875 0.0343750 0.1000000
5 0.5468750 0.4562500 0.0604167 0.0421875
5 0.3171875 0.6855469 0.0354167 0.0476562
4 0.4070313 0.7945313 0.0453125 0.0687500
8 0.5976562 0.4109375 0.0380208 0.0828125
8 0.6458333 0.6847656 0.0604167 0.0585938
9 0.3398438 0.8585938 0.0557292 0.1000000
10 0.4731771 0.5503906 0.0546875 0.0851563
9 0.4059896 0.6500000 0.0411458 0.0718750
10 0.6731771 0.5714844 0.0505208 0.0773438
6 0.6945313 0.5644531 0.0588542 0.0851563
7 0.8007812 0.6605469 0.0609375 0.0585938
10 0.4255208 0.5750000 0.0583333 0.0593750
9 0.6695313 0.7984375 0.0411458 0.0750000
6 0.4854167 0.5375000 0.0395833 0.0859375
9 0.4411458 0.2453125 0.0479167 0.0859375
6 0.5520833 0.7101563 0.0385417 0.0890625
9 0.7028646 0.4332031 0.0557292 0.0554687
