0 0.7825521 0.2195313 0.1234375 0.0890625
5 0.5893229 0.5648437 0.0713542 0.0937500
4 0.6924479 0.2300781 0.1140625 0.0742188
4 0.2838542 0.5410156 0.0593750 0.0945312
3 0.4825521 0.4929688 0.0911458 0.1531250
1 0.3869792 0.6449219 0.1166667 0.0882813
2 0.5299479 0.7132812 0.0703125 0.0890625
3 0.4200521 0.1828125 0.0807292 0.1625000
3 0.5486979 0.6867188 0.1140625 0.0906250
5 0.3528646 0.3902344 0.1161458 0.1023437
2 0.6065104 0.0585938 0.0546875 0.1171875
2 0.3890625 0.1617187 0.1218750 0.1031250
2 0.8276042 0.4320312 0.0989583 0.0843750
4 0.6807292 0.7289062 0.1177083 0.0812500
3 0.6570312 0.3632812 0.1223958 0.0875000
2 0.7580729 0.4933594 0.1015625 0.1257813
3 0.5838542 0.3511719 0.0895833 0.1320312
2 0.2747396 0.2480469 0.0640625 0.1789062
3 0.4299479 0.2054688 0.0911458 0.0687500
3 0.2458333 0.3531250 0.1187500 0.0828125
1 0.5593750 0.9273438 0.1229167 0.0921875
0 0.5036458 0.3132813 0.1104167 0.0984375
5 0.6255208 0.4535156 0.0781250 0.1632812
0 0.7552083 0.6218750 0.1062500 0.0812500
3 0.5705729 0.5925781 0.0557292 0.1023437
0 0.5500000 0.6882812 0.0750000 0.1484375
4 0.5304688 0.7371094 0.0557292 0.0773438
2 0.6468750 0.2308594 0.1166667 0.0867187
4 0.4791667 0.6031250 0.0729167 0.1156250
3 0.3984375 0.3566406 0.0875000 0.0960938
1 0.2968750 0.3269531 0.0760417 0.0851563
3 0.2182292 0.6773438 0.0729167 0.1593750
0 0.6104167 0.4757812 0.1333333 0.0953125
2 0.7947917 0.4953125 0.1312500 0.1000000
5 0.3135417 0.7128906 0.1177083 0.0992187
4 0.4020833 0.4375000 0.1281250 0.1265625
1 0.3651042 0.8386719 0.1156250 0.0773438
4 0.2231771 0.5117188 0.1255208 0.1015625
0 0.5229167 0.1359375 0.1166667 0.0812500
1 0.6898437 0.5031250 0.1098958 0.0781250
1 0.6625000 0.8867188 0.1208333 0.0937500
2 0.3596354 0.6890625 0.0994792 0.1328125
3 0.3382812 0.4246094 0.0869792 0.1289062
5 0.5236979 0.4218750 0.0567708 0.1671875
2 0.6804687 0.6195312 0.0744792 0.1281250
3 0.6718750 0.8210937 0.1260417 0.0921875
0 0.5411458 0.7570313 0.0604167 0.0890625
2 0.3020833 0.2609375 0.0822917 0.1781250
2 0.7252604 0.3570313 0.1276042 0.0859375
1 0.6010417 0.6699219 0.0593750 0.0898438
4 0.4041667 0.3437500 0.0916667 0.1250000
2 0.6013021 0.1281250 0.0828125 0.1828125
4 0.6312500 0.6058594 0.1156250 0.0820312
1 0.2697917 0.3308594 0.1270833 0.1054688
0 0.6083333 0.5488281 0.1072917 0.0742188
3 0.5445313 0.6789063 0.0786458 0.1515625
0 0.3010417 0.1468750 0.0552083 0.1796875
3 0.5114583 0.2539062 0.0583333 0.1718750
3 0.3523438 0.7242188 0.1317708 0.1093750
0 0.5072917 0.3898437 0.0437500 0.1312500
2 0.7453125 0.6074219 0.1281250 0.0835937
5 0.6434896 0.5152344 0.0953125 0.1132812
0 0.6190104 0.6109375 0.1244792 0.1125000
8 0.6947917 0.5097656 0.1156250 0.1132812
9 0.5468750 0.2148438 0.1083333 0.1765625
8 0.5585938 0.2863281 0.0807292 0.1226562
9 0.5335937 0.3691406 0.0817708 0.1039063
11 0.4828125 0.3109375 0.1052083 0.1375000
9 0.3393229 0.2898438 0.0859375 0.1250000
10 0.1770833 0.6312500 0.0989583 0.1187500
7 0.2645833 0.1679688 0.1239583 0.1781250
10 0.7812500 0.1250000 0.1083333 0.1187500
11 0.5953125 0.0511719 0.1177083 0.1023437
10 0.3632812 0.0960938 0.0828125 0.1921875
10 0.4416667 0.4089844 0.0718750 0.1632812
8 0.6718750 0.7601562 0.1125000 0.1125000
11 0.8221354 0.2160156 0.1234375 0.1164063
