5 0.4046875 0.2003906 0.0739583 0.1820313
3 0.2932292 0.2714844 0.1177083 0.1320312
3 0.5955729 0.1359375 0.1348958 0.1812500
2 0.6023437 0.5105469 0.1213542 0.0851563
5 0.4187500 0.8890625 0.0885417 0.0843750
1 0.5406250 0.7433594 0.0687500 0.1601562
0 0.6716146 0.4503906 0.1348958 0.1070312
3 0.6093750 0.8492188 0.1166667 0.1296875
1 0.5984375 0.1914062 0.0802083 0.2171875
5 0.6515625 0.5609375 0.1187500 0.1765625
3 0.6484375 0.6957031 0.1281250 0.1039063
0 0.5437500 0.1601562 0.0833333 0.1046875
1 0.7544271 0.8464844 0.0973958 0.1460937
0 0.4734375 0.9519531 0.1072917 0.0945312
3 0.4015625 0.3261719 0.0875000 0.1804688
2 0.3015625 0.5902344 0.1354167 0.1242188
4 0.6343750 0.8687500 0.1270833 0.1000000
0 0.3182292 0.5011719 0.0947917 0.1179687
1 0.8122396 0.2921875 0.1484375 0.1265625
5 0.6291667 0.5339844 0.1364583 0.0914062
0 0.5830729 0.6468750 0.0817708 0.2265625
5 0.5859375 0.2757812 0.0656250 0.0796875
2 0.7020833 0.2410156 0.1229167 0.1398437
0 0.5093750 0.8281250 0.0822917 0.1015625
1 0.5729167 0.2375000 0.1010417 0.1703125
1 0.6179687 0.6390625 0.1328125 0.0843750
0 0.3372396 0.3089844 0.0828125 0.1007813
5 0.5739583 0.3191406 0.1010417 0.1882813
1 0.5804687 0.5421875 0.1401042 0.0968750
1 0.6335937 0.7347656 0.0838542 0.1117188
1 0.4265625 0.7152344 0.0854167 0.1632812
5 0.5507812 0.8976563 0.0723958 0.2031250
0 0.6768229 0.3933594 0.0682292 0.1492188
4 0.5653646 0.3585937 0.1390625 0.1296875
2 0.5143229 0.3824219 0.1411458 0.0992187
1 0.6072917 0.5531250 0.1177083 0.1312500
4 0.7166667 0.4277344 0.1125000 0.1617187
3 0.7260417 0.5886719 0.1229167 0.0914062
5 0.3851562 0.1523438 0.1098958 0.1734375
0 0.4341146 0.4929688 0.0765625 0.1328125
4 0.5257812 0.6230469 0.1328125 0.0976562
0 0.6835938 0.6535156 0.1130208 0.1554687
0 0.4588542 0.2058594 0.0677083 0.1679688
0 0.5299479 0.2683594 0.1317708 0.0992187
0 0.4401042 0.7152344 0.0677083 0.1960938
4 0.2666667 0.3851562 0.1354167 0.1093750
4 0.3890625 0.3750000 0.0552083 0.1750000
4 0.4424479 0.4691406 0.1057292 0.0992187
4 0.6062500 0.5945312 0.0781250 0.0953125
4 0.2596354 0.6214844 0.0796875 0.2070312
2 0.8401042 0.5066406 0.1000000 0.1429688
4 0.4617188 0.2933594 0.0755208 0.2179687
2 0.5734375 0.5683594 0.1333333 0.1257813
0 0.3398438 0.3460937 0.1328125 0.1312500
1 0.5278646 0.9644531 0.1265625 0.0695313
2 0.4166667 0.4597656 0.1531250 0.1242188
5 0.4859375 0.6804687 0.1072917 0.1671875
3 0.2166667 0.5191406 0.0958333 0.1507813
5 0.6049479 0.5406250 0.1296875 0.1046875
2 0.3234375 0.3664062 0.0989583 0.1093750
2 0.3049479 0.4574219 0.1369792 0.1789062
4 0.2447917 0.4734375 0.1343750 0.1203125
5 0.5765625 0.6593750 0.1291667 0.1296875
3 0.3372396 0.6386719 0.1088542 0.1851562
5 0.3257813 0.5136719 0.0911458 0.0914062
5 0.4718750 0.1953125 0.0916667 0.1906250
1 0.4807292 0.1824219 0.1000000 0.0960938
3 0.5468750 0.6218750 0.1562500 0.1187500
0 0.7315104 0.3230469 0.0817708 0.1289062
2 0.4968750 0.8515625 0.1385417 0.1109375
0 0.5562500 0.2726562 0.1333333 0.0968750
1 0.6289062 0.5964844 0.0765625 0.1179687
2 0.2578125 0.7527344 0.1520833 0.0960938
5 0.7929688 0.4035156 0.1046875 0.1820313
4 0.2335937 0.2089844 0.0640625 0.1960938
1 0.6989583 0.4207031 0.1125000 0.1507813
11 0.7718750 0.4894531 0.1364583 0.1335938
7 0.5317708 0.1320312 0.1197917 0.1750000
8 0.5062500 0.4878906 0.0875000 0.1695312
10 0.6825521 0.1843750 0.1296875 0.1265625
7 0.6718750 0.6558594 0.1270833 0.1601562
9 0.2882812 0.5578125 0.1296875 0.1265625
9 0.4950521 0.5246094 0.1171875 0.1320312
9 0.6445312 0.9183594 0.0973958 0.1617187
6 0.2661458 0.5609375 0.1395833 0.1390625
9 0.4218750 0.3171875 0.1218750 0.1218750
6 0.5937500 0.2562500 0.1229167 0.1625000
10 0.5338542 0.8414063 0.0947917 0.2000000
10 0.5591146 0.2773438 0.1338542 0.1296875
8 0.6859375 0.8687500 0.0822917 0.1890625
