5 0.3174479 0.5089844 0.0161458 0.0335937
1 0.4682292 0.3410156 0.0312500 0.0257812
5 0.5880208 0.7640625 0.0312500 0.0234375
3 0.5385417 0.3351562 0.0385417 0.0343750
1 0.5440104 0.8203125 0.0213542 0.0500000
0 0.5544271 0.3023438 0.0348958 0.0359375
3 0.4609375 0.7718750 0.0197917 0.0515625
5 0.5950521 0.7523437 0.0223958 0.0312500
2 0.5778646 0.4667969 0.0380208 0.0257812
3 0.6533854 0.1312500 0.0171875 0.0515625
2 0.3570313 0.8070312 0.0192708 0.0265625
1 0.5343750 0.4250000 0.0260417 0.0250000
0 0.4921875 0.7867188 0.0250000 0.0453125
5 0.2830729 0.3703125 0.0223958 0.0250000
5 0.6080729 0.2988281 0.0213542 0.0492187
4 0.7750000 0.5570312 0.0333333 0.0296875
3 0.5747396 0.4929688 0.0223958 0.0421875
5 0.2747396 0.6242188 0.0192708 0.0296875
0 0.5658854 0.6855469 0.0203125 0.0414062
4 0.5809896 0.6066406 0.0359375 0.0320312
5 0.3080729 0.5839844 0.0171875 0.0539063
0 0.3726563 0.1160156 0.0223958 0.0554687
0 0.2825521 0.5160156 0.0223958 0.0398437
4 0.4052083 0.4507813 0.0166667 0.0531250
5 0.3601563 0.2222656 0.0348958 0.0289063
0 0.6395833 0.7761719 0.0364583 0.0351562
3 0.4651042 0.2054688 0.0208333 0.0234375
2 0.6208333 0.2707031 0.0302083 0.0382813
5 0.2783854 0.3847656 0.0286458 0.0382813
2 0.6950521 0.3566406 0.0369792 0.0273438
3 0.4960938 0.5187500 0.0192708 0.0281250
0 0.5169271 0.3371094 0.0192708 0.0414062
3 0.4888021 0.4304688 0.0119792 0.0421875
3 0.4239583 0.5152344 0.0354167 0.0289063
4 0.4765625 0.5671875 0.0322917 0.0234375
5 0.5098958 0.2636719 0.0218750 0.0570312
2 0.6028646 0.7648438 0.0223958 0.0562500
3 0.6942708 0.2675781 0.0343750 0.0242188
4 0.5773438 0.2703125 0.0182292 0.0515625
1 0.5072917 0.7074219 0.0270833 0.0445313
3 0.5958333 0.3722656 0.0250000 0.0476562
0 0.4000000 0.4843750 0.0239583 0.0421875
3 0.3638021 0.7089844 0.0244792 0.0492187
2 0.6450521 0.5871094 0.0359375 0.0257812
3 0.3664062 0.6285156 0.0265625 0.0382813
4 0.4187500 0.5914063 0.0177083 0.0312500
4 0.6093750 0.5656250 0.0354167 0.0281250
4 0.7747396 0.6777344 0.0328125 0.0257812
5 0.3869792 0.9800781 0.0270833 0.0382813
1 0.4179688 0.7273437 0.0182292 0.0500000
5 0.3596354 0.7847656 0.0328125 0.0273438
4 0.5013021 0.4324219 0.0338542 0.0242188
1 0.4044271 0.7152344 0.0161458 0.0242188
4 0.5101562 0.8015625 0.0338542 0.0265625
2 0.4744792 0.3210938 0.0187500 0.0515625
1 0.4046875 0.1488281 0.0250000 0.0570312
5 0.5369792 0.8050781 0.0250000 0.0257812
2 0.6445312 0.2003906 0.0369792 0.0226562
5 0.6424479 0.2054688 0.0328125 0.0218750
2 0.5557292 0.1406250 0.0291667 0.0296875
2 0.2783854 0.3550781 0.0369792 0.0257812
1 0.3421875 0.5605469 0.0187500 0.0273438
3 0.5510417 0.3859375 0.0125000 0.0437500
5 0.4880208 0.3417969 0.0208333 0.0554687
4 0.5520833 0.5781250 0.0229167 0.0484375
0 0.5632812 0.6179687 0.0307292 0.0328125
0 0.3971354 0.7554688 0.0328125 0.0375000
4 0.6854167 0.4996094 0.0229167 0.0398437
1 0.4546875 0.6277344 0.0385417 0.0289063
0 0.5106771 0.6292969 0.0359375 0.0226562
3 0.5609375 0.3281250 0.0354167 0.0312500
3 0.6122396 0.2472656 0.0328125 0.0304687
3 0.4921875 0.5371094 0.0343750 0.0335937
0 0.3932292 0.6675781 0.0291667 0.0445313
5 0.3958333 0.4867187 0.0166667 0.0312500
3 0.5684896 0.8101563 0.0338542 0.0234375
4 0.4986979 0.4218750 0.0182292 0.0500000
0 0.5164062 0.5093750 0.0182292 0.0406250
7 0.5815104 0.3066406 0.0203125 0.0414062
10 0.3625000 0.8640625 0.0239583 0.0515625
10 0.5317708 0.8566406 0.0229167 0.0476562
11 0.6445312 0.4371094 0.0338542 0.0335937
7 0.4515625 0.7230469 0.0312500 0.0304687
7 0.4031250 0.4570312 0.0250000 0.0359375
7 0.3986979 0.2613281 0.0213542 0.0476562
6 0.6460938 0.8812500 0.0328125 0.0328125
10 0.4026042 0.4523437 0.0250000 0.0296875
10 0.3263021 0.6906250 0.0307292 0.0359375
