3 0.5609375 0.5527344 0.0510417 0.0539063
7 0.4281250 0.6949219 0.0635417 0.0632812
9 0.5515625 0.4089844 0.0593750 0.0726563
8 0.5143229 0.8367187 0.0588542 0.0750000
10 0.3013021 0.4597656 0.0671875 0.0820312
8 0.5916667 0.1285156 0.0427083 0.0789062
6 0.2794271 0.2804687 0.0640625 0.0828125
11 0.6747396 0.6410156 0.0609375 0.0789062
8 0.3630208 0.2125000 0.0447917 0.0984375
10 0.3976562 0.4605469 0.0567708 0.0570312
10 0.8455729 0.6039062 0.0682292 0.0921875
9 0.3143229 0.5179687 0.0661458 0.0625000
10 0.6052083 0.6976562 0.0583333 0.0593750
6 0.5166667 0.8511719 0.0645833 0.0789062
7 0.2861979 0.8312500 0.0640625 0.0734375
9 0.3585937 0.5324219 0.0671875 0.0648438
6 0.6244792 0.2500000 0.0593750 0.0625000
10 0.7281250 0.5664062 0.0572917 0.0828125
8 0.6236979 0.1816406 0.0619792 0.0617188
