1 0.5591146 0.5199219 0.0203125 0.0367188
1 0.5200521 0.3972656 0.0380208 0.0273438
5 0.6966146 0.3750000 0.0338542 0.0296875
5 0.5403646 0.4871094 0.0348958 0.0382813
4 0.6838542 0.3464844 0.0416667 0.0351562
4 0.6083333 0.8222656 0.0208333 0.0585938
4 0.4697917 0.3316406 0.0260417 0.0648438
0 0.5078125 0.5312500 0.0239583 0.0484375
8 0.6250000 0.1710937 0.0395833 0.0390625
11 0.5453125 0.5238281 0.0229167 0.0398437
7 0.6031250 0.2476562 0.0239583 0.0484375
7 0.3739583 0.1957031 0.0343750 0.0398437
10 0.2458333 0.4636719 0.0385417 0.0367188
10 0.7296875 0.3777344 0.0385417 0.0382813
9 0.6492187 0.5445313 0.0244792 0.0562500
8 0.4979167 0.2515625 0.0354167 0.0421875
8 0.5013021 0.2652344 0.0338542 0.0367188
6 0.2867188 0.3031250 0.0390625 0.0390625
6 0.6513021 0.3402344 0.0338542 0.0398437
9 0.3093750 0.3609375 0.0260417 0.0515625
8 0.7007813 0.1597656 0.0380208 0.0367188
8 0.3471354 0.6578125 0.0401042 0.0531250
