4 0.6252604 0.2714844 0.0234375 0.0164063
0 0.5867187 0.1992188 0.0234375 0.0187500
1 0.2604167 0.7093750 0.0125000 0.0375000
3 0.6710938 0.5070313 0.0255208 0.0218750
1 0.4403646 0.4042969 0.0182292 0.0242188
3 0.5747396 0.7898437 0.0140625 0.0359375
1 0.5523438 0.7773438 0.0140625 0.0359375
1 0.5192708 0.6863281 0.0218750 0.0164063
4 0.5468750 0.3867188 0.0177083 0.0171875
0 0.6187500 0.7027344 0.0156250 0.0148437
2 0.2809896 0.4953125 0.0244792 0.0265625
0 0.6174479 0.5773438 0.0203125 0.0218750
2 0.7080729 0.4425781 0.0151042 0.0382813
3 0.3270833 0.3621094 0.0239583 0.0195312
2 0.4921875 0.7871094 0.0114583 0.0226562
0 0.2489583 0.2324219 0.0114583 0.0367188
5 0.6341146 0.4488281 0.0223958 0.0195312
1 0.5414062 0.4863281 0.0098958 0.0179687
4 0.4669271 0.3433594 0.0161458 0.0273438
3 0.5609375 0.5796875 0.0177083 0.0281250
4 0.5291667 0.6300781 0.0208333 0.0195312
3 0.5669271 0.3644531 0.0223958 0.0195312
4 0.7789063 0.4761719 0.0223958 0.0257812
3 0.4671875 0.1109375 0.0156250 0.0218750
1 0.6242188 0.5714844 0.0223958 0.0179687
2 0.6002604 0.5437500 0.0244792 0.0171875
0 0.3104167 0.1691406 0.0114583 0.0382813
3 0.5598958 0.5382813 0.0197917 0.0281250
0 0.6947917 0.5683594 0.0166667 0.0226562
1 0.6096354 0.5621094 0.0223958 0.0242188
1 0.6289062 0.4390625 0.0223958 0.0156250
1 0.4171875 0.4457031 0.0145833 0.0304687
2 0.6658854 0.2320312 0.0182292 0.0140625
0 0.5203125 0.3132813 0.0104167 0.0265625
0 0.5833333 0.4847656 0.0218750 0.0148437
1 0.5151042 0.3984375 0.0197917 0.0265625
5 0.5143229 0.3773437 0.0213542 0.0234375
4 0.7088542 0.2402344 0.0197917 0.0257812
1 0.4859375 0.8773437 0.0156250 0.0328125
5 0.7299479 0.2101562 0.0255208 0.0171875
0 0.5231771 0.6371094 0.0161458 0.0210938
2 0.3117187 0.8207031 0.0255208 0.0179687
2 0.3963542 0.4285156 0.0218750 0.0179687
5 0.3122396 0.5484375 0.0182292 0.0265625
2 0.5010417 0.8375000 0.0250000 0.0187500
5 0.4937500 0.3652344 0.0135417 0.0179687
2 0.5307292 0.7261719 0.0218750 0.0257812
1 0.5294271 0.6843750 0.0213542 0.0218750
3 0.6234375 0.4761719 0.0114583 0.0273438
2 0.7195312 0.3972656 0.0234375 0.0195312
1 0.5559896 0.4093750 0.0130208 0.0218750
1 0.5315104 0.2816406 0.0140625 0.0226562
3 0.6638021 0.4808594 0.0088542 0.0304687
4 0.2627604 0.6468750 0.0192708 0.0312500
2 0.5145833 0.2578125 0.0197917 0.0250000
2 0.5515625 0.6136719 0.0156250 0.0273438
2 0.6731771 0.5425781 0.0244792 0.0210938
3 0.5375000 0.6230469 0.0156250 0.0179687
3 0.3723958 0.4738281 0.0239583 0.0289063
1 0.6510417 0.3175781 0.0156250 0.0335937
5 0.4617188 0.4558594 0.0234375 0.0179687
2 0.4335938 0.3574219 0.0130208 0.0367188
0 0.4427083 0.1843750 0.0135417 0.0171875
0 0.5424479 0.4578125 0.0255208 0.0187500
0 0.6627604 0.6363281 0.0223958 0.0195312
0 0.5304688 0.3636719 0.0192708 0.0195312
1 0.4992187 0.5355469 0.0255208 0.0210938
5 0.5208333 0.5921875 0.0239583 0.0187500
1 0.4695313 0.6542969 0.0140625 0.0226562
3 0.6153646 0.6917969 0.0244792 0.0226562
0 0.4028646 0.3125000 0.0171875 0.0171875
3 0.3994792 0.5449219 0.0229167 0.0148437
2 0.3351562 0.7675781 0.0151042 0.0320312
1 0.6666667 0.3550781 0.0145833 0.0226562
0 0.5179687 0.5507812 0.0182292 0.0312500
11 0.5757813 0.1859375 0.0182292 0.0234375
11 0.3044271 0.8210937 0.0234375 0.0234375
9 0.6229167 0.7058594 0.0187500 0.0320312
6 0.8218750 0.4644531 0.0218750 0.0351562
11 0.3976562 0.2250000 0.0223958 0.0343750
6 0.4403646 0.2394531 0.0182292 0.0320312
6 0.7122396 0.3980469 0.0192708 0.0304687
