1 0.5252604 0.7250000 0.0526042 0.0437500
4 0.7260417 0.2843750 0.0645833 0.0390625
5 0.4333333 0.1492188 0.0281250 0.0968750
1 0.5278646 0.4460938 0.0484375 0.0437500
2 0.4723958 0.4179688 0.0541667 0.0640625
5 0.4843750 0.5906250 0.0541667 0.0500000
3 0.6854167 0.3402344 0.0395833 0.0726563
2 0.4921875 0.6574219 0.0281250 0.0867187
1 0.5257812 0.0683594 0.0494792 0.0429688
4 0.4208333 0.2242187 0.0239583 0.0421875
3 0.7039062 0.5867187 0.0463542 0.0625000
1 0.5377604 0.2847656 0.0546875 0.0367188
5 0.5278646 0.4726562 0.0578125 0.0437500
2 0.5627604 0.5175781 0.0328125 0.0492187
0 0.4864583 0.6367188 0.0552083 0.0562500
1 0.5197917 0.4019531 0.0312500 0.0867187
2 0.4497396 0.7718750 0.0630208 0.0515625
2 0.4085937 0.9066406 0.0338542 0.0851563
0 0.3893229 0.5265625 0.0348958 0.0937500
2 0.3992188 0.6863281 0.0328125 0.0601563
5 0.4239583 0.2644531 0.0468750 0.0585938
0 0.3817708 0.5609375 0.0552083 0.0593750
4 0.5598958 0.7437500 0.0645833 0.0437500
3 0.6411458 0.4507813 0.0520833 0.0578125
2 0.4976563 0.1625000 0.0473958 0.0593750
5 0.4421875 0.5054688 0.0635417 0.0484375
10 0.6898437 0.7050781 0.0598958 0.0804688
11 0.5015625 0.2671875 0.0604167 0.0640625
10 0.4455729 0.8289062 0.0567708 0.0640625
9 0.5348958 0.3617187 0.0531250 0.0531250
11 0.2335937 0.6042969 0.0505208 0.0554687
7 0.2955729 0.6671875 0.0473958 0.0734375
7 0.4609375 0.8390625 0.0364583 0.0812500
9 0.2354167 0.5589844 0.0447917 0.0820312
8 0.5776042 0.2207031 0.0583333 0.0570312
7 0.2611979 0.4433594 0.0442708 0.0617188
10 0.7322917 0.6460938 0.0541667 0.0734375
11 0.5895833 0.9312500 0.0593750 0.0718750
9 0.5575521 0.2613281 0.0536458 0.0867187
8 0.6026042 0.7324219 0.0541667 0.0539063
7 0.5361979 0.2718750 0.0401042 0.0531250
