0 0.5395833 0.5394531 0.0114583 0.0273438
3 0.6153646 0.1378906 0.0234375 0.0195312
2 0.5250000 0.3097656 0.0250000 0.0242188
5 0.6669271 0.6445312 0.0140625 0.0187500
0 0.5674479 0.8000000 0.0244792 0.0187500
4 0.3635417 0.1011719 0.0125000 0.0148437
2 0.4695313 0.6546875 0.0244792 0.0187500
3 0.5278646 0.1613281 0.0119792 0.0335937
1 0.3809896 0.8675781 0.0161458 0.0289063
1 0.4760417 0.5878906 0.0135417 0.0304687
2 0.4114583 0.6328125 0.0250000 0.0156250
4 0.5763021 0.3675781 0.0182292 0.0335937
2 0.4906250 0.6941406 0.0166667 0.0335937
5 0.4617188 0.2437500 0.0161458 0.0343750
4 0.5179687 0.4226563 0.0140625 0.0265625
5 0.5976562 0.5253906 0.0244792 0.0164063
1 0.5059896 0.4148438 0.0182292 0.0187500
3 0.3101563 0.4800781 0.0223958 0.0179687
1 0.6591146 0.6996094 0.0130208 0.0210938
5 0.5369792 0.3308594 0.0177083 0.0257812
1 0.7067708 0.7199219 0.0218750 0.0148437
0 0.3796875 0.7261719 0.0093750 0.0210938
1 0.6093750 0.4792969 0.0239583 0.0148437
4 0.4229167 0.8597656 0.0135417 0.0164063
7 0.5820312 0.3609375 0.0234375 0.0281250
7 0.3658854 0.5683594 0.0223958 0.0242188
