4 0.6385417 0.5144531 0.1104167 0.1851562
2 0.6067708 0.3625000 0.0812500 0.1203125
0 0.6289062 0.5386719 0.0963542 0.1898438
2 0.5877604 0.6855469 0.1369792 0.1335938
3 0.6179687 0.1210938 0.1109375 0.1765625
0 0.5781250 0.9183594 0.0833333 0.1617187
2 0.2963542 0.2089844 0.1447917 0.0898438
3 0.3611979 0.2238281 0.1671875 0.1148437
5 0.4572917 0.5351562 0.1166667 0.0984375
5 0.5807292 0.7101563 0.0979167 0.1203125
2 0.5424479 0.7089844 0.1411458 0.1773437
5 0.5838542 0.4640625 0.1531250 0.1390625
0 0.6979167 0.2761719 0.1104167 0.1257813
1 0.4664063 0.3394531 0.1692708 0.1273438
1 0.4085937 0.6050781 0.1223958 0.1570313
5 0.6828125 0.2972656 0.1458333 0.1132812
3 0.3098958 0.3425781 0.1260417 0.1507813
4 0.4111979 0.7695312 0.0786458 0.2093750
3 0.3033854 0.7136719 0.1088542 0.1523438
9 0.4164062 0.8015625 0.1026042 0.1531250
