3 0.5416667 0.2449219 0.0406250 0.0507812
5 0.2893229 0.3875000 0.0442708 0.0875000
3 0.6625000 0.8089844 0.0666667 0.0476562
1 0.3635417 0.1285156 0.0677083 0.0476562
1 0.7153646 0.3171875 0.0630208 0.0421875
4 0.4257812 0.6250000 0.0484375 0.0921875
2 0.5161458 0.4863281 0.0302083 0.0929688
2 0.5955729 0.5699219 0.0713542 0.0523438
0 0.3070312 0.7429687 0.0348958 0.0937500
2 0.5531250 0.8585938 0.0625000 0.0437500
3 0.6885417 0.8359375 0.0697917 0.0453125
4 0.4940104 0.6285156 0.0661458 0.0539063
5 0.7330729 0.6199219 0.0682292 0.0585938
3 0.3182292 0.2535156 0.0458333 0.0679687
4 0.4479167 0.7316406 0.0343750 0.0601563
2 0.2109375 0.5425781 0.0552083 0.0617188
0 0.7369792 0.5332031 0.0625000 0.0648438
0 0.5481771 0.8132812 0.0307292 0.0937500
3 0.7026042 0.4011719 0.0614583 0.0414062
0 0.3877604 0.6777344 0.0484375 0.0789062
2 0.2744792 0.7500000 0.0687500 0.0546875
1 0.5346354 0.6671875 0.0578125 0.0562500
1 0.5830729 0.7972656 0.0651042 0.0414062
2 0.5794271 0.3988281 0.0526042 0.0585938
3 0.4950521 0.5476562 0.0328125 0.0890625
4 0.4796875 0.5585938 0.0458333 0.0921875
1 0.5596354 0.6160156 0.0421875 0.0898438
3 0.2625000 0.7335938 0.0541667 0.0593750
2 0.6414062 0.3371094 0.0630208 0.0445313
3 0.6460938 0.5515625 0.0244792 0.0515625
4 0.6208333 0.3027344 0.0395833 0.0726563
1 0.4932292 0.2250000 0.0437500 0.0765625
5 0.5929688 0.3417969 0.0359375 0.0664062
4 0.6101562 0.3031250 0.0640625 0.0468750
4 0.6664062 0.6867188 0.0640625 0.0453125
4 0.4585938 0.3750000 0.0276042 0.0921875
5 0.7309896 0.5667969 0.0651042 0.0445313
1 0.3174479 0.4246094 0.0276042 0.0742188
5 0.3572917 0.3257813 0.0531250 0.0625000
5 0.7447917 0.2718750 0.0593750 0.0546875
2 0.5190104 0.3234375 0.0526042 0.0796875
5 0.4039063 0.6847656 0.0661458 0.0445313
4 0.3859375 0.3109375 0.0291667 0.0468750
5 0.6658854 0.1187500 0.0463542 0.0953125
2 0.5536458 0.2539062 0.0364583 0.0734375
3 0.5187500 0.3914063 0.0427083 0.0484375
1 0.3296875 0.2730469 0.0635417 0.0648438
1 0.6286458 0.5332031 0.0302083 0.0789062
2 0.5986979 0.4753906 0.0588542 0.0648438
3 0.5901042 0.2699219 0.0447917 0.0617188
1 0.6468750 0.2656250 0.0687500 0.0375000
0 0.3635417 0.7808594 0.0614583 0.0710937
2 0.6520833 0.5812500 0.0250000 0.0609375
5 0.6963542 0.9085937 0.0333333 0.0890625
0 0.6510417 0.5738281 0.0489583 0.0570312
2 0.5830729 0.3007812 0.0651042 0.0531250
0 0.6768229 0.5320312 0.0536458 0.0859375
0 0.5585938 0.5203125 0.0703125 0.0484375
1 0.7000000 0.1343750 0.0645833 0.0468750
5 0.4197917 0.1789062 0.0500000 0.0531250
3 0.4502604 0.7656250 0.0255208 0.0828125
2 0.6992188 0.2070312 0.0651042 0.0484375
5 0.3476562 0.8722656 0.0588542 0.0617188
0 0.5536458 0.5054688 0.0500000 0.0953125
3 0.3648438 0.5160156 0.0276042 0.0679687
4 0.4518229 0.2027344 0.0598958 0.0695313
5 0.5643229 0.5332031 0.0369792 0.0945312
5 0.5007812 0.2417969 0.0494792 0.0898438
2 0.4898438 0.2617188 0.0307292 0.0468750
5 0.3921875 0.7304688 0.0322917 0.0468750
1 0.4671875 0.1359375 0.0677083 0.0453125
4 0.5036458 0.3820312 0.0583333 0.0515625
2 0.5450521 0.7191406 0.0546875 0.0882813
0 0.5903646 0.6746094 0.0328125 0.0882813
3 0.3216146 0.4687500 0.0546875 0.0765625
6 0.3585937 0.0742188 0.0411458 0.0953125
8 0.5466146 0.6671875 0.0578125 0.0562500
10 0.4515625 0.3531250 0.0364583 0.0640625
8 0.5166667 0.7714844 0.0541667 0.0648438
6 0.3645833 0.6847656 0.0614583 0.0867187
10 0.5661458 0.7898437 0.0625000 0.0734375
11 0.6312500 0.6917969 0.0593750 0.0585938
9 0.7606771 0.6074219 0.0682292 0.0882813
7 0.7294271 0.1597656 0.0640625 0.0632812
7 0.7372396 0.3128906 0.0692708 0.0789062
8 0.3846354 0.7531250 0.0630208 0.0625000
