0 0.6213542 0.5644531 0.0312500 0.0335937
4 0.5125000 0.7015625 0.0239583 0.0171875
1 0.6549479 0.5792969 0.0276042 0.0210938
1 0.6958333 0.7597656 0.0333333 0.0210938
4 0.5554687 0.7359375 0.0328125 0.0250000
5 0.7328125 0.7644531 0.0364583 0.0257812
3 0.4411458 0.4128906 0.0177083 0.0507812
5 0.3854167 0.3140625 0.0197917 0.0296875
3 0.5140625 0.7609375 0.0166667 0.0265625
3 0.6661458 0.7183594 0.0302083 0.0273438
2 0.6778646 0.6292969 0.0328125 0.0289063
0 0.7169271 0.8265625 0.0203125 0.0390625
0 0.5210938 0.7195312 0.0213542 0.0421875
5 0.5786458 0.1390625 0.0208333 0.0421875
5 0.6130208 0.3355469 0.0333333 0.0273438
3 0.6776042 0.4214844 0.0177083 0.0460938
4 0.6809896 0.5316406 0.0140625 0.0367188
5 0.4265625 0.1000000 0.0302083 0.0296875
0 0.2838542 0.5488281 0.0333333 0.0242188
3 0.5619792 0.7781250 0.0239583 0.0265625
3 0.3750000 0.4945312 0.0354167 0.0265625
5 0.2947917 0.1250000 0.0145833 0.0484375
0 0.7174479 0.6375000 0.0161458 0.0531250
4 0.7085938 0.7164063 0.0286458 0.0406250
5 0.5468750 0.6832031 0.0187500 0.0382813
4 0.5067708 0.5320312 0.0166667 0.0328125
0 0.4653646 0.6191406 0.0234375 0.0179687
2 0.4002604 0.5175781 0.0317708 0.0226562
3 0.3403646 0.2121094 0.0192708 0.0476562
0 0.5296875 0.1859375 0.0260417 0.0250000
0 0.5718750 0.7074219 0.0218750 0.0445313
3 0.4843750 0.3347656 0.0218750 0.0398437
1 0.6455729 0.3519531 0.0244792 0.0476562
3 0.5856771 0.3449219 0.0328125 0.0226562
5 0.5148438 0.9289063 0.0317708 0.0312500
4 0.2940104 0.6261719 0.0161458 0.0382813
3 0.7492188 0.7839844 0.0203125 0.0507812
2 0.2796875 0.2187500 0.0312500 0.0218750
5 0.4216146 0.2226562 0.0234375 0.0546875
5 0.3869792 0.2222656 0.0187500 0.0273438
1 0.4648438 0.4671875 0.0192708 0.0281250
3 0.5919271 0.6375000 0.0328125 0.0265625
2 0.3486979 0.3535156 0.0255208 0.0429688
0 0.6065104 0.2468750 0.0161458 0.0312500
4 0.6153646 0.5863281 0.0317708 0.0320312
1 0.5867187 0.2667969 0.0338542 0.0289063
1 0.6302083 0.3589844 0.0312500 0.0210938
5 0.6799479 0.2808594 0.0192708 0.0507812
2 0.7458333 0.7183594 0.0260417 0.0414062
0 0.5255208 0.3933594 0.0291667 0.0335937
0 0.3596354 0.5562500 0.0213542 0.0296875
2 0.3830729 0.3507812 0.0286458 0.0234375
3 0.6369792 0.4171875 0.0302083 0.0390625
0 0.7169271 0.3441406 0.0213542 0.0367188
2 0.4489583 0.6906250 0.0218750 0.0296875
3 0.6054688 0.5539063 0.0203125 0.0343750
4 0.5002604 0.8058594 0.0182292 0.0429688
3 0.4466146 0.7632813 0.0192708 0.0390625
2 0.5718750 0.3023438 0.0197917 0.0250000
1 0.5296875 0.5789062 0.0229167 0.0437500
4 0.4627604 0.3570313 0.0182292 0.0437500
5 0.6200521 0.4417969 0.0140625 0.0492187
4 0.6661458 0.6601562 0.0302083 0.0203125
1 0.3098958 0.2910156 0.0354167 0.0242188
3 0.4924479 0.2777344 0.0213542 0.0226562
1 0.4330729 0.4406250 0.0223958 0.0453125
4 0.4341146 0.5785156 0.0182292 0.0320312
2 0.4734375 0.4972656 0.0197917 0.0257812
2 0.7950521 0.7226562 0.0338542 0.0328125
0 0.4812500 0.6632813 0.0239583 0.0281250
2 0.6906250 0.4964844 0.0343750 0.0257812
1 0.4677083 0.4574219 0.0229167 0.0367188
5 0.5348958 0.6261719 0.0208333 0.0414062
1 0.6393229 0.2582031 0.0307292 0.0289063
11 0.6369792 0.3523438 0.0250000 0.0375000
8 0.7807292 0.5597656 0.0260417 0.0476562
11 0.5437500 0.2222656 0.0218750 0.0382813
9 0.7062500 0.5015625 0.0218750 0.0484375
9 0.3507812 0.1949219 0.0213542 0.0476562
8 0.6984375 0.2917969 0.0322917 0.0320312
9 0.5085937 0.5445313 0.0192708 0.0328125
6 0.5968750 0.1394531 0.0312500 0.0367188
9 0.5960937 0.3894531 0.0317708 0.0335937
9 0.6049479 0.2863281 0.0296875 0.0429688
