1 0.7424479 0.4746094 0.0234375 0.0335937
1 0.4325521 0.1699219 0.0296875 0.0210938
3 0.3562500 0.1257813 0.0270833 0.0250000
3 0.6315104 0.3726563 0.0265625 0.0203125
5 0.6122396 0.6667969 0.0296875 0.0195312
4 0.6703125 0.3269531 0.0291667 0.0242188
3 0.6494792 0.3070312 0.0312500 0.0187500
1 0.4572917 0.6984375 0.0156250 0.0265625
2 0.7632813 0.5742188 0.0223958 0.0359375
2 0.4304688 0.1750000 0.0296875 0.0218750
3 0.3994792 0.5601563 0.0302083 0.0187500
0 0.4656250 0.6382813 0.0229167 0.0187500
10 0.3393229 0.5554687 0.0171875 0.0390625
9 0.6544271 0.6250000 0.0296875 0.0281250
6 0.4294271 0.2355469 0.0276042 0.0382813
10 0.4252604 0.3332031 0.0234375 0.0257812
7 0.4919271 0.8843750 0.0244792 0.0375000
7 0.6221354 0.4730469 0.0286458 0.0367188
6 0.5223958 0.3753906 0.0208333 0.0273438
11 0.4101562 0.4054687 0.0182292 0.0390625
7 0.7351562 0.7324219 0.0265625 0.0257812
8 0.7010417 0.7730469 0.0281250 0.0335937
6 0.3510417 0.6417969 0.0302083 0.0289063
8 0.6348958 0.5507812 0.0197917 0.0406250
8 0.5570312 0.8753906 0.0223958 0.0382813
7 0.3226562 0.6988281 0.0276042 0.0304687
11 0.4721354 0.4679687 0.0171875 0.0375000
11 0.3895833 0.1730469 0.0218750 0.0445313
