2 0.6770833 0.5542969 0.0427083 0.1195313
2 0.3070312 0.5121094 0.0671875 0.0539063
3 0.3921875 0.4187500 0.0447917 0.1000000
0 0.6239583 0.2464844 0.0697917 0.0554687
0 0.3447917 0.7449219 0.0395833 0.0914062
1 0.7114583 0.6429687 0.0812500 0.0609375
2 0.5893229 0.7621094 0.0713542 0.0648438
2 0.3830729 0.1972656 0.0682292 0.0507812
1 0.6643229 0.5582031 0.0442708 0.0585938
5 0.5471354 0.4660156 0.0473958 0.0757812
4 0.3309896 0.3886719 0.0703125 0.0445313
0 0.7208333 0.3867188 0.0750000 0.0468750
2 0.2359375 0.5785156 0.0385417 0.1101562
3 0.3861979 0.6593750 0.0755208 0.0609375
4 0.6528646 0.4828125 0.0390625 0.1046875
0 0.3208333 0.6546875 0.0583333 0.0890625
5 0.4664063 0.7398438 0.0505208 0.1015625
5 0.6000000 0.4425781 0.0468750 0.0726563
3 0.6020833 0.7148438 0.0625000 0.0421875
5 0.3570313 0.7960938 0.0838542 0.0609375
3 0.6692708 0.3824219 0.0312500 0.1007813
4 0.3953125 0.5281250 0.0645833 0.0468750
0 0.4651042 0.7109375 0.0416667 0.1078125
7 0.6783854 0.6496094 0.0546875 0.1007813
7 0.5971354 0.6890625 0.0807292 0.1000000
11 0.6536458 0.6203125 0.0739583 0.1046875
6 0.4401042 0.4148438 0.0666667 0.0875000
9 0.6330729 0.7410156 0.0692708 0.0695313
10 0.4591146 0.6433594 0.0515625 0.0726563
11 0.6000000 0.3035156 0.0760417 0.0742188
7 0.5427083 0.2593750 0.0479167 0.0968750
6 0.4682292 0.1824219 0.0562500 0.1085938
7 0.5492187 0.6714844 0.0744792 0.0757812
7 0.5377604 0.5156250 0.0734375 0.0703125
6 0.6828125 0.2378906 0.0708333 0.0804688
9 0.6895833 0.3097656 0.0739583 0.0945312
6 0.6268229 0.5421875 0.0765625 0.0968750
