3 0.5622396 0.6015625 0.0463542 0.0703125
1 0.6153646 0.7613281 0.0359375 0.0679687
3 0.7640625 0.3839844 0.0447917 0.0382813
1 0.5593750 0.3691406 0.0531250 0.0351562
3 0.6872396 0.6226563 0.0317708 0.0437500
2 0.4281250 0.3242188 0.0281250 0.0937500
4 0.5854167 0.5648437 0.0489583 0.0640625
3 0.4169271 0.5445313 0.0526042 0.0562500
4 0.3104167 0.5863281 0.0583333 0.0382813
1 0.3739583 0.3199219 0.0395833 0.0460938
5 0.6622396 0.5929688 0.0567708 0.0406250
0 0.6179687 0.7730469 0.0442708 0.0429688
4 0.2947917 0.3972656 0.0416667 0.0445313
5 0.6703125 0.2308594 0.0531250 0.0414062
2 0.5804687 0.8566406 0.0401042 0.0804688
2 0.3846354 0.6671875 0.0369792 0.0984375
0 0.4442708 0.2304688 0.0333333 0.0562500
3 0.7148438 0.7089844 0.0630208 0.0523438
5 0.6481771 0.3671875 0.0578125 0.0531250
3 0.5114583 0.4296875 0.0427083 0.0562500
0 0.5708333 0.3312500 0.0312500 0.0546875
3 0.3236979 0.5792969 0.0557292 0.0382813
3 0.6864583 0.4363281 0.0614583 0.0460938
2 0.6093750 0.5718750 0.0250000 0.0781250
1 0.4489583 0.0378906 0.0322917 0.0757812
2 0.6059896 0.3914063 0.0619792 0.0531250
4 0.8098958 0.2484375 0.0604167 0.0562500
3 0.5528646 0.6316406 0.0442708 0.0367188
4 0.6541667 0.8972656 0.0302083 0.0710937
2 0.6559896 0.5527344 0.0619792 0.0492187
0 0.3109375 0.6746094 0.0322917 0.0960938
2 0.4721354 0.9085937 0.0411458 0.0828125
3 0.4234375 0.5652344 0.0291667 0.0570312
5 0.4627604 0.8433594 0.0526042 0.0695313
3 0.6348958 0.6757812 0.0614583 0.0609375
4 0.6473958 0.2921875 0.0260417 0.0875000
2 0.4877604 0.5058594 0.0390625 0.0539063
3 0.6614583 0.7484375 0.0635417 0.0453125
2 0.5765625 0.3792969 0.0656250 0.0585938
2 0.4721354 0.5597656 0.0432292 0.0523438
2 0.6947917 0.5210938 0.0437500 0.0421875
0 0.6700521 0.4378906 0.0598958 0.0570312
5 0.5135417 0.7792969 0.0343750 0.0757812
1 0.5348958 0.4566406 0.0635417 0.0492187
3 0.6057292 0.2613281 0.0354167 0.0554687
3 0.4437500 0.2300781 0.0562500 0.0523438
2 0.5947917 0.8453125 0.0333333 0.0421875
5 0.5208333 0.7757812 0.0479167 0.0468750
0 0.3408854 0.4421875 0.0276042 0.0703125
4 0.5971354 0.3988281 0.0526042 0.0476562
4 0.3270833 0.5164062 0.0604167 0.0375000
2 0.4776042 0.4292969 0.0427083 0.0585938
3 0.6135417 0.0925781 0.0322917 0.0835937
2 0.3291667 0.2468750 0.0583333 0.0328125
2 0.5778646 0.3218750 0.0598958 0.0375000
3 0.3549479 0.4535156 0.0515625 0.0664062
3 0.5039062 0.5527344 0.0286458 0.0773438
1 0.4479167 0.5832031 0.0427083 0.0539063
1 0.6234375 0.6242188 0.0656250 0.0453125
3 0.6966146 0.2085937 0.0588542 0.0406250
4 0.7536458 0.1843750 0.0625000 0.0453125
3 0.4864583 0.2578125 0.0500000 0.0625000
4 0.5750000 0.8292969 0.0375000 0.0851563
3 0.5359375 0.1468750 0.0572917 0.0593750
4 0.4898438 0.1261719 0.0442708 0.0710937
2 0.5377604 0.3281250 0.0348958 0.0562500
2 0.6369792 0.6199219 0.0635417 0.0476562
2 0.5510417 0.6390625 0.0593750 0.0421875
4 0.6669271 0.5832031 0.0369792 0.0835937
1 0.3372396 0.4449219 0.0276042 0.0773438
2 0.6033854 0.5179687 0.0578125 0.0609375
3 0.6578125 0.2140625 0.0593750 0.0390625
2 0.7083333 0.4828125 0.0625000 0.0531250
5 0.2632813 0.5109375 0.0609375 0.0515625
1 0.2408854 0.3632812 0.0411458 0.0734375
4 0.7158854 0.3636719 0.0630208 0.0429688
5 0.5351562 0.3222656 0.0432292 0.0726563
11 0.6710938 0.8058594 0.0380208 0.0867187
9 0.4143229 0.7695312 0.0463542 0.0890625
11 0.5367188 0.4742188 0.0359375 0.0718750
8 0.3049479 0.5460938 0.0609375 0.0765625
10 0.5981771 0.6820312 0.0598958 0.0843750
11 0.5992188 0.5488281 0.0421875 0.0585938
8 0.5643229 0.4179688 0.0421875 0.0765625
10 0.4411458 0.3195312 0.0541667 0.0531250
6 0.4570312 0.7480469 0.0578125 0.0820312
11 0.3239583 0.3972656 0.0562500 0.0679687
10 0.4106771 0.1230469 0.0432292 0.0898438
7 0.6018229 0.3601563 0.0401042 0.0921875
10 0.6539063 0.5316406 0.0453125 0.0773438
