0 0.7848958 0.2687500 0.0750000 0.0578125
4 0.5442708 0.6929688 0.0697917 0.0484375
1 0.5796875 0.7171875 0.0791667 0.0546875
4 0.3200521 0.8070312 0.0598958 0.0953125
2 0.4309896 0.8085938 0.0473958 0.1265625
3 0.5846354 0.3550781 0.0380208 0.1054688
0 0.2955729 0.5855469 0.0526042 0.0632812
4 0.5567708 0.8433594 0.0750000 0.0539063
2 0.5565104 0.4203125 0.0817708 0.0609375
3 0.6091146 0.6031250 0.0703125 0.0421875
2 0.7617188 0.1812500 0.0786458 0.0734375
2 0.4135417 0.5160156 0.0791667 0.0710937
1 0.2489583 0.7457031 0.0750000 0.0679687
2 0.4981771 0.6164063 0.0807292 0.0578125
1 0.2742188 0.5421875 0.0578125 0.0500000
5 0.6479167 0.6312500 0.0697917 0.0609375
1 0.6960937 0.6117187 0.0692708 0.0640625
0 0.3250000 0.1871094 0.0500000 0.0789062
5 0.3549479 0.2222656 0.0421875 0.0929688
5 0.3236979 0.8386719 0.0807292 0.0585938
2 0.5690104 0.6019531 0.0619792 0.0554687
2 0.6898437 0.3722656 0.0744792 0.0648438
1 0.3046875 0.7058594 0.0697917 0.0632812
4 0.6330729 0.6882812 0.0453125 0.0812500
5 0.6601562 0.2550781 0.0744792 0.0539063
1 0.2677083 0.5085937 0.0520833 0.0703125
5 0.2234375 0.6554688 0.0500000 0.0843750
5 0.2903646 0.5585938 0.0369792 0.0781250
0 0.5851563 0.7269531 0.0776042 0.0695313
4 0.4000000 0.7210937 0.0645833 0.0640625
1 0.5299479 0.2691406 0.0598958 0.0445313
5 0.4708333 0.7089844 0.0697917 0.0695313
5 0.5203125 0.7207031 0.0437500 0.1054688
1 0.5239583 0.3378906 0.0395833 0.0695313
4 0.2872396 0.7171875 0.0380208 0.1000000
3 0.4971354 0.4410156 0.0619792 0.0695313
5 0.2677083 0.4570312 0.0364583 0.1187500
5 0.3406250 0.2675781 0.0718750 0.0554687
3 0.3429687 0.5476562 0.0651042 0.0796875
0 0.4916667 0.7113281 0.0489583 0.0710937
3 0.5833333 0.3527344 0.0479167 0.0710937
0 0.4958333 0.4382813 0.0395833 0.0875000
4 0.3763021 0.5058594 0.0505208 0.0523438
0 0.6257812 0.4277344 0.0807292 0.0664062
2 0.3963542 0.6218750 0.0302083 0.0640625
2 0.6739583 0.2562500 0.0406250 0.0578125
5 0.6184896 0.3015625 0.0796875 0.0781250
3 0.4651042 0.7179688 0.0458333 0.0843750
1 0.5440104 0.7457031 0.0359375 0.1085938
1 0.2890625 0.4773438 0.0635417 0.0578125
3 0.7296875 0.5593750 0.0510417 0.0843750
5 0.4765625 0.8882813 0.0375000 0.1062500
2 0.5979167 0.6468750 0.0500000 0.0546875
5 0.4026042 0.2523437 0.0822917 0.0625000
4 0.5911458 0.6109375 0.0354167 0.1156250
2 0.6971354 0.3363281 0.0473958 0.0851563
3 0.4213542 0.0910156 0.0406250 0.0945312
2 0.5296875 0.1410156 0.0572917 0.1054688
5 0.2851562 0.3691406 0.0755208 0.0554687
4 0.3661458 0.2746094 0.0802083 0.0773438
0 0.4075521 0.2273438 0.0734375 0.0578125
0 0.5536458 0.4898438 0.0750000 0.0625000
5 0.5700521 0.1402344 0.0348958 0.1117188
4 0.5315104 0.7726563 0.0505208 0.1046875
2 0.3440104 0.7914062 0.0463542 0.1015625
4 0.5018229 0.6414062 0.0390625 0.1234375
5 0.7320313 0.5921875 0.0723958 0.0531250
4 0.6919271 0.4378906 0.0671875 0.1085938
1 0.5098958 0.5082031 0.0312500 0.1070312
4 0.5031250 0.5156250 0.0708333 0.0578125
3 0.4838542 0.0906250 0.0635417 0.0562500
1 0.2906250 0.4695313 0.0614583 0.1046875
2 0.5880208 0.7105469 0.0322917 0.0523438
0 0.5026042 0.2398437 0.0572917 0.0796875
1 0.5710937 0.4343750 0.0515625 0.0875000
1 0.6317708 0.3648438 0.0562500 0.0734375
6 0.5692708 0.4964844 0.0708333 0.0726563
10 0.6078125 0.2218750 0.0729167 0.0734375
9 0.2643229 0.6839844 0.0682292 0.1039063
8 0.3304687 0.6718750 0.0473958 0.1109375
7 0.5950521 0.5140625 0.0671875 0.0734375
8 0.3304687 0.2136719 0.0651042 0.0851563
8 0.4822917 0.6789063 0.0458333 0.1062500
11 0.3955729 0.6402344 0.0661458 0.0742188
7 0.5799479 0.5089844 0.0703125 0.0679687
6 0.5020833 0.3656250 0.0656250 0.0968750
