2 0.6861979 0.5558594 0.0755208 0.0523438
0 0.7338542 0.2460938 0.0822917 0.0640625
0 0.3132813 0.5144531 0.0432292 0.1117188
2 0.5520833 0.1933594 0.0833333 0.0851563
3 0.6315104 0.5632812 0.0880208 0.0718750
0 0.6054688 0.8335938 0.0442708 0.1296875
2 0.4104167 0.2023437 0.0416667 0.1000000
4 0.6682292 0.6109375 0.0385417 0.0671875
0 0.7773438 0.3765625 0.0890625 0.0656250
2 0.5575521 0.1796875 0.0411458 0.0578125
4 0.5028646 0.3988281 0.0578125 0.0398437
3 0.6992188 0.4265625 0.0421875 0.1218750
3 0.6239583 0.6089844 0.0750000 0.0695313
7 0.4658854 0.3238281 0.0807292 0.0835937
9 0.4763021 0.8039063 0.0526042 0.1109375
8 0.5721354 0.5917969 0.0755208 0.1085938
7 0.4218750 0.5542969 0.0572917 0.1226562
11 0.4166667 0.6585937 0.0520833 0.1187500
7 0.4578125 0.3945312 0.0729167 0.0812500
10 0.3208333 0.7480469 0.0791667 0.1007813
9 0.5593750 0.2472656 0.0479167 0.0679687
11 0.3635417 0.3113281 0.0656250 0.0710937
10 0.3195312 0.7050781 0.0505208 0.1210938
6 0.3494792 0.3234375 0.0510417 0.0828125
7 0.5317708 0.5242187 0.0718750 0.1000000
11 0.5911458 0.5488281 0.0541667 0.0882813
