2 0.2289063 0.5308594 0.1244792 0.0882813
4 0.2309896 0.5097656 0.0786458 0.0929688
2 0.3460937 0.5871094 0.0994792 0.1085938
2 0.5062500 0.7421875 0.1187500 0.1453125
2 0.6330729 0.1992188 0.1317708 0.1171875
3 0.6328125 0.6968750 0.0708333 0.2187500
5 0.6161458 0.4304688 0.1250000 0.0859375
1 0.3276042 0.3003906 0.1114583 0.0914062
1 0.6182292 0.4882812 0.0635417 0.0890625
0 0.4158854 0.8773437 0.0692708 0.1937500
6 0.6255208 0.5406250 0.1208333 0.1156250
6 0.3335938 0.8285156 0.1005208 0.1835938
10 0.7885417 0.5468750 0.1187500 0.1156250
9 0.5640625 0.2160156 0.1156250 0.1664063
9 0.7148438 0.2472656 0.1140625 0.1429688
7 0.6763021 0.6652344 0.0911458 0.1742188
8 0.7471354 0.5429688 0.1140625 0.1421875
11 0.2562500 0.4187500 0.1229167 0.1187500
9 0.5260417 0.9019531 0.1302083 0.1945312
6 0.3630208 0.3503906 0.0864583 0.2023437
11 0.5283854 0.2558594 0.0786458 0.1789062
8 0.1763021 0.4820313 0.1276042 0.1812500
8 0.5312500 0.0488281 0.0843750 0.0976562
7 0.5312500 0.5191406 0.1364583 0.1695312
6 0.7161458 0.6195312 0.1114583 0.1078125
6 0.5765625 0.7855469 0.1145833 0.1710937
