4 0.7479167 0.5417969 0.0239583 0.0257812
0 0.4994792 0.3945312 0.0239583 0.0171875
5 0.6354167 0.4953125 0.0218750 0.0250000
0 0.4226563 0.2332031 0.0265625 0.0226562
1 0.6890625 0.7792969 0.0260417 0.0195312
1 0.4679687 0.2066406 0.0119792 0.0382813
5 0.3598958 0.3601563 0.0156250 0.0187500
5 0.3736979 0.4941406 0.0182292 0.0242188
0 0.5598958 0.4464844 0.0197917 0.0257812
0 0.6067708 0.5128906 0.0229167 0.0164063
4 0.4231771 0.7582031 0.0203125 0.0195312
3 0.3437500 0.4136719 0.0250000 0.0257812
0 0.7244792 0.4453125 0.0114583 0.0375000
2 0.5950521 0.8429688 0.0223958 0.0203125
5 0.3700521 0.2078125 0.0119792 0.0265625
0 0.5976562 0.8988281 0.0255208 0.0195312
0 0.5713542 0.3675781 0.0208333 0.0257812
4 0.5734375 0.6062500 0.0208333 0.0218750
1 0.4885417 0.2804687 0.0218750 0.0281250
3 0.4223958 0.3671875 0.0197917 0.0171875
4 0.6960937 0.4511719 0.0255208 0.0195312
4 0.4257812 0.4695313 0.0234375 0.0203125
0 0.5705729 0.2062500 0.0213542 0.0234375
3 0.4265625 0.4730469 0.0166667 0.0257812
1 0.6187500 0.3757813 0.0114583 0.0234375
5 0.4125000 0.0492187 0.0166667 0.0343750
4 0.5000000 0.5371094 0.0135417 0.0164063
3 0.6765625 0.5832031 0.0187500 0.0273438
4 0.3536458 0.3546875 0.0218750 0.0281250
3 0.6127604 0.5015625 0.0234375 0.0203125
2 0.6455729 0.8777344 0.0234375 0.0179687
0 0.5031250 0.4097656 0.0270833 0.0195312
4 0.3919271 0.4085937 0.0276042 0.0187500
4 0.3947917 0.5617188 0.0250000 0.0234375
0 0.3333333 0.6789063 0.0145833 0.0218750
3 0.6434896 0.4500000 0.0130208 0.0187500
4 0.6166667 0.5859375 0.0229167 0.0156250
5 0.5148438 0.4050781 0.0234375 0.0179687
1 0.5880208 0.8554688 0.0250000 0.0203125
2 0.5617188 0.5957031 0.0213542 0.0164063
3 0.6216146 0.7699219 0.0255208 0.0179687
4 0.5567708 0.1265625 0.0218750 0.0187500
2 0.5356771 0.3132813 0.0265625 0.0187500
5 0.3648438 0.6574219 0.0140625 0.0414062
5 0.5796875 0.2968750 0.0229167 0.0203125
3 0.5520833 0.7066406 0.0239583 0.0179687
3 0.4125000 0.2269531 0.0208333 0.0210938
0 0.6010417 0.4132812 0.0145833 0.0328125
0 0.4843750 0.3769531 0.0135417 0.0382813
0 0.4736979 0.2031250 0.0192708 0.0312500
5 0.3583333 0.5066406 0.0125000 0.0351562
2 0.5002604 0.2765625 0.0151042 0.0343750
3 0.7286458 0.5601563 0.0208333 0.0312500
3 0.5848958 0.5855469 0.0177083 0.0367188
5 0.6794271 0.6531250 0.0098958 0.0359375
4 0.5606771 0.1992188 0.0244792 0.0187500
1 0.6445312 0.4746094 0.0244792 0.0195312
4 0.4447917 0.5960937 0.0114583 0.0343750
4 0.3401042 0.4878906 0.0156250 0.0195312
4 0.6401042 0.3511719 0.0083333 0.0242188
5 0.6864583 0.5582031 0.0239583 0.0164063
1 0.4648438 0.5832031 0.0192708 0.0195312
3 0.4557292 0.5222656 0.0218750 0.0242188
4 0.6541667 0.5621094 0.0197917 0.0257812
3 0.3617187 0.6488281 0.0255208 0.0179687
5 0.3651042 0.7292969 0.0145833 0.0289063
5 0.5289063 0.5937500 0.0255208 0.0187500
4 0.6322917 0.4449219 0.0270833 0.0179687
2 0.4583333 0.3695312 0.0250000 0.0250000
4 0.6093750 0.4953125 0.0229167 0.0156250
3 0.3359375 0.4343750 0.0197917 0.0234375
2 0.4023438 0.3382812 0.0203125 0.0296875
2 0.6656250 0.6250000 0.0239583 0.0171875
1 0.6872396 0.5328125 0.0234375 0.0156250
0 0.6750000 0.4808594 0.0281250 0.0242188
4 0.4635417 0.3765625 0.0187500 0.0312500
5 0.5283854 0.5554687 0.0255208 0.0187500
0 0.5096354 0.3875000 0.0109375 0.0312500
7 0.3750000 0.6417969 0.0229167 0.0257812
10 0.7187500 0.5933594 0.0229167 0.0257812
6 0.5375000 0.6578125 0.0260417 0.0328125
6 0.5033854 0.8214844 0.0171875 0.0367188
6 0.5885417 0.1382812 0.0208333 0.0343750
6 0.6679688 0.3632812 0.0234375 0.0234375
11 0.5796875 0.6843750 0.0239583 0.0250000
7 0.3960938 0.3187500 0.0161458 0.0265625
6 0.3002604 0.5089844 0.0234375 0.0226562
11 0.4026042 0.5546875 0.0156250 0.0359375
9 0.5348958 0.1648438 0.0166667 0.0359375
11 0.5268229 0.8023438 0.0161458 0.0359375
