2 0.7130208 0.4972656 0.0333333 0.0335937
1 0.5835938 0.1593750 0.0359375 0.0234375
1 0.2864583 0.5406250 0.0291667 0.0468750
3 0.3901042 0.3109375 0.0229167 0.0468750
0 0.6627604 0.5421875 0.0421875 0.0296875
0 0.6276042 0.4910156 0.0406250 0.0335937
1 0.4023438 0.4667969 0.0369792 0.0242188
3 0.3205729 0.6042969 0.0338542 0.0304687
0 0.3929687 0.7832031 0.0223958 0.0554687
4 0.6635417 0.6191406 0.0312500 0.0414062
0 0.6854167 0.8171875 0.0156250 0.0234375
4 0.5960937 0.3027344 0.0244792 0.0351562
0 0.3500000 0.3914063 0.0364583 0.0390625
4 0.5333333 0.1871094 0.0250000 0.0539063
1 0.5658854 0.8023438 0.0223958 0.0406250
4 0.6320313 0.5156250 0.0369792 0.0296875
5 0.5343750 0.4851563 0.0343750 0.0265625
2 0.5039062 0.2421875 0.0401042 0.0328125
2 0.5119792 0.6773438 0.0291667 0.0484375
0 0.3765625 0.4222656 0.0177083 0.0539063
5 0.3848958 0.3199219 0.0197917 0.0351562
0 0.3463542 0.2949219 0.0197917 0.0507812
5 0.4919271 0.6109375 0.0213542 0.0296875
0 0.4026042 0.7234375 0.0239583 0.0578125
1 0.4585938 0.2613281 0.0244792 0.0289063
5 0.3697917 0.5578125 0.0197917 0.0500000
5 0.6213542 0.6488281 0.0291667 0.0414062
2 0.4145833 0.4039063 0.0187500 0.0515625
1 0.5005208 0.6343750 0.0385417 0.0296875
9 0.6250000 0.4214844 0.0375000 0.0398437
9 0.6283854 0.5660156 0.0338542 0.0335937
10 0.7361979 0.3097656 0.0338542 0.0320312
9 0.6473958 0.3656250 0.0218750 0.0515625
9 0.4510417 0.7757812 0.0343750 0.0390625
7 0.3250000 0.1406250 0.0333333 0.0437500
7 0.4981771 0.3187500 0.0213542 0.0500000
10 0.6674479 0.6812500 0.0369792 0.0421875
6 0.3161458 0.6339844 0.0270833 0.0492187
11 0.5325521 0.5679688 0.0307292 0.0375000
11 0.3283854 0.3769531 0.0234375 0.0523438
9 0.5768229 0.3246094 0.0307292 0.0398437
8 0.3328125 0.4167969 0.0364583 0.0492187
