1 0.6291667 0.7835937 0.1072917 0.1390625
1 0.5346354 0.2820313 0.0796875 0.1937500
3 0.4846354 0.6515625 0.0911458 0.2015625
3 0.5039062 0.6625000 0.0859375 0.1390625
2 0.4424479 0.7332031 0.0734375 0.1132812
1 0.6846354 0.8070312 0.1473958 0.1281250
5 0.5393229 0.8171875 0.1494792 0.1265625
1 0.2809896 0.6605469 0.1067708 0.1570313
2 0.5927083 0.4039063 0.1343750 0.1031250
3 0.4408854 0.4585938 0.0828125 0.1609375
5 0.6825521 0.4285156 0.1203125 0.1320312
2 0.3901042 0.2140625 0.0802083 0.1593750
5 0.4919271 0.7324219 0.1213542 0.1039063
0 0.7611979 0.4199219 0.1432292 0.1039063
2 0.5510417 0.6960937 0.1375000 0.0812500
2 0.2791667 0.2867188 0.0854167 0.1406250
3 0.6390625 0.2632813 0.1250000 0.1875000
1 0.7322917 0.7320313 0.1302083 0.1203125
4 0.5028646 0.3566406 0.0973958 0.1039063
3 0.6013021 0.2488281 0.1390625 0.1210938
5 0.5236979 0.5675781 0.1109375 0.1429688
4 0.5572917 0.4578125 0.1114583 0.0937500
0 0.7335938 0.5953125 0.1661458 0.1156250
1 0.6338542 0.6664062 0.1375000 0.1171875
3 0.3973958 0.2492187 0.1041667 0.1609375
3 0.4203125 0.4312500 0.1000000 0.2234375
1 0.4617188 0.2753906 0.0786458 0.1492188
2 0.5416667 0.2015625 0.0739583 0.1390625
2 0.7531250 0.2222656 0.0854167 0.2179687
3 0.2960937 0.6140625 0.1432292 0.1093750
2 0.2557292 0.6007813 0.1354167 0.0984375
5 0.7015625 0.4652344 0.0750000 0.1757812
0 0.6145833 0.4128906 0.0802083 0.1914062
1 0.5044271 0.4371094 0.0984375 0.1132812
2 0.4330729 0.3980469 0.0942708 0.1648438
2 0.4669271 0.7339844 0.1151042 0.1023437
4 0.3786458 0.8343750 0.1531250 0.0984375
5 0.4239583 0.6570312 0.1447917 0.1078125
2 0.5799479 0.6421875 0.1046875 0.2062500
0 0.6372396 0.9648438 0.1255208 0.0687500
0 0.5286458 0.2156250 0.1468750 0.1015625
3 0.5111979 0.1949219 0.0869792 0.2414062
2 0.6093750 0.2988281 0.1458333 0.1039063
2 0.7216146 0.6222656 0.1411458 0.1539062
0 0.4098958 0.7218750 0.1197917 0.0984375
2 0.6674479 0.5996094 0.1317708 0.1585938
3 0.5114583 0.1085938 0.1375000 0.1156250
1 0.5755208 0.4789062 0.1375000 0.1843750
5 0.5593750 0.2316406 0.0781250 0.0960938
2 0.4054687 0.4414062 0.0817708 0.1828125
2 0.6640625 0.7976562 0.1510417 0.1062500
5 0.3286458 0.3476562 0.1135417 0.1703125
3 0.4393229 0.9261719 0.0640625 0.1460937
4 0.6674479 0.3460937 0.1536458 0.0875000
1 0.6234375 0.7000000 0.0750000 0.0937500
2 0.6138021 0.3886719 0.0880208 0.2242187
1 0.2815104 0.4554687 0.0765625 0.0921875
4 0.3981771 0.5464844 0.0911458 0.1851562
0 0.5606771 0.6585937 0.1359375 0.1046875
2 0.5911458 0.1753906 0.1291667 0.1414063
3 0.6971354 0.5230469 0.1401042 0.1210938
4 0.6059896 0.1089844 0.1026042 0.1164063
2 0.3872396 0.0781250 0.1203125 0.1562500
2 0.5351562 0.1207031 0.0973958 0.1523438
0 0.6098958 0.5031250 0.0666667 0.1890625
3 0.4265625 0.6550781 0.0781250 0.1132812
5 0.5106771 0.6324219 0.1119792 0.1976563
2 0.3812500 0.8078125 0.1500000 0.1171875
7 0.6528646 0.7070312 0.1286458 0.1296875
11 0.7515625 0.6882812 0.1354167 0.1328125
10 0.1825521 0.3527344 0.1369792 0.1476562
6 0.6721354 0.4257812 0.0973958 0.2281250
6 0.9122396 0.7132812 0.1453125 0.1437500
9 0.3992188 0.6210938 0.0880208 0.2015625
8 0.5598958 0.7460938 0.1406250 0.1640625
9 0.5734375 0.8730469 0.1489583 0.1429688
7 0.2971354 0.4156250 0.0817708 0.1546875
6 0.4088542 0.1589844 0.1187500 0.1929687
11 0.4593750 0.6984375 0.1156250 0.1578125
7 0.5096354 0.2871094 0.1442708 0.2085937
7 0.5799479 0.7765625 0.1307292 0.1296875
7 0.7528646 0.8199219 0.1380208 0.1851562
8 0.6343750 0.6582031 0.0968750 0.2210938
6 0.2161458 0.2765625 0.1343750 0.1328125
6 0.5510417 0.2765625 0.0843750 0.1281250
6 0.4682292 0.4964844 0.1041667 0.1742188
8 0.4377604 0.5351562 0.1536458 0.2046875
