4 0.4132812 0.3867188 0.0328125 0.0843750
3 0.5484375 0.2644531 0.0635417 0.0710937
3 0.6229167 0.1601562 0.0541667 0.0796875
1 0.3484375 0.7593750 0.0687500 0.0515625
1 0.5429688 0.6550781 0.0380208 0.0539063
1 0.5401042 0.5226563 0.0333333 0.0796875
5 0.4411458 0.7125000 0.0375000 0.0906250
3 0.4809896 0.5605469 0.0359375 0.0976562
7 0.3096354 0.1050781 0.0619792 0.0601563
9 0.6692708 0.5816406 0.0645833 0.0679687
10 0.5950521 0.6164063 0.0609375 0.0906250
7 0.3315104 0.5257812 0.0473958 0.0562500
11 0.3052083 0.5808594 0.0593750 0.0617188
8 0.5072917 0.6738281 0.0552083 0.0742188
7 0.4940104 0.6660156 0.0619792 0.0945312
6 0.5976562 0.8457031 0.0609375 0.0585938
7 0.5833333 0.4957031 0.0593750 0.0585938
8 0.5393229 0.7750000 0.0390625 0.0906250
8 0.3799479 0.3343750 0.0578125 0.0562500
7 0.6471354 0.6656250 0.0630208 0.0921875
7 0.6510417 0.6468750 0.0604167 0.0578125
10 0.6130208 0.4484375 0.0645833 0.0640625
7 0.2432292 0.2609375 0.0604167 0.0687500
