3 0.5770833 0.7238281 0.0250000 0.0195312
3 0.6203125 0.5847656 0.0104167 0.0367188
4 0.6885417 0.3726563 0.0239583 0.0218750
0 0.3799479 0.6417969 0.0192708 0.0257812
2 0.6614583 0.4960938 0.0135417 0.0328125
5 0.5148438 0.2925781 0.0244792 0.0164063
2 0.6276042 0.6234375 0.0229167 0.0234375
2 0.3361979 0.2812500 0.0255208 0.0187500
2 0.7382812 0.7210937 0.0255208 0.0203125
2 0.6291667 0.6238281 0.0260417 0.0289063
4 0.6619792 0.5996094 0.0177083 0.0179687
5 0.5177083 0.1960938 0.0250000 0.0171875
1 0.2838542 0.2617188 0.0177083 0.0328125
5 0.2885417 0.7070312 0.0250000 0.0171875
2 0.5510417 0.5316406 0.0166667 0.0304687
1 0.4867187 0.7585937 0.0161458 0.0437500
0 0.2833333 0.5582031 0.0270833 0.0195312
0 0.2895833 0.6937500 0.0218750 0.0328125
5 0.6049479 0.5281250 0.0244792 0.0187500
1 0.5067708 0.4324219 0.0166667 0.0273438
3 0.5807292 0.6148438 0.0177083 0.0343750
4 0.3783854 0.1425781 0.0182292 0.0164063
2 0.7041667 0.3781250 0.0135417 0.0406250
4 0.2234375 0.4914062 0.0156250 0.0187500
5 0.6122396 0.5210938 0.0244792 0.0250000
1 0.7005208 0.6488281 0.0250000 0.0179687
2 0.4432292 0.4996094 0.0250000 0.0210938
1 0.4158854 0.3289063 0.0255208 0.0156250
0 0.4888021 0.1414063 0.0161458 0.0265625
4 0.3778646 0.3617187 0.0182292 0.0218750
0 0.2338542 0.5968750 0.0229167 0.0312500
2 0.6236979 0.8082031 0.0119792 0.0242188
3 0.6822917 0.5292969 0.0260417 0.0242188
1 0.4065104 0.8195313 0.0109375 0.0390625
3 0.3346354 0.5011719 0.0255208 0.0242188
4 0.4531250 0.2730469 0.0250000 0.0195312
3 0.5317708 0.4402344 0.0114583 0.0398437
3 0.7210937 0.1593750 0.0223958 0.0250000
5 0.4783854 0.8304687 0.0234375 0.0156250
3 0.5872396 0.5597656 0.0192708 0.0210938
5 0.3981771 0.7437500 0.0244792 0.0218750
2 0.4132812 0.3804688 0.0161458 0.0406250
3 0.5122396 0.5035156 0.0182292 0.0195312
4 0.5041667 0.7464844 0.0229167 0.0195312
1 0.3348958 0.2378906 0.0156250 0.0179687
1 0.5023437 0.1878906 0.0203125 0.0164063
3 0.5346354 0.5035156 0.0119792 0.0335937
2 0.3927083 0.5988281 0.0166667 0.0195312
1 0.5567708 0.5933594 0.0260417 0.0195312
5 0.6049479 0.4312500 0.0130208 0.0359375
1 0.4825521 0.2667969 0.0182292 0.0351562
1 0.4372396 0.2019531 0.0151042 0.0242188
0 0.6513021 0.6031250 0.0244792 0.0218750
0 0.3098958 0.3046875 0.0270833 0.0187500
4 0.3992188 0.1976563 0.0255208 0.0187500
4 0.4135417 0.4792969 0.0114583 0.0164063
5 0.4026042 0.2511719 0.0208333 0.0242188
8 0.7684896 0.4085937 0.0234375 0.0312500
8 0.6325521 0.4699219 0.0244792 0.0242188
7 0.5414062 0.9554687 0.0234375 0.0234375
9 0.4630208 0.6144531 0.0250000 0.0242188
9 0.6213542 0.3609375 0.0260417 0.0296875
