1 0.4166667 0.6417969 0.0645833 0.2023437
3 0.6242188 0.2257812 0.1494792 0.1234375
1 0.6546875 0.2820313 0.0906250 0.1921875
3 0.5645833 0.8203125 0.1333333 0.1671875
2 0.3695312 0.8914062 0.0744792 0.0937500
3 0.4729167 0.4375000 0.0625000 0.1578125
5 0.6140625 0.8261719 0.1354167 0.1007813
5 0.2651042 0.7347656 0.1604167 0.1023437
3 0.5765625 0.2390625 0.1166667 0.1296875
2 0.7606771 0.4394531 0.1598958 0.1242188
1 0.3885417 0.2625000 0.1312500 0.0890625
3 0.2656250 0.3281250 0.1395833 0.1828125
4 0.5015625 0.4371094 0.0718750 0.1476562
0 0.4239583 0.5566406 0.0802083 0.2195313
4 0.4979167 0.7339844 0.0656250 0.2320312
3 0.6502604 0.3375000 0.0796875 0.1156250
4 0.5794271 0.3605469 0.0713542 0.1554687
2 0.7541667 0.6699219 0.0864583 0.1789062
2 0.2098958 0.6769531 0.0864583 0.1054688
5 0.6601562 0.5871094 0.0973958 0.2273438
4 0.4033854 0.5140625 0.1421875 0.1796875
3 0.4716146 0.5050781 0.1244792 0.1367188
2 0.7513021 0.2843750 0.1526042 0.1265625
5 0.6473958 0.7101563 0.0791667 0.1000000
4 0.5143229 0.4875000 0.0953125 0.1515625
5 0.5544271 0.4843750 0.1505208 0.1468750
11 0.7122396 0.6082031 0.0932292 0.2101562
7 0.3343750 0.4589844 0.0812500 0.1210938
8 0.5132813 0.5945312 0.1276042 0.1421875
8 0.4348958 0.5792969 0.1302083 0.1835938
7 0.6492187 0.4906250 0.0963542 0.1812500
7 0.6325521 0.2242187 0.1359375 0.1421875
9 0.7770833 0.9378906 0.1427083 0.1226562
6 0.5377604 0.7312500 0.0953125 0.2281250
11 0.1796875 0.4531250 0.1427083 0.1562500
