0 0.3710938 0.9011719 0.0473958 0.0601563
3 0.4565104 0.3667969 0.0380208 0.0601563
2 0.7846354 0.5988281 0.0380208 0.0601563
4 0.3916667 0.7156250 0.0458333 0.0406250
4 0.5080729 0.6765625 0.0317708 0.0343750
1 0.1674479 0.6242188 0.0494792 0.0390625
2 0.3671875 0.3933594 0.0427083 0.0351562
2 0.6000000 0.2195313 0.0489583 0.0593750
2 0.4651042 0.3464844 0.0458333 0.0414062
3 0.4791667 0.3292969 0.0479167 0.0351562
1 0.5153646 0.8875000 0.0296875 0.0625000
4 0.5713542 0.1734375 0.0322917 0.0500000
2 0.4255208 0.5703125 0.0531250 0.0312500
3 0.4968750 0.2027344 0.0531250 0.0382813
4 0.5614583 0.3929687 0.0312500 0.0484375
2 0.3747396 0.5523438 0.0494792 0.0343750
1 0.5867187 0.4394531 0.0192708 0.0429688
0 0.5500000 0.4460938 0.0489583 0.0359375
3 0.4700521 0.8125000 0.0276042 0.0812500
3 0.4822917 0.4289062 0.0312500 0.0468750
5 0.5583333 0.4433594 0.0375000 0.0554687
4 0.4973958 0.3964844 0.0395833 0.0726563
0 0.6755208 0.7402344 0.0510417 0.0414062
0 0.3744792 0.4046875 0.0500000 0.0390625
4 0.6302083 0.2949219 0.0312500 0.0710937
2 0.2570312 0.5523438 0.0276042 0.0500000
3 0.5802083 0.5183594 0.0343750 0.0414062
3 0.2049479 0.4906250 0.0453125 0.0531250
5 0.5085937 0.5855469 0.0359375 0.0539063
2 0.3632812 0.5007812 0.0234375 0.0468750
1 0.3971354 0.4019531 0.0421875 0.0601563
1 0.3817708 0.4523437 0.0447917 0.0406250
1 0.7208333 0.4523437 0.0354167 0.0343750
5 0.3869792 0.4281250 0.0229167 0.0359375
0 0.6513021 0.7378906 0.0369792 0.0351562
5 0.4864583 0.6046875 0.0312500 0.0484375
5 0.5080729 0.3851562 0.0307292 0.0468750
4 0.4575521 0.0351562 0.0390625 0.0625000
5 0.5479167 0.8613281 0.0333333 0.0710937
5 0.2898438 0.5457031 0.0505208 0.0382813
5 0.4880208 0.2390625 0.0291667 0.0734375
0 0.5223958 0.1453125 0.0364583 0.0609375
2 0.4679687 0.5789062 0.0359375 0.0453125
1 0.4000000 0.7144531 0.0541667 0.0398437
4 0.5468750 0.8554688 0.0458333 0.0578125
0 0.5671875 0.3121094 0.0250000 0.0710937
3 0.4770833 0.5023437 0.0229167 0.0500000
0 0.5726562 0.5750000 0.0338542 0.0671875
0 0.6309896 0.6097656 0.0473958 0.0320312
1 0.4658854 0.6863281 0.0432292 0.0414062
2 0.4690104 0.5750000 0.0348958 0.0703125
3 0.6356771 0.7761719 0.0380208 0.0679687
0 0.6145833 0.3085938 0.0291667 0.0500000
3 0.2773438 0.7109375 0.0401042 0.0546875
3 0.5005208 0.5484375 0.0229167 0.0562500
1 0.4148438 0.4816406 0.0380208 0.0523438
0 0.4065104 0.8105469 0.0453125 0.0492187
3 0.6919271 0.7972656 0.0484375 0.0351562
0 0.5346354 0.6488281 0.0213542 0.0773438
4 0.6158854 0.2226562 0.0213542 0.0671875
4 0.5328125 0.3062500 0.0385417 0.0515625
5 0.5658854 0.1703125 0.0255208 0.0750000
4 0.4789062 0.2417969 0.0390625 0.0367188
0 0.4536458 0.7500000 0.0375000 0.0359375
3 0.4377604 0.5328125 0.0536458 0.0359375
3 0.2778646 0.6175781 0.0546875 0.0367188
2 0.6692708 0.5621094 0.0479167 0.0414062
5 0.2807292 0.5136719 0.0468750 0.0304687
2 0.5981771 0.2699219 0.0494792 0.0398437
4 0.6039062 0.1687500 0.0359375 0.0656250
5 0.3377604 0.3777344 0.0234375 0.0710937
1 0.4052083 0.2664063 0.0385417 0.0312500
4 0.6236979 0.1464844 0.0515625 0.0476562
2 0.6369792 0.4726562 0.0447917 0.0296875
0 0.4578125 0.3761719 0.0520833 0.0429688
1 0.5453125 0.6234375 0.0489583 0.0515625
1 0.5330729 0.6308594 0.0526042 0.0398437
2 0.5005208 0.3476562 0.0260417 0.0750000
11 0.5098958 0.3566406 0.0458333 0.0554687
11 0.5328125 0.9226562 0.0416667 0.0656250
8 0.4445312 0.2660156 0.0328125 0.0726563
7 0.4302083 0.3882813 0.0437500 0.0562500
6 0.5419271 0.9339844 0.0411458 0.0710937
6 0.5812500 0.6695313 0.0510417 0.0500000
9 0.6835938 0.4957031 0.0317708 0.0492187
11 0.6992188 0.6558594 0.0505208 0.0523438
10 0.4635417 0.4453125 0.0312500 0.0500000
