0 0.5356771 0.1597656 0.0276042 0.0195312
1 0.7739583 0.4652344 0.0177083 0.0195312
1 0.5984375 0.6917969 0.0250000 0.0210938
0 0.6885417 0.4496094 0.0229167 0.0242188
5 0.5179687 0.7558594 0.0265625 0.0195312
5 0.5291667 0.2460938 0.0197917 0.0328125
3 0.3781250 0.4589844 0.0197917 0.0226562
2 0.5802083 0.2945313 0.0218750 0.0343750
0 0.7471354 0.4871094 0.0182292 0.0226562
1 0.6875000 0.4085937 0.0187500 0.0328125
0 0.6119792 0.2875000 0.0177083 0.0359375
0 0.4658854 0.2578125 0.0130208 0.0453125
5 0.6593750 0.4570312 0.0114583 0.0296875
4 0.3140625 0.3226562 0.0197917 0.0203125
5 0.7098958 0.4859375 0.0135417 0.0234375
5 0.5885417 0.1507813 0.0281250 0.0218750
5 0.4106771 0.2316406 0.0296875 0.0210938
2 0.5174479 0.1480469 0.0203125 0.0195312
2 0.4739583 0.5734375 0.0135417 0.0437500
1 0.4911458 0.4105469 0.0218750 0.0320312
5 0.6182292 0.3761719 0.0260417 0.0304687
2 0.3377604 0.8078125 0.0265625 0.0203125
1 0.4252604 0.3328125 0.0151042 0.0203125
0 0.6656250 0.3562500 0.0135417 0.0281250
0 0.7997396 0.6117187 0.0182292 0.0328125
2 0.4156250 0.5738281 0.0145833 0.0226562
5 0.5697917 0.6164063 0.0260417 0.0234375
1 0.6734375 0.8437500 0.0187500 0.0171875
2 0.4976563 0.6320313 0.0182292 0.0390625
1 0.4494792 0.3343750 0.0135417 0.0187500
2 0.6291667 0.5007812 0.0177083 0.0250000
4 0.2684896 0.3886719 0.0286458 0.0257812
0 0.6182292 0.7425781 0.0145833 0.0398437
1 0.5593750 0.3585937 0.0239583 0.0203125
5 0.6705729 0.4203125 0.0276042 0.0187500
4 0.4127604 0.2421875 0.0192708 0.0171875
2 0.3880208 0.7113281 0.0166667 0.0304687
3 0.5682292 0.6527344 0.0281250 0.0210938
3 0.4447917 0.5058594 0.0166667 0.0195312
5 0.6817708 0.6171875 0.0208333 0.0156250
2 0.4830729 0.2820313 0.0140625 0.0234375
0 0.4067708 0.4542969 0.0208333 0.0257812
5 0.3705729 0.7253906 0.0213542 0.0304687
3 0.6773438 0.4421875 0.0192708 0.0281250
3 0.5484375 0.1187500 0.0177083 0.0375000
1 0.3479167 0.4292969 0.0125000 0.0320312
2 0.2875000 0.6480469 0.0270833 0.0257812
4 0.2343750 0.6968750 0.0250000 0.0218750
5 0.5934896 0.5191406 0.0234375 0.0242188
3 0.3427083 0.7351562 0.0156250 0.0343750
4 0.7184896 0.4578125 0.0255208 0.0250000
0 0.5427083 0.6402344 0.0208333 0.0351562
4 0.4757812 0.4734375 0.0192708 0.0375000
0 0.4109375 0.6121094 0.0177083 0.0179687
4 0.4679687 0.4039063 0.0265625 0.0187500
3 0.3039062 0.1082031 0.0171875 0.0304687
0 0.4080729 0.7867188 0.0151042 0.0250000
5 0.7041667 0.4015625 0.0281250 0.0187500
0 0.3356771 0.7355469 0.0286458 0.0164063
5 0.5718750 0.2292969 0.0187500 0.0242188
1 0.4721354 0.5824219 0.0203125 0.0273438
0 0.5343750 0.4234375 0.0260417 0.0281250
1 0.5138021 0.7507812 0.0255208 0.0234375
3 0.5471354 0.2785156 0.0255208 0.0210938
5 0.7065104 0.6957031 0.0265625 0.0148437
3 0.3752604 0.4843750 0.0171875 0.0234375
3 0.5244792 0.3238281 0.0197917 0.0335937
3 0.3703125 0.3304687 0.0270833 0.0203125
2 0.6101562 0.1636719 0.0223958 0.0335937
3 0.6898437 0.7417969 0.0119792 0.0398437
4 0.3955729 0.7476563 0.0203125 0.0187500
3 0.6708333 0.7035156 0.0270833 0.0257812
1 0.4343750 0.2906250 0.0125000 0.0359375
0 0.6531250 0.4023438 0.0166667 0.0234375
3 0.3393229 0.4371094 0.0265625 0.0257812
4 0.3893229 0.3851562 0.0276042 0.0187500
8 0.7101563 0.4652344 0.0234375 0.0273438
9 0.6434896 0.4925781 0.0192708 0.0367188
8 0.4476562 0.8027344 0.0276042 0.0273438
7 0.5109375 0.3402344 0.0260417 0.0351562
