0 0.4888021 0.6816406 0.0151042 0.0179687
3 0.3593750 0.2125000 0.0229167 0.0171875
4 0.3786458 0.8382812 0.0239583 0.0187500
3 0.3205729 0.1902344 0.0234375 0.0132812
3 0.4557292 0.8898438 0.0166667 0.0203125
4 0.4544271 0.5351562 0.0098958 0.0312500
0 0.5447917 0.7410156 0.0229167 0.0132812
0 0.5223958 0.6046875 0.0135417 0.0171875
5 0.6252604 0.4183594 0.0140625 0.0179687
7 0.3007812 0.2750000 0.0171875 0.0328125
6 0.3111979 0.5589844 0.0171875 0.0257812
6 0.4609375 0.6039062 0.0218750 0.0312500
8 0.7906250 0.6480469 0.0239583 0.0289063
8 0.4997396 0.3300781 0.0140625 0.0289063
7 0.5341146 0.5648437 0.0140625 0.0312500
10 0.4023438 0.3523438 0.0192708 0.0218750
9 0.5841146 0.7945313 0.0151042 0.0265625
7 0.7494792 0.5640625 0.0229167 0.0218750
11 0.5065104 0.6644531 0.0192708 0.0304687
9 0.8205729 0.5566406 0.0203125 0.0320312
7 0.6716146 0.6648437 0.0171875 0.0328125
9 0.6611979 0.5437500 0.0203125 0.0203125
11 0.4296875 0.4375000 0.0197917 0.0296875
7 0.6268229 0.8511719 0.0213542 0.0320312
8 0.4080729 0.2582031 0.0234375 0.0273438
11 0.6830729 0.2980469 0.0192708 0.0289063
6 0.6403646 0.5742188 0.0213542 0.0250000
7 0.6210938 0.6917969 0.0223958 0.0226562
6 0.5169271 0.7195312 0.0244792 0.0250000
