1 0.3880208 0.5085937 0.0291667 0.0328125
5 0.5028646 0.6644531 0.0119792 0.0210938
3 0.5614583 0.6695313 0.0322917 0.0265625
3 0.6236979 0.4875000 0.0244792 0.0406250
3 0.6627604 0.4687500 0.0338542 0.0250000
2 0.4200521 0.6785156 0.0192708 0.0460938
2 0.4651042 0.2339844 0.0312500 0.0242188
1 0.3588542 0.8976563 0.0197917 0.0406250
1 0.6257812 0.5164062 0.0317708 0.0265625
1 0.6565104 0.6046875 0.0286458 0.0343750
5 0.5445313 0.7730469 0.0328125 0.0210938
1 0.4244792 0.2500000 0.0312500 0.0328125
3 0.5268229 0.1574219 0.0317708 0.0226562
0 0.6515625 0.5750000 0.0364583 0.0234375
3 0.7736979 0.4988281 0.0328125 0.0242188
0 0.5783854 0.5953125 0.0317708 0.0203125
0 0.7057292 0.3425781 0.0333333 0.0226562
5 0.4380208 0.7308594 0.0166667 0.0242188
4 0.7601562 0.5605469 0.0338542 0.0273438
3 0.5372396 0.6488281 0.0203125 0.0226562
2 0.5791667 0.6417969 0.0177083 0.0460938
3 0.5328125 0.7199219 0.0229167 0.0320312
0 0.7059896 0.3546875 0.0276042 0.0250000
0 0.4526042 0.7765625 0.0302083 0.0312500
4 0.4877604 0.7230469 0.0171875 0.0445313
0 0.5804687 0.8558594 0.0317708 0.0257812
3 0.5000000 0.4921875 0.0302083 0.0250000
3 0.5705729 0.3894531 0.0203125 0.0351562
1 0.5783854 0.4125000 0.0338542 0.0281250
1 0.3164062 0.6371094 0.0307292 0.0273438
5 0.6023437 0.5433594 0.0213542 0.0429688
1 0.5632812 0.4414062 0.0348958 0.0250000
3 0.5786458 0.2042969 0.0229167 0.0398437
1 0.6750000 0.3109375 0.0322917 0.0250000
0 0.5231771 0.5878906 0.0328125 0.0273438
4 0.6200521 0.4707031 0.0286458 0.0242188
5 0.5799479 0.1847656 0.0223958 0.0460938
5 0.5197917 0.7800781 0.0281250 0.0257812
3 0.6903646 0.0531250 0.0296875 0.0296875
2 0.2281250 0.5750000 0.0333333 0.0234375
7 0.4119792 0.8277344 0.0281250 0.0460938
8 0.2958333 0.2550781 0.0270833 0.0507812
6 0.6992188 0.4441406 0.0213542 0.0398437
6 0.5906250 0.8269531 0.0302083 0.0320312
6 0.6312500 0.5863281 0.0322917 0.0445313
8 0.7893229 0.2945313 0.0244792 0.0312500
7 0.5750000 0.3128906 0.0281250 0.0429688
8 0.3786458 0.6617188 0.0322917 0.0359375
10 0.3955729 0.6363281 0.0317708 0.0351562
11 0.4971354 0.4355469 0.0213542 0.0492187
6 0.6453125 0.5781250 0.0302083 0.0296875
9 0.6216146 0.6773438 0.0234375 0.0437500
10 0.4476562 0.7519531 0.0234375 0.0445313
10 0.6080729 0.4871094 0.0255208 0.0507812
6 0.5710937 0.3449219 0.0255208 0.0492187
11 0.6361979 0.5015625 0.0307292 0.0343750
7 0.5848958 0.2230469 0.0322917 0.0320312
8 0.6906250 0.6195312 0.0218750 0.0359375
10 0.5960937 0.2578125 0.0348958 0.0328125
