4 0.5302083 0.6347656 0.0416667 0.0257812
0 0.3546875 0.1539062 0.0375000 0.0390625
4 0.4622396 0.8187500 0.0317708 0.0500000
3 0.4273438 0.7839844 0.0328125 0.0304687
5 0.4088542 0.7328125 0.0333333 0.0250000
0 0.4742188 0.7433594 0.0286458 0.0320312
2 0.3338542 0.5507812 0.0364583 0.0250000
3 0.3562500 0.4496094 0.0197917 0.0335937
2 0.4138021 0.5796875 0.0286458 0.0328125
4 0.5960937 0.3621094 0.0359375 0.0429688
3 0.5481771 0.3917969 0.0390625 0.0304687
0 0.4971354 0.3664062 0.0317708 0.0375000
4 0.6190104 0.7527344 0.0307292 0.0382813
2 0.5856771 0.0644531 0.0213542 0.0585938
1 0.3539062 0.3687500 0.0171875 0.0593750
5 0.5609375 0.3535156 0.0375000 0.0335937
5 0.5486979 0.6667969 0.0192708 0.0398437
1 0.5018229 0.1957031 0.0328125 0.0289063
5 0.3367188 0.7218750 0.0286458 0.0421875
2 0.4164062 0.6175781 0.0348958 0.0257812
0 0.5546875 0.3921875 0.0385417 0.0296875
4 0.3333333 0.7519531 0.0260417 0.0289063
5 0.5742188 0.7585937 0.0348958 0.0546875
3 0.5692708 0.6070313 0.0395833 0.0265625
1 0.3174479 0.8488281 0.0203125 0.0554687
2 0.4645833 0.5726562 0.0197917 0.0218750
1 0.5210938 0.5539063 0.0255208 0.0296875
1 0.4036458 0.6984375 0.0260417 0.0343750
1 0.3054688 0.5421875 0.0369792 0.0390625
0 0.6010417 0.5417969 0.0197917 0.0429688
1 0.4921875 0.5375000 0.0218750 0.0593750
3 0.5859375 0.6140625 0.0375000 0.0437500
0 0.3390625 0.3265625 0.0364583 0.0406250
2 0.6140625 0.8457031 0.0375000 0.0367188
3 0.7020833 0.3718750 0.0375000 0.0281250
0 0.4924479 0.4714844 0.0203125 0.0335937
4 0.6661458 0.7312500 0.0218750 0.0593750
0 0.4445312 0.6605469 0.0171875 0.0226562
2 0.4223958 0.5378906 0.0177083 0.0335937
4 0.5427083 0.4023438 0.0218750 0.0437500
3 0.3697917 0.5824219 0.0218750 0.0601563
0 0.8007812 0.5675781 0.0338542 0.0398437
2 0.5375000 0.3214844 0.0395833 0.0335937
1 0.4276042 0.7457031 0.0281250 0.0335937
4 0.4393229 0.6585937 0.0244792 0.0453125
2 0.3174479 0.3667969 0.0432292 0.0335937
3 0.4283854 0.6710938 0.0348958 0.0453125
1 0.5539063 0.7187500 0.0223958 0.0296875
5 0.5684896 0.8531250 0.0390625 0.0265625
1 0.2875000 0.3894531 0.0395833 0.0289063
5 0.3963542 0.7125000 0.0364583 0.0234375
8 0.7036458 0.5605469 0.0354167 0.0367188
7 0.6414062 0.2152344 0.0328125 0.0539063
6 0.6591146 0.4753906 0.0307292 0.0351562
10 0.5192708 0.4203125 0.0312500 0.0453125
10 0.2455729 0.5753906 0.0223958 0.0507812
8 0.7333333 0.7628906 0.0333333 0.0539063
10 0.6388021 0.1261719 0.0328125 0.0429688
