3 0.3598958 0.2320312 0.0937500 0.1578125
4 0.5138021 0.5152344 0.1390625 0.1148437
4 0.5476562 0.5195312 0.1119792 0.1359375
1 0.5393229 0.2601562 0.1151042 0.0828125
1 0.5776042 0.7000000 0.0958333 0.1437500
0 0.5546875 0.9628906 0.1260417 0.0726563
3 0.7164063 0.3152344 0.0536458 0.1945312
0 0.3815104 0.3789062 0.0505208 0.1000000
5 0.4369792 0.6964844 0.0822917 0.1023437
2 0.6963542 0.4718750 0.1322917 0.1296875
2 0.3596354 0.1925781 0.0692708 0.1960938
0 0.5406250 0.7835937 0.1239583 0.0843750
2 0.3341146 0.5820312 0.0796875 0.1718750
4 0.3976562 0.3152344 0.1265625 0.0898438
5 0.7468750 0.4457031 0.1281250 0.1320312
4 0.2351563 0.5472656 0.0671875 0.0835937
1 0.4135417 0.1292969 0.1177083 0.0804688
0 0.5578125 0.6507812 0.1302083 0.0828125
0 0.6619792 0.9046875 0.1291667 0.0921875
3 0.3479167 0.2148438 0.1187500 0.0953125
4 0.5531250 0.9371094 0.0697917 0.1242188
0 0.4677083 0.1011719 0.0552083 0.1289062
5 0.3065104 0.1980469 0.1213542 0.0804688
5 0.5229167 0.6449219 0.0729167 0.1929687
2 0.7549479 0.4707031 0.1442708 0.0976562
4 0.3463542 0.7257813 0.0708333 0.1359375
0 0.2854167 0.5792969 0.0937500 0.1195313
1 0.2263021 0.8015625 0.0619792 0.1984375
0 0.6770833 0.7035156 0.0989583 0.0742188
2 0.6125000 0.7308594 0.1104167 0.1851562
0 0.4708333 0.2203125 0.0770833 0.1453125
0 0.5166667 0.2460938 0.1114583 0.1343750
0 0.7580729 0.4343750 0.1307292 0.1000000
5 0.7932292 0.3859375 0.1208333 0.1140625
1 0.2513021 0.6644531 0.0609375 0.1914062
1 0.2536458 0.2066406 0.0697917 0.1929687
0 0.6500000 0.2613281 0.0989583 0.1320312
4 0.2989583 0.4554687 0.0875000 0.1203125
5 0.5989583 0.3472656 0.1229167 0.0804688
2 0.4127604 0.7257813 0.0713542 0.0640625
2 0.4213542 0.7250000 0.0645833 0.1031250
4 0.6817708 0.2363281 0.1197917 0.0695313
4 0.6468750 0.2648437 0.1197917 0.0796875
4 0.5916667 0.5355469 0.1322917 0.0789062
1 0.5018229 0.7246094 0.0890625 0.1242188
2 0.4182292 0.4832031 0.1416667 0.1148437
0 0.5796875 0.2500000 0.1041667 0.1156250
0 0.4226563 0.5019531 0.0953125 0.0804688
2 0.6013021 0.9371094 0.0901042 0.1242188
0 0.6893229 0.5777344 0.1078125 0.0757812
0 0.4403646 0.3101563 0.0682292 0.1921875
0 0.5153646 0.3589844 0.1380208 0.0960938
2 0.6815104 0.4007812 0.1390625 0.0984375
2 0.5971354 0.8261719 0.0953125 0.1773437
4 0.3278646 0.4160156 0.0734375 0.0820312
1 0.6312500 0.3167969 0.1250000 0.0882813
1 0.5885417 0.8078125 0.1062500 0.1218750
4 0.3934896 0.2738281 0.0807292 0.1429688
0 0.6682292 0.5128906 0.0968750 0.1414063
0 0.6364583 0.1453125 0.0802083 0.1171875
1 0.5953125 0.2945313 0.1343750 0.0937500
3 0.6979167 0.3871094 0.0541667 0.0867187
0 0.4281250 0.2355469 0.0802083 0.1742188
3 0.6252604 0.3628906 0.0692708 0.0992187
0 0.3041667 0.5007812 0.0656250 0.1296875
5 0.5036458 0.7328125 0.0645833 0.1812500
0 0.4166667 0.6832031 0.0802083 0.1679688
1 0.4015625 0.7359375 0.0864583 0.1078125
2 0.5565104 0.3808594 0.1390625 0.1117188
5 0.6677083 0.2859375 0.0781250 0.0906250
3 0.7382812 0.4484375 0.1265625 0.0953125
8 0.6973958 0.7417969 0.1177083 0.1148437
10 0.5114583 0.6984375 0.0906250 0.1640625
8 0.7328125 0.7898437 0.0927083 0.1250000
9 0.2364583 0.3097656 0.1270833 0.1492188
11 0.7166667 0.3804688 0.1322917 0.1265625
10 0.4656250 0.7453125 0.1093750 0.1062500
6 0.4473958 0.8867188 0.0822917 0.1750000
6 0.6208333 0.2937500 0.1145833 0.1140625
8 0.6067708 0.8187500 0.0864583 0.1125000
6 0.7815104 0.6183594 0.0838542 0.1554687
11 0.6247396 0.4988281 0.1098958 0.1070312
8 0.4812500 0.6796875 0.1270833 0.1828125
8 0.5070313 0.7527344 0.0755208 0.1773437
10 0.3036458 0.7234375 0.0697917 0.1625000
11 0.5356771 0.2546875 0.1026042 0.1812500
10 0.5466146 0.2441406 0.1171875 0.1242188
7 0.2572917 0.5085937 0.1187500 0.1187500
9 0.6481771 0.4316406 0.1265625 0.1789062
