1 0.5317708 0.4988281 0.0343750 0.0742188
5 0.7270833 0.6667969 0.0520833 0.0398437
4 0.5940104 0.5988281 0.0609375 0.0382813
2 0.6854167 0.4003906 0.0552083 0.0414062
5 0.2533854 0.4472656 0.0401042 0.0617188
0 0.4658854 0.6796875 0.0536458 0.0343750
5 0.6015625 0.7070312 0.0270833 0.0812500
2 0.4578125 0.0812500 0.0302083 0.0812500
0 0.4065104 0.7707031 0.0348958 0.0820312
5 0.5544271 0.3535156 0.0546875 0.0429688
5 0.6700521 0.6714844 0.0536458 0.0492187
5 0.3403646 0.3093750 0.0484375 0.0703125
1 0.5596354 0.2371094 0.0296875 0.0554687
0 0.3830729 0.3894531 0.0265625 0.0398437
1 0.4127604 0.6128906 0.0609375 0.0476562
2 0.4197917 0.6683594 0.0322917 0.0851563
2 0.5026042 0.5738281 0.0291667 0.0820312
5 0.3835938 0.4113281 0.0588542 0.0554687
4 0.6210938 0.6554688 0.0505208 0.0421875
0 0.4638021 0.5644531 0.0369792 0.0601563
5 0.7570313 0.7082031 0.0484375 0.0460938
0 0.5223958 0.2394531 0.0322917 0.0570312
0 0.4270833 0.6152344 0.0572917 0.0460938
0 0.6713542 0.6632813 0.0572917 0.0453125
0 0.3575521 0.8144531 0.0557292 0.0398437
1 0.5867187 0.1281250 0.0515625 0.0625000
0 0.4252604 0.7574219 0.0588542 0.0367188
0 0.5190104 0.6406250 0.0380208 0.0843750
1 0.4786458 0.5398437 0.0385417 0.0625000
5 0.5804687 0.7835937 0.0557292 0.0390625
0 0.5986979 0.4871094 0.0276042 0.0414062
0 0.2692708 0.4972656 0.0572917 0.0585938
2 0.5161458 0.5140625 0.0281250 0.0578125
5 0.5088542 0.7835937 0.0395833 0.0546875
2 0.5070313 0.7734375 0.0432292 0.0765625
4 0.4229167 0.4003906 0.0479167 0.0554687
5 0.2695312 0.3667969 0.0515625 0.0460938
4 0.5367188 0.2519531 0.0536458 0.0648438
1 0.7325521 0.5058594 0.0421875 0.0882813
0 0.6494792 0.4273438 0.0625000 0.0453125
4 0.5408854 0.2023437 0.0515625 0.0593750
3 0.6528646 0.2933594 0.0369792 0.0742188
3 0.6479167 0.8402344 0.0583333 0.0382813
4 0.6257812 0.2742188 0.0421875 0.0656250
5 0.2395833 0.5210938 0.0385417 0.0406250
5 0.3552083 0.5566406 0.0250000 0.0539063
0 0.5677083 0.6820312 0.0281250 0.0812500
3 0.6989583 0.4878906 0.0656250 0.0570312
1 0.3226562 0.3371094 0.0317708 0.0664062
2 0.4802083 0.5601563 0.0593750 0.0359375
4 0.4911458 0.2023437 0.0406250 0.0437500
5 0.5664062 0.3734375 0.0567708 0.0500000
4 0.5552083 0.7832031 0.0302083 0.0726563
1 0.5919271 0.2839844 0.0546875 0.0351562
0 0.5445313 0.5925781 0.0526042 0.0507812
5 0.4924479 0.1835938 0.0359375 0.0875000
4 0.6497396 0.6167969 0.0588542 0.0492187
4 0.6505208 0.2820313 0.0302083 0.0750000
5 0.7080729 0.5003906 0.0223958 0.0617188
3 0.6158854 0.2734375 0.0338542 0.0640625
2 0.5088542 0.3652344 0.0458333 0.0445313
0 0.5135417 0.1769531 0.0552083 0.0445313
4 0.6182292 0.7949219 0.0541667 0.0382813
3 0.4148438 0.5648437 0.0411458 0.0859375
2 0.7585937 0.7125000 0.0546875 0.0453125
0 0.7283854 0.5871094 0.0453125 0.0507812
0 0.6611979 0.4273438 0.0348958 0.0437500
2 0.6432292 0.4441406 0.0458333 0.0632812
1 0.2963542 0.6746094 0.0395833 0.0773438
4 0.3791667 0.6707031 0.0458333 0.0523438
1 0.7492188 0.2179687 0.0265625 0.0484375
0 0.4825521 0.7839844 0.0348958 0.0695313
8 0.3601563 0.2816406 0.0401042 0.0820312
9 0.6416667 0.6011719 0.0364583 0.0554687
8 0.3101563 0.3039062 0.0567708 0.0671875
7 0.5526042 0.8171875 0.0375000 0.0875000
11 0.6057292 0.0523438 0.0541667 0.0703125
11 0.3546875 0.6382813 0.0531250 0.0515625
6 0.4752604 0.7398438 0.0546875 0.0703125
10 0.6395833 0.3515625 0.0562500 0.0546875
7 0.5093750 0.3433594 0.0510417 0.0632812
7 0.6575521 0.5503906 0.0557292 0.0539063
9 0.4382813 0.1324219 0.0526042 0.0835937
10 0.4669271 0.4890625 0.0369792 0.0781250
11 0.4869792 0.4898438 0.0572917 0.0609375
10 0.6770833 0.1707031 0.0510417 0.0617188
8 0.3515625 0.7125000 0.0364583 0.0562500
6 0.6893229 0.2113281 0.0421875 0.0820312
