4 0.7177083 0.5289063 0.0260417 0.0187500
2 0.4971354 0.8210937 0.0171875 0.0250000
1 0.7789063 0.3203125 0.0223958 0.0234375
1 0.5406250 0.3574219 0.0166667 0.0226562
2 0.6835938 0.5191406 0.0223958 0.0257812
2 0.7312500 0.5511719 0.0250000 0.0242188
2 0.3885417 0.6875000 0.0145833 0.0390625
2 0.6328125 0.2914062 0.0302083 0.0218750
5 0.6054688 0.4187500 0.0140625 0.0234375
1 0.5078125 0.1390625 0.0125000 0.0421875
1 0.6010417 0.4367187 0.0260417 0.0171875
0 0.7440104 0.4773438 0.0286458 0.0234375
5 0.5502604 0.6027344 0.0203125 0.0242188
5 0.4177083 0.2316406 0.0145833 0.0335937
0 0.3880208 0.7984375 0.0166667 0.0406250
0 0.4411458 0.7960938 0.0260417 0.0234375
0 0.3687500 0.8171875 0.0208333 0.0187500
5 0.5125000 0.1617187 0.0197917 0.0281250
5 0.4549479 0.6160156 0.0171875 0.0398437
1 0.7020833 0.4812500 0.0260417 0.0187500
3 0.5369792 0.3199219 0.0229167 0.0179687
2 0.5453125 0.3804688 0.0250000 0.0171875
3 0.4958333 0.2195313 0.0250000 0.0187500
4 0.5973958 0.5722656 0.0239583 0.0320312
5 0.7169271 0.2898438 0.0296875 0.0218750
4 0.3325521 0.5839844 0.0130208 0.0210938
4 0.3330729 0.3363281 0.0234375 0.0289063
3 0.4835937 0.7593750 0.0140625 0.0312500
5 0.6213542 0.4394531 0.0114583 0.0226562
1 0.3377604 0.5289063 0.0244792 0.0156250
4 0.3765625 0.4546875 0.0250000 0.0250000
2 0.4723958 0.7179688 0.0156250 0.0265625
3 0.6492187 0.3359375 0.0161458 0.0234375
1 0.5065104 0.1851562 0.0203125 0.0203125
2 0.5179687 0.2671875 0.0161458 0.0296875
1 0.4169271 0.7406250 0.0161458 0.0156250
2 0.3419271 0.3511719 0.0223958 0.0273438
1 0.6804687 0.2757812 0.0286458 0.0171875
0 0.5986979 0.5089844 0.0255208 0.0242188
1 0.6713542 0.2671875 0.0302083 0.0203125
4 0.4010417 0.2480469 0.0229167 0.0273438
2 0.3648438 0.2914062 0.0244792 0.0156250
1 0.2929688 0.7058594 0.0171875 0.0210938
5 0.5994792 0.5753906 0.0260417 0.0273438
2 0.5455729 0.3742187 0.0140625 0.0250000
1 0.3596354 0.5886719 0.0161458 0.0351562
2 0.3744792 0.5015625 0.0281250 0.0234375
2 0.3567708 0.5070313 0.0250000 0.0359375
5 0.5903646 0.7042969 0.0151042 0.0226562
3 0.5992188 0.6917969 0.0223958 0.0289063
2 0.3710938 0.6550781 0.0286458 0.0242188
2 0.5072917 0.5875000 0.0156250 0.0390625
4 0.7083333 0.2300781 0.0187500 0.0335937
2 0.6520833 0.3953125 0.0281250 0.0250000
3 0.5205729 0.2312500 0.0192708 0.0218750
11 0.7117187 0.6351562 0.0265625 0.0312500
6 0.4231771 0.6109375 0.0161458 0.0265625
11 0.6057292 0.2484375 0.0156250 0.0359375
