3 0.5229167 0.3554688 0.0250000 0.0453125
5 0.6770833 0.4375000 0.0177083 0.0343750
8 0.4828125 0.2222656 0.0250000 0.0367188
8 0.5736979 0.5875000 0.0338542 0.0359375
10 0.6507812 0.6140625 0.0307292 0.0312500
10 0.6763021 0.6312500 0.0338542 0.0328125
6 0.7216146 0.3800781 0.0348958 0.0351562
11 0.6317708 0.8089844 0.0343750 0.0335937
11 0.6255208 0.3312500 0.0302083 0.0375000
7 0.6854167 0.4054687 0.0312500 0.0328125
6 0.5830729 0.3277344 0.0255208 0.0304687
7 0.5703125 0.5593750 0.0218750 0.0484375
8 0.5984375 0.3953125 0.0333333 0.0328125
10 0.4380208 0.4109375 0.0354167 0.0375000
11 0.6257812 0.4050781 0.0328125 0.0460938
9 0.3111979 0.7222656 0.0296875 0.0523438
8 0.5356771 0.2003906 0.0223958 0.0492187
8 0.6393229 0.2511719 0.0223958 0.0507812
7 0.4736979 0.8226562 0.0296875 0.0375000
