0 0.2968750 0.4550781 0.0125000 0.0445313
3 0.6778646 0.3250000 0.0119792 0.0156250
0 0.6968750 0.6671875 0.0156250 0.0343750
2 0.5653646 0.2312500 0.0317708 0.0265625
4 0.3205729 0.7121094 0.0286458 0.0273438
3 0.5315104 0.4078125 0.0328125 0.0281250
1 0.2919271 0.3769531 0.0265625 0.0257812
1 0.5372396 0.6054688 0.0276042 0.0265625
4 0.5013021 0.7707031 0.0296875 0.0210938
4 0.3825521 0.7406250 0.0317708 0.0187500
4 0.6338542 0.5925781 0.0145833 0.0289063
3 0.3817708 0.7128906 0.0145833 0.0476562
1 0.3908854 0.3906250 0.0130208 0.0359375
5 0.5450521 0.7160156 0.0296875 0.0273438
5 0.3825521 0.2957031 0.0182292 0.0507812
2 0.5447917 0.5605469 0.0135417 0.0273438
5 0.4434896 0.7417969 0.0203125 0.0367188
4 0.5247396 0.0074219 0.0182292 0.0148437
5 0.4908854 0.4335938 0.0255208 0.0265625
1 0.4127604 0.3746094 0.0171875 0.0304687
0 0.6388021 0.7082031 0.0276042 0.0273438
2 0.5062500 0.5691406 0.0166667 0.0367188
1 0.5898438 0.6730469 0.0140625 0.0335937
4 0.4330729 0.3031250 0.0265625 0.0312500
1 0.7531250 0.5011719 0.0187500 0.0429688
5 0.5468750 0.4839844 0.0333333 0.0210938
1 0.6205729 0.5449219 0.0317708 0.0242188
4 0.5880208 0.5984375 0.0187500 0.0328125
2 0.3158854 0.4996094 0.0317708 0.0210938
2 0.6135417 0.2875000 0.0260417 0.0265625
3 0.5812500 0.6019531 0.0218750 0.0382813
1 0.3953125 0.3472656 0.0166667 0.0460938
5 0.6023437 0.1781250 0.0151042 0.0234375
8 0.4265625 0.2843750 0.0197917 0.0406250
10 0.3937500 0.5648437 0.0302083 0.0328125
10 0.5591146 0.5644531 0.0171875 0.0398437
7 0.3171875 0.2976563 0.0270833 0.0406250
8 0.6825521 0.7589844 0.0307292 0.0351562
10 0.5138021 0.6265625 0.0182292 0.0421875
11 0.5971354 0.6960937 0.0192708 0.0453125
11 0.7132812 0.7773438 0.0317708 0.0312500
10 0.2744792 0.3363281 0.0281250 0.0289063
10 0.6692708 0.6601562 0.0239583 0.0406250
