5 0.5419271 0.5347656 0.0307292 0.0304687
1 0.5583333 0.5320312 0.0218750 0.0359375
0 0.5523438 0.2039063 0.0255208 0.0296875
0 0.4684896 0.5597656 0.0244792 0.0289063
4 0.6929688 0.7273437 0.0286458 0.0203125
3 0.4791667 0.1371094 0.0239583 0.0398437
4 0.6304688 0.4058594 0.0203125 0.0226562
1 0.4815104 0.5496094 0.0171875 0.0335937
2 0.7239583 0.6296875 0.0312500 0.0296875
2 0.3544271 0.4507813 0.0296875 0.0203125
2 0.6554688 0.4570312 0.0307292 0.0296875
4 0.4877604 0.6324219 0.0140625 0.0273438
4 0.4674479 0.7855469 0.0244792 0.0351562
4 0.3697917 0.6886719 0.0135417 0.0210938
4 0.3075521 0.5484375 0.0296875 0.0218750
1 0.4848958 0.1976563 0.0218750 0.0281250
2 0.4885417 0.7878906 0.0260417 0.0273438
4 0.6437500 0.4203125 0.0302083 0.0375000
4 0.4325521 0.6105469 0.0296875 0.0242188
3 0.4028646 0.2242187 0.0151042 0.0468750
3 0.3130208 0.4023438 0.0156250 0.0328125
5 0.6257812 0.2750000 0.0244792 0.0375000
1 0.6929688 0.7074219 0.0203125 0.0273438
1 0.6583333 0.4351563 0.0166667 0.0250000
1 0.5877604 0.2464844 0.0286458 0.0226562
3 0.4408854 0.8031250 0.0244792 0.0265625
4 0.4565104 0.9175781 0.0171875 0.0226562
3 0.4705729 0.7828125 0.0203125 0.0281250
2 0.5369792 0.5281250 0.0187500 0.0265625
5 0.3088542 0.6238281 0.0260417 0.0382813
4 0.6125000 0.6675781 0.0333333 0.0226562
4 0.4083333 0.6550781 0.0239583 0.0382813
4 0.4591146 0.6445312 0.0140625 0.0515625
0 0.6955729 0.4351563 0.0265625 0.0265625
8 0.5539063 0.1523438 0.0203125 0.0312500
8 0.4028646 0.4257812 0.0286458 0.0281250
10 0.6343750 0.7339844 0.0322917 0.0335937
8 0.4351563 0.2828125 0.0203125 0.0453125
7 0.5747396 0.1937500 0.0276042 0.0390625
8 0.6841146 0.3843750 0.0286458 0.0359375
10 0.7135417 0.7351562 0.0302083 0.0281250
10 0.5723958 0.5804687 0.0177083 0.0359375
9 0.4390625 0.7480469 0.0281250 0.0289063
8 0.4835937 0.3039062 0.0265625 0.0281250
9 0.5231771 0.4917969 0.0192708 0.0304687
7 0.6145833 0.4792969 0.0281250 0.0304687
7 0.5830729 0.6886719 0.0234375 0.0460938
8 0.4479167 0.2710938 0.0333333 0.0328125
9 0.6143229 0.7546875 0.0192708 0.0421875
7 0.4611979 0.5984375 0.0307292 0.0296875
