3 0.3888021 0.4375000 0.0255208 0.0281250
0 0.4020833 0.3054688 0.0145833 0.0250000
2 0.6252604 0.5980469 0.0286458 0.0179687
3 0.6705729 0.4226563 0.0130208 0.0359375
3 0.5393229 0.3800781 0.0234375 0.0195312
2 0.6492187 0.2035156 0.0213542 0.0382813
5 0.4101562 0.2476562 0.0255208 0.0234375
4 0.5549479 0.5417969 0.0171875 0.0351562
4 0.3796875 0.2125000 0.0156250 0.0359375
4 0.7455729 0.5578125 0.0276042 0.0203125
3 0.4450521 0.1996094 0.0161458 0.0398437
4 0.4945312 0.2632813 0.0161458 0.0390625
2 0.4442708 0.4273438 0.0281250 0.0218750
2 0.6083333 0.4890625 0.0166667 0.0406250
5 0.4869792 0.6445312 0.0145833 0.0187500
0 0.5161458 0.4191406 0.0218750 0.0195312
0 0.6447917 0.4695313 0.0156250 0.0390625
1 0.5085937 0.7613281 0.0140625 0.0382813
2 0.7958333 0.7386719 0.0187500 0.0351562
0 0.2869792 0.6996094 0.0145833 0.0429688
1 0.5247396 0.4738281 0.0171875 0.0289063
1 0.6427083 0.5714844 0.0229167 0.0226562
0 0.2726562 0.1898438 0.0255208 0.0203125
0 0.3851562 0.5851563 0.0119792 0.0359375
5 0.5914063 0.4726562 0.0255208 0.0171875
4 0.5734375 0.2761719 0.0281250 0.0210938
3 0.5119792 0.2160156 0.0302083 0.0242188
1 0.4736979 0.3632812 0.0255208 0.0296875
3 0.6882812 0.4476562 0.0223958 0.0312500
0 0.6315104 0.6082031 0.0276042 0.0242188
1 0.5744792 0.3578125 0.0260417 0.0218750
1 0.7158854 0.6894531 0.0265625 0.0273438
0 0.4221354 0.7578125 0.0140625 0.0203125
1 0.6093750 0.7210937 0.0302083 0.0203125
3 0.5601563 0.5125000 0.0296875 0.0265625
3 0.2755208 0.2960937 0.0250000 0.0171875
5 0.5611979 0.7238281 0.0161458 0.0429688
4 0.4255208 0.5367188 0.0270833 0.0203125
3 0.5348958 0.4675781 0.0187500 0.0414062
4 0.5906250 0.5882812 0.0229167 0.0343750
1 0.3619792 0.4820313 0.0114583 0.0265625
3 0.5466146 0.3210938 0.0161458 0.0187500
5 0.5854167 0.4695313 0.0291667 0.0265625
4 0.4554687 0.6664062 0.0098958 0.0390625
4 0.5768229 0.6515625 0.0213542 0.0187500
0 0.5989583 0.7531250 0.0156250 0.0421875
2 0.6598958 0.4832031 0.0208333 0.0367188
4 0.4929688 0.3246094 0.0234375 0.0242188
0 0.5364583 0.6101562 0.0281250 0.0203125
5 0.3848958 0.6140625 0.0104167 0.0296875
1 0.3572917 0.4007812 0.0239583 0.0234375
5 0.5635417 0.6261719 0.0114583 0.0460938
5 0.4854167 0.6613281 0.0208333 0.0304687
1 0.5049479 0.3835938 0.0223958 0.0250000
1 0.4380208 0.6296875 0.0250000 0.0187500
4 0.5789062 0.3429687 0.0151042 0.0218750
5 0.5195312 0.5835938 0.0203125 0.0250000
3 0.7372396 0.3417969 0.0130208 0.0367188
2 0.6164063 0.0554687 0.0182292 0.0218750
3 0.4276042 0.2515625 0.0197917 0.0328125
3 0.4742188 0.3035156 0.0203125 0.0210938
0 0.5726562 0.5812500 0.0255208 0.0250000
1 0.6291667 0.5820312 0.0156250 0.0312500
3 0.5375000 0.5699219 0.0156250 0.0429688
1 0.7343750 0.4625000 0.0260417 0.0250000
9 0.6414062 0.4855469 0.0255208 0.0257812
11 0.5015625 0.8945312 0.0260417 0.0406250
10 0.4002604 0.3871094 0.0171875 0.0351562
8 0.5088542 0.8636719 0.0260417 0.0429688
11 0.5354167 0.3117187 0.0281250 0.0328125
11 0.5263021 0.8906250 0.0244792 0.0375000
