2 0.6013021 0.1906250 0.0328125 0.0250000
3 0.5731771 0.6300781 0.0286458 0.0460938
3 0.7119792 0.6105469 0.0166667 0.0367188
4 0.5729167 0.5121094 0.0270833 0.0382813
3 0.5208333 0.4210937 0.0260417 0.0296875
1 0.5692708 0.0984375 0.0187500 0.0500000
5 0.3690104 0.1773437 0.0296875 0.0437500
1 0.7330729 0.2285156 0.0401042 0.0226562
5 0.5500000 0.2679687 0.0197917 0.0265625
3 0.4713542 0.2878906 0.0156250 0.0523438
0 0.4481771 0.5968750 0.0151042 0.0218750
4 0.4497396 0.1777344 0.0307292 0.0367188
0 0.4364583 0.3597656 0.0354167 0.0242188
5 0.6898437 0.3011719 0.0359375 0.0257812
1 0.4736979 0.5410156 0.0265625 0.0382813
5 0.6372396 0.4171875 0.0307292 0.0281250
0 0.7125000 0.5640625 0.0322917 0.0390625
5 0.6437500 0.7183594 0.0302083 0.0335937
4 0.6229167 0.5957031 0.0250000 0.0257812
4 0.4002604 0.5210938 0.0203125 0.0343750
0 0.4325521 0.8785156 0.0171875 0.0429688
0 0.6835938 0.2828125 0.0338542 0.0375000
2 0.6216146 0.7167969 0.0234375 0.0273438
10 0.2942708 0.3738281 0.0333333 0.0429688
9 0.7744792 0.2589844 0.0354167 0.0335937
7 0.5393229 0.2519531 0.0328125 0.0414062
7 0.4171875 0.6910156 0.0322917 0.0367188
6 0.6145833 0.7566406 0.0364583 0.0367188
8 0.4411458 0.8453125 0.0229167 0.0531250
6 0.3776042 0.6750000 0.0354167 0.0359375
6 0.6239583 0.3878906 0.0312500 0.0304687
