0 0.3223958 0.5796875 0.0375000 0.0656250
3 0.3140625 0.4980469 0.0479167 0.0882813
5 0.4968750 0.9332031 0.0354167 0.0820312
0 0.2229167 0.7085938 0.0687500 0.0468750
1 0.4492188 0.8570313 0.0442708 0.1000000
2 0.3877604 0.7167969 0.0328125 0.1023437
0 0.5484375 0.6535156 0.0604167 0.0476562
2 0.7429687 0.4265625 0.0630208 0.0718750
3 0.6294271 0.6066406 0.0598958 0.0585938
7 0.6247396 0.4089844 0.0651042 0.0632812
8 0.4562500 0.5859375 0.0385417 0.0640625
6 0.4257812 0.6621094 0.0380208 0.0867187
11 0.6606771 0.6531250 0.0598958 0.0734375
7 0.3924479 0.3945312 0.0682292 0.0843750
8 0.4252604 0.2488281 0.0473958 0.0945312
11 0.7148438 0.6269531 0.0515625 0.0867187
8 0.6127604 0.1726563 0.0609375 0.0859375
11 0.4927083 0.6539063 0.0604167 0.0796875
11 0.4484375 0.7222656 0.0395833 0.0648438
6 0.5226563 0.5351562 0.0567708 0.0609375
7 0.4875000 0.6710938 0.0656250 0.0812500
7 0.4065104 0.2382812 0.0515625 0.1062500
6 0.5750000 0.5746094 0.0552083 0.0570312
8 0.3356771 0.3613281 0.0671875 0.0929688
7 0.5630208 0.4214844 0.0458333 0.0539063
9 0.6190104 0.1906250 0.0619792 0.0625000
