4 0.5046875 0.7394531 0.0218750 0.0664062
3 0.2992187 0.3117187 0.0401042 0.0406250
1 0.6981771 0.5953125 0.0473958 0.0390625
1 0.4257812 0.4019531 0.0380208 0.0335937
4 0.3937500 0.1812500 0.0354167 0.0343750
4 0.5765625 0.8078125 0.0437500 0.0250000
0 0.4395833 0.8691406 0.0416667 0.0460938
0 0.3997396 0.5882812 0.0338542 0.0437500
3 0.4166667 0.8984375 0.0239583 0.0328125
4 0.4721354 0.3046875 0.0213542 0.0671875
4 0.5807292 0.2195313 0.0187500 0.0625000
5 0.5434896 0.7000000 0.0276042 0.0515625
2 0.4320312 0.5996094 0.0223958 0.0570312
5 0.6083333 0.4179688 0.0447917 0.0359375
5 0.5039062 0.3167969 0.0411458 0.0304687
0 0.6130208 0.5402344 0.0416667 0.0429688
1 0.5669271 0.2296875 0.0390625 0.0328125
1 0.5802083 0.3769531 0.0427083 0.0289063
1 0.5802083 0.3980469 0.0458333 0.0320312
2 0.5039062 0.3113281 0.0255208 0.0601563
4 0.6828125 0.7316406 0.0479167 0.0398437
1 0.3924479 0.7980469 0.0442708 0.0476562
0 0.5682292 0.3550781 0.0416667 0.0320312
5 0.6260417 0.4000000 0.0416667 0.0468750
1 0.6052083 0.6332031 0.0333333 0.0601563
4 0.6770833 0.2289063 0.0416667 0.0296875
5 0.5239583 0.8246094 0.0416667 0.0320312
8 0.2799479 0.4050781 0.0307292 0.0585938
9 0.7135417 0.2867188 0.0291667 0.0515625
8 0.4622396 0.8218750 0.0317708 0.0625000
