0 0.3307292 0.5273438 0.0145833 0.0250000
0 0.6505208 0.2062500 0.0166667 0.0312500
1 0.6742187 0.1894531 0.0244792 0.0164063
5 0.2971354 0.7187500 0.0244792 0.0187500
3 0.5791667 0.8210937 0.0156250 0.0328125
0 0.5127604 0.2414062 0.0234375 0.0156250
3 0.5226563 0.6472656 0.0223958 0.0242188
0 0.5296875 0.6234375 0.0135417 0.0187500
4 0.7739583 0.4753906 0.0229167 0.0210938
2 0.7036458 0.8324219 0.0250000 0.0210938
1 0.6789063 0.6121094 0.0255208 0.0179687
1 0.5859375 0.2410156 0.0197917 0.0179687
4 0.2515625 0.7546875 0.0135417 0.0359375
2 0.6580729 0.6851563 0.0255208 0.0218750
1 0.5552083 0.2632813 0.0250000 0.0187500
5 0.6046875 0.3929687 0.0125000 0.0234375
4 0.4557292 0.6457031 0.0218750 0.0226562
3 0.4661458 0.3031250 0.0145833 0.0250000
4 0.5848958 0.7203125 0.0197917 0.0156250
1 0.3854167 0.8843750 0.0135417 0.0187500
2 0.3880208 0.6890625 0.0135417 0.0265625
4 0.6466146 0.1710937 0.0255208 0.0156250
4 0.4799479 0.3062500 0.0119792 0.0156250
0 0.4395833 0.7273437 0.0166667 0.0296875
3 0.4734375 0.1687500 0.0156250 0.0203125
1 0.4171875 0.3296875 0.0156250 0.0375000
2 0.5802083 0.5808594 0.0270833 0.0179687
5 0.6276042 0.2656250 0.0156250 0.0218750
2 0.6044271 0.8773437 0.0140625 0.0187500
3 0.5041667 0.6105469 0.0187500 0.0195312
1 0.5028646 0.2136719 0.0234375 0.0242188
2 0.3929687 0.2070312 0.0119792 0.0203125
5 0.7072917 0.2785156 0.0135417 0.0242188
2 0.4710937 0.7667969 0.0151042 0.0210938
3 0.5213542 0.5433594 0.0250000 0.0148437
2 0.6643229 0.1746094 0.0171875 0.0210938
5 0.4351563 0.2441406 0.0161458 0.0367188
3 0.6549479 0.5742188 0.0234375 0.0218750
5 0.3953125 0.1238281 0.0239583 0.0210938
4 0.6838542 0.5250000 0.0187500 0.0171875
5 0.3135417 0.5105469 0.0270833 0.0242188
5 0.5075521 0.4468750 0.0203125 0.0234375
3 0.6010417 0.5773438 0.0229167 0.0171875
0 0.2921875 0.3304687 0.0114583 0.0390625
5 0.4085937 0.4289062 0.0213542 0.0203125
2 0.3880208 0.6679688 0.0156250 0.0312500
0 0.3903646 0.2570312 0.0151042 0.0281250
5 0.5317708 0.5042969 0.0208333 0.0273438
5 0.3773437 0.7937500 0.0223958 0.0234375
3 0.6239583 0.4875000 0.0114583 0.0375000
3 0.6562500 0.8285156 0.0260417 0.0226562
2 0.6132812 0.7699219 0.0192708 0.0304687
1 0.6507812 0.3488281 0.0244792 0.0179687
4 0.7518229 0.5296875 0.0223958 0.0281250
3 0.3247396 0.5902344 0.0140625 0.0320312
4 0.6752604 0.5675781 0.0203125 0.0257812
0 0.6729167 0.2722656 0.0125000 0.0382813
3 0.5971354 0.6187500 0.0223958 0.0218750
0 0.6513021 0.5281250 0.0119792 0.0343750
1 0.6442708 0.3828125 0.0239583 0.0203125
5 0.5505208 0.2214844 0.0208333 0.0179687
5 0.3442708 0.4519531 0.0125000 0.0351562
0 0.5848958 0.8441406 0.0208333 0.0195312
5 0.6026042 0.7000000 0.0218750 0.0203125
5 0.5828125 0.6062500 0.0239583 0.0140625
1 0.3864583 0.7371094 0.0260417 0.0195312
3 0.4463542 0.3960938 0.0156250 0.0156250
3 0.5085937 0.7851562 0.0255208 0.0187500
0 0.5992188 0.2175781 0.0130208 0.0414062
5 0.5333333 0.8007812 0.0218750 0.0265625
4 0.5578125 0.3585937 0.0229167 0.0265625
0 0.3585937 0.4664063 0.0140625 0.0218750
1 0.3552083 0.5031250 0.0177083 0.0281250
2 0.5026042 0.3742187 0.0114583 0.0359375
1 0.4989583 0.7785156 0.0229167 0.0179687
4 0.5213542 0.5941406 0.0197917 0.0164063
9 0.5684896 0.8269531 0.0234375 0.0226562
8 0.7447917 0.3441406 0.0197917 0.0351562
9 0.4213542 0.4132812 0.0250000 0.0281250
8 0.5619792 0.3707031 0.0250000 0.0257812
8 0.5078125 0.1625000 0.0250000 0.0312500
8 0.5640625 0.7363281 0.0145833 0.0226562
9 0.7166667 0.4683594 0.0218750 0.0210938
7 0.6927083 0.5964844 0.0156250 0.0242188
6 0.3661458 0.3003906 0.0250000 0.0335937
