0 0.3763021 0.2222656 0.0296875 0.0460938
5 0.4781250 0.6359375 0.0302083 0.0562500
5 0.5625000 0.5472656 0.0520833 0.0476562
3 0.6080729 0.4886719 0.0296875 0.0335937
5 0.6216146 0.3027344 0.0421875 0.0585938
3 0.6992188 0.7957031 0.0515625 0.0351562
4 0.3635417 0.5222656 0.0281250 0.0570312
3 0.6315104 0.3753906 0.0546875 0.0335937
2 0.5872396 0.8207031 0.0307292 0.0617188
1 0.5263021 0.5652344 0.0473958 0.0460938
4 0.5989583 0.5855469 0.0375000 0.0726563
2 0.7111979 0.2417969 0.0255208 0.0742188
4 0.4348958 0.1226562 0.0437500 0.0531250
4 0.3789062 0.6730469 0.0494792 0.0382813
5 0.7723958 0.4902344 0.0447917 0.0507812
3 0.7736979 0.5699219 0.0515625 0.0335937
4 0.5468750 0.5457031 0.0489583 0.0429688
1 0.7296875 0.4226563 0.0541667 0.0375000
0 0.2861979 0.5171875 0.0505208 0.0484375
0 0.6880208 0.5714844 0.0260417 0.0648438
3 0.2791667 0.3039062 0.0250000 0.0703125
2 0.5315104 0.5695313 0.0421875 0.0546875
4 0.6135417 0.6542969 0.0333333 0.0335937
4 0.4369792 0.4792969 0.0489583 0.0429688
4 0.4619792 0.9355469 0.0343750 0.0773438
3 0.5442708 0.3132813 0.0468750 0.0343750
3 0.4015625 0.2472656 0.0375000 0.0695313
2 0.6033854 0.4640625 0.0401042 0.0750000
5 0.5992188 0.4554687 0.0567708 0.0515625
4 0.4828125 0.2523437 0.0343750 0.0750000
1 0.2494792 0.4945312 0.0500000 0.0468750
1 0.4807292 0.6640625 0.0479167 0.0484375
5 0.3997396 0.2152344 0.0328125 0.0789062
1 0.5825521 0.2457031 0.0473958 0.0492187
3 0.5335937 0.6769531 0.0463542 0.0304687
3 0.3869792 0.2703125 0.0364583 0.0625000
1 0.5119792 0.5222656 0.0291667 0.0726563
4 0.6200521 0.2460938 0.0223958 0.0359375
4 0.4671875 0.3949219 0.0250000 0.0757812
2 0.5921875 0.2394531 0.0458333 0.0445313
1 0.3507812 0.5863281 0.0192708 0.0601563
2 0.6661458 0.5867187 0.0520833 0.0437500
3 0.5500000 0.3828125 0.0489583 0.0390625
2 0.5414062 0.6593750 0.0494792 0.0468750
5 0.5164062 0.6433594 0.0380208 0.0726563
4 0.3960938 0.2937500 0.0432292 0.0343750
3 0.5080729 0.3953125 0.0494792 0.0562500
1 0.6375000 0.8691406 0.0520833 0.0476562
4 0.3065104 0.5613281 0.0338542 0.0429688
1 0.5445313 0.2414062 0.0244792 0.0718750
5 0.4812500 0.8683594 0.0322917 0.0570312
3 0.4263021 0.6167969 0.0276042 0.0757812
0 0.6182292 0.2250000 0.0531250 0.0468750
4 0.4859375 0.0671875 0.0406250 0.0593750
2 0.7065104 0.7078125 0.0546875 0.0375000
3 0.4395833 0.1890625 0.0552083 0.0343750
5 0.5132813 0.7414063 0.0317708 0.0359375
4 0.4523437 0.1867187 0.0432292 0.0593750
1 0.5255208 0.4128906 0.0302083 0.0382813
4 0.4911458 0.6710938 0.0250000 0.0750000
1 0.5804687 0.5546875 0.0578125 0.0406250
0 0.4921875 0.7488281 0.0364583 0.0648438
1 0.6320313 0.7933594 0.0317708 0.0398437
3 0.5028646 0.2078125 0.0307292 0.0343750
0 0.5471354 0.3667969 0.0369792 0.0617188
3 0.4861979 0.3937500 0.0348958 0.0562500
1 0.4471354 0.3085938 0.0223958 0.0375000
4 0.3492188 0.5761719 0.0536458 0.0445313
0 0.2984375 0.3902344 0.0541667 0.0554687
2 0.6171875 0.2554688 0.0489583 0.0296875
0 0.7117187 0.6011719 0.0494792 0.0398437
11 0.6088542 0.3562500 0.0500000 0.0484375
6 0.4270833 0.6640625 0.0500000 0.0500000
6 0.4591146 0.4792969 0.0526042 0.0617188
11 0.3484375 0.8300781 0.0468750 0.0585938
6 0.4661458 0.6847656 0.0364583 0.0460938
9 0.2812500 0.7355469 0.0333333 0.0773438
8 0.4239583 0.5390625 0.0447917 0.0437500
9 0.4817708 0.4757812 0.0468750 0.0515625
6 0.5187500 0.3046875 0.0437500 0.0531250
11 0.2822917 0.6722656 0.0479167 0.0585938
7 0.7309896 0.5093750 0.0442708 0.0734375
8 0.2877604 0.6613281 0.0515625 0.0617188
