1 0.4778646 0.4960938 0.0213542 0.0203125
4 0.5171875 0.3882813 0.0218750 0.0203125
2 0.2875000 0.3648438 0.0250000 0.0265625
2 0.5208333 0.2355469 0.0135417 0.0304687
0 0.5070313 0.4644531 0.0182292 0.0164063
3 0.6184896 0.2734375 0.0255208 0.0171875
2 0.4161458 0.7917969 0.0187500 0.0320312
4 0.7580729 0.5988281 0.0171875 0.0148437
5 0.4489583 0.5199219 0.0250000 0.0179687
1 0.2822917 0.6078125 0.0208333 0.0328125
2 0.3841146 0.7933594 0.0140625 0.0242188
1 0.2958333 0.4921875 0.0145833 0.0250000
5 0.5210938 0.7609375 0.0151042 0.0296875
3 0.3216146 0.5851563 0.0182292 0.0187500
3 0.6148438 0.4445312 0.0276042 0.0218750
2 0.6596354 0.4835937 0.0223958 0.0265625
1 0.3195312 0.2984375 0.0140625 0.0390625
3 0.5835938 0.7906250 0.0255208 0.0203125
0 0.5848958 0.4867187 0.0239583 0.0281250
0 0.6018229 0.5617188 0.0140625 0.0421875
2 0.4882812 0.3359375 0.0182292 0.0359375
4 0.4158854 0.1613281 0.0151042 0.0179687
5 0.5494792 0.2781250 0.0270833 0.0203125
2 0.7135417 0.4500000 0.0250000 0.0203125
4 0.6851563 0.4695313 0.0244792 0.0203125
0 0.4234375 0.6234375 0.0125000 0.0359375
2 0.3278646 0.7382812 0.0151042 0.0390625
1 0.4166667 0.2085937 0.0135417 0.0203125
5 0.5346354 0.7058594 0.0151042 0.0195312
0 0.4192708 0.7285156 0.0187500 0.0195312
3 0.6950521 0.3292969 0.0255208 0.0195312
3 0.5117188 0.3917969 0.0171875 0.0335937
0 0.4861979 0.4710937 0.0161458 0.0187500
1 0.7302083 0.2527344 0.0250000 0.0179687
3 0.5460938 0.1808594 0.0161458 0.0382813
0 0.4789062 0.8292969 0.0244792 0.0179687
4 0.4838542 0.1441406 0.0239583 0.0179687
0 0.6236979 0.9355469 0.0192708 0.0289063
5 0.4945312 0.8359375 0.0140625 0.0250000
3 0.5408854 0.3386719 0.0265625 0.0226562
4 0.8010417 0.5800781 0.0135417 0.0179687
5 0.6723958 0.0925781 0.0229167 0.0210938
3 0.7765625 0.5351562 0.0218750 0.0265625
0 0.2328125 0.6238281 0.0208333 0.0179687
3 0.4697917 0.7152344 0.0156250 0.0367188
4 0.4312500 0.3894531 0.0125000 0.0195312
3 0.6882812 0.1929687 0.0255208 0.0187500
5 0.3033854 0.6003906 0.0151042 0.0273438
1 0.6088542 0.7031250 0.0125000 0.0312500
1 0.3179688 0.5214844 0.0161458 0.0351562
2 0.7888021 0.6394531 0.0161458 0.0382813
1 0.6572917 0.4570312 0.0125000 0.0234375
5 0.4682292 0.7054687 0.0145833 0.0375000
0 0.6770833 0.4062500 0.0187500 0.0328125
9 0.7325521 0.5191406 0.0234375 0.0289063
11 0.6614583 0.3898437 0.0239583 0.0250000
6 0.5002604 0.5156250 0.0213542 0.0218750
6 0.3924479 0.4539063 0.0213542 0.0343750
9 0.4882812 0.5117188 0.0223958 0.0359375
6 0.3075521 0.2871094 0.0223958 0.0257812
9 0.5424479 0.4289062 0.0255208 0.0234375
7 0.2783854 0.2097656 0.0244792 0.0273438
11 0.4455729 0.3457031 0.0161458 0.0367188
10 0.6263021 0.4566406 0.0234375 0.0242188
9 0.4145833 0.2808594 0.0156250 0.0273438
7 0.3252604 0.6074219 0.0234375 0.0242188
7 0.3111979 0.4632812 0.0244792 0.0234375
6 0.3971354 0.3140625 0.0171875 0.0359375
7 0.3877604 0.3273437 0.0223958 0.0203125
9 0.6197917 0.8417969 0.0239583 0.0257812
10 0.3138021 0.5472656 0.0213542 0.0210938
9 0.4372396 0.1632812 0.0161458 0.0359375
11 0.6765625 0.5800781 0.0239583 0.0304687
