4 0.4802083 0.5164062 0.0281250 0.0234375
4 0.6385417 0.8039063 0.0229167 0.0187500
2 0.3697917 0.5882812 0.0229167 0.0312500
3 0.5638021 0.2843750 0.0151042 0.0265625
2 0.5093750 0.2816406 0.0218750 0.0382813
2 0.4346354 0.3800781 0.0234375 0.0195312
5 0.5479167 0.4558594 0.0302083 0.0242188
0 0.7213542 0.6949219 0.0239583 0.0195312
3 0.3932292 0.2769531 0.0260417 0.0226562
0 0.5585938 0.8730469 0.0161458 0.0351562
5 0.5843750 0.5937500 0.0270833 0.0218750
2 0.3450521 0.8503906 0.0286458 0.0242188
2 0.5250000 0.2324219 0.0208333 0.0367188
0 0.3596354 0.5093750 0.0171875 0.0281250
2 0.6611979 0.4046875 0.0265625 0.0203125
3 0.6476563 0.5035156 0.0265625 0.0195312
1 0.5015625 0.3777344 0.0281250 0.0210938
5 0.6710938 0.3542969 0.0276042 0.0242188
2 0.7028646 0.5199219 0.0286458 0.0195312
5 0.4432292 0.3683594 0.0166667 0.0226562
1 0.3968750 0.3488281 0.0166667 0.0273438
4 0.5388021 0.5039062 0.0244792 0.0250000
1 0.5434896 0.4367187 0.0171875 0.0343750
3 0.5393229 0.4472656 0.0213542 0.0289063
0 0.3549479 0.6820312 0.0192708 0.0343750
2 0.4687500 0.4828125 0.0281250 0.0250000
5 0.5328125 0.3675781 0.0197917 0.0414062
2 0.6880208 0.4449219 0.0239583 0.0226562
4 0.4007812 0.4949219 0.0192708 0.0414062
0 0.6317708 0.2769531 0.0156250 0.0382813
1 0.4208333 0.1687500 0.0187500 0.0218750
2 0.3494792 0.5269531 0.0281250 0.0195312
5 0.5046875 0.4605469 0.0239583 0.0351562
5 0.6145833 0.7242188 0.0229167 0.0281250
0 0.6791667 0.2371094 0.0166667 0.0398437
1 0.6515625 0.3199219 0.0239583 0.0242188
3 0.7013021 0.3804688 0.0171875 0.0281250
11 0.5489583 0.2074219 0.0281250 0.0273438
7 0.3882813 0.6531250 0.0171875 0.0390625
7 0.4263021 0.8386719 0.0234375 0.0367188
8 0.2953125 0.6402344 0.0187500 0.0351562
6 0.3098958 0.2433594 0.0250000 0.0257812
9 0.3361979 0.4273438 0.0255208 0.0250000
8 0.3783854 0.6113281 0.0255208 0.0351562
9 0.6911458 0.6730469 0.0260417 0.0335937
7 0.5294271 0.3855469 0.0255208 0.0320312
8 0.3669271 0.5488281 0.0265625 0.0320312
11 0.3825521 0.3574219 0.0265625 0.0257812
7 0.5182292 0.3007812 0.0197917 0.0390625
6 0.6479167 0.6023437 0.0187500 0.0390625
8 0.5221354 0.3484375 0.0255208 0.0312500
