3 0.7023438 0.1726563 0.0088542 0.0343750
4 0.3677083 0.6929688 0.0197917 0.0250000
2 0.6104167 0.4414062 0.0260417 0.0187500
5 0.3752604 0.1804688 0.0109375 0.0375000
10 0.5223958 0.4253906 0.0177083 0.0335937
7 0.6562500 0.2007812 0.0208333 0.0296875
7 0.5494792 0.1609375 0.0239583 0.0234375
7 0.2973958 0.1875000 0.0145833 0.0328125
8 0.4190104 0.7417969 0.0140625 0.0226562
8 0.7114583 0.1007813 0.0218750 0.0265625
6 0.4562500 0.3144531 0.0177083 0.0210938
11 0.4070313 0.2042969 0.0151042 0.0226562
8 0.4091146 0.6218750 0.0182292 0.0343750
7 0.6492187 0.8304687 0.0223958 0.0296875
10 0.5562500 0.6351562 0.0145833 0.0328125
10 0.6776042 0.4441406 0.0229167 0.0320312
6 0.5281250 0.3238281 0.0145833 0.0335937
6 0.3244792 0.3527344 0.0218750 0.0304687
10 0.4098958 0.2046875 0.0177083 0.0312500
6 0.3770833 0.3796875 0.0145833 0.0265625
