5 0.5247396 0.3246094 0.0328125 0.0242188
2 0.4440104 0.1546875 0.0203125 0.0296875
0 0.5184896 0.4269531 0.0223958 0.0226562
3 0.6416667 0.8878906 0.0229167 0.0226562
1 0.4661458 0.7687500 0.0156250 0.0390625
1 0.5690104 0.7746094 0.0203125 0.0476562
5 0.4502604 0.6277344 0.0244792 0.0289063
0 0.5630208 0.6109375 0.0302083 0.0187500
4 0.3682292 0.6199219 0.0187500 0.0445313
6 0.5216146 0.1679688 0.0213542 0.0406250
6 0.3369792 0.5226563 0.0270833 0.0375000
7 0.6158854 0.5972656 0.0296875 0.0382813
6 0.4651042 0.2789063 0.0197917 0.0296875
9 0.7731771 0.2531250 0.0296875 0.0296875
7 0.5307292 0.5968750 0.0229167 0.0296875
8 0.3869792 0.7328125 0.0229167 0.0453125
6 0.2914062 0.8656250 0.0307292 0.0468750
9 0.6851563 0.6546875 0.0317708 0.0312500
6 0.5026042 0.4347656 0.0239583 0.0445313
6 0.6138021 0.6558594 0.0234375 0.0429688
11 0.4231771 0.7773438 0.0192708 0.0468750
6 0.4304688 0.4914062 0.0192708 0.0296875
10 0.6255208 0.4429688 0.0291667 0.0281250
11 0.3486979 0.3714844 0.0286458 0.0289063
10 0.3419271 0.7781250 0.0244792 0.0484375
11 0.3804688 0.5300781 0.0296875 0.0289063
11 0.3773437 0.7359375 0.0234375 0.0453125
