3 0.7208333 0.3890625 0.0260417 0.0234375
1 0.3320312 0.6632813 0.0286458 0.0203125
0 0.6710938 0.6312500 0.0203125 0.0328125
2 0.4093750 0.7894531 0.0208333 0.0210938
4 0.4119792 0.4671875 0.0239583 0.0187500
4 0.6486979 0.4132812 0.0182292 0.0359375
4 0.6859375 0.2238281 0.0281250 0.0195312
4 0.4825521 0.7703125 0.0255208 0.0187500
1 0.5666667 0.5664062 0.0156250 0.0343750
5 0.4872396 0.4464844 0.0286458 0.0257812
0 0.4135417 0.7031250 0.0156250 0.0406250
1 0.6151042 0.1425781 0.0270833 0.0273438
0 0.4994792 0.6785156 0.0145833 0.0273438
4 0.5635417 0.5980469 0.0114583 0.0226562
3 0.4562500 0.3804688 0.0187500 0.0437500
1 0.5117188 0.2222656 0.0286458 0.0226562
4 0.4369792 0.8515625 0.0177083 0.0265625
5 0.7192708 0.3890625 0.0291667 0.0250000
5 0.6578125 0.4433594 0.0291667 0.0195312
5 0.3744792 0.3796875 0.0187500 0.0343750
5 0.5427083 0.6070313 0.0270833 0.0343750
4 0.6101562 0.4109375 0.0213542 0.0296875
3 0.5367188 0.4460938 0.0182292 0.0328125
1 0.6539063 0.3324219 0.0119792 0.0257812
5 0.3049479 0.5281250 0.0276042 0.0234375
11 0.6234375 0.4839844 0.0291667 0.0367188
7 0.4463542 0.4394531 0.0239583 0.0398437
8 0.5122396 0.8203125 0.0192708 0.0375000
11 0.3914063 0.0429688 0.0182292 0.0437500
7 0.3755208 0.2093750 0.0166667 0.0359375
8 0.3825521 0.6757812 0.0265625 0.0328125
