5 0.5364583 0.3074219 0.0333333 0.0335937
2 0.2812500 0.5167969 0.0239583 0.0335937
3 0.5872396 0.7636719 0.0328125 0.0257812
4 0.6190104 0.5324219 0.0265625 0.0335937
2 0.4625000 0.7316406 0.0229167 0.0617188
3 0.4166667 0.1835938 0.0291667 0.0265625
0 0.4583333 0.4261719 0.0281250 0.0320312
1 0.6591146 0.8035156 0.0348958 0.0273438
5 0.5226563 0.5511719 0.0244792 0.0414062
3 0.4132812 0.3371094 0.0192708 0.0570312
3 0.2854167 0.3234375 0.0166667 0.0531250
1 0.4690104 0.2058594 0.0328125 0.0414062
5 0.4578125 0.7402344 0.0156250 0.0554687
1 0.4671875 0.2710938 0.0197917 0.0593750
5 0.2403646 0.5035156 0.0338542 0.0460938
1 0.6333333 0.3484375 0.0416667 0.0328125
0 0.5635417 0.5417969 0.0385417 0.0304687
0 0.6815104 0.5808594 0.0348958 0.0429688
4 0.7080729 0.4148438 0.0203125 0.0609375
2 0.7692708 0.5433594 0.0229167 0.0304687
5 0.6565104 0.4128906 0.0442708 0.0335937
0 0.4817708 0.1902344 0.0197917 0.0570312
5 0.4343750 0.6800781 0.0239583 0.0429688
2 0.6351562 0.1738281 0.0338542 0.0320312
5 0.3109375 0.7238281 0.0166667 0.0414062
5 0.5210938 0.7804688 0.0328125 0.0406250
1 0.4106771 0.5765625 0.0203125 0.0625000
3 0.4091146 0.5882812 0.0317708 0.0328125
4 0.6390625 0.4000000 0.0364583 0.0343750
4 0.5453125 0.5472656 0.0291667 0.0414062
3 0.5622396 0.4324219 0.0390625 0.0304687
0 0.3958333 0.6382813 0.0364583 0.0234375
0 0.6411458 0.6882812 0.0239583 0.0453125
5 0.7403646 0.5972656 0.0203125 0.0601563
1 0.3119792 0.4117188 0.0375000 0.0296875
2 0.5906250 0.5019531 0.0322917 0.0429688
2 0.6778646 0.5578125 0.0348958 0.0406250
2 0.5968750 0.4433594 0.0197917 0.0585938
1 0.6395833 0.5074219 0.0333333 0.0273438
5 0.6335937 0.7500000 0.0359375 0.0250000
0 0.6200521 0.3656250 0.0182292 0.0375000
4 0.5721354 0.5367188 0.0328125 0.0328125
1 0.4598958 0.8335938 0.0322917 0.0296875
0 0.5406250 0.1562500 0.0187500 0.0531250
0 0.6119792 0.2953125 0.0250000 0.0359375
2 0.7476563 0.5503906 0.0203125 0.0554687
3 0.3669271 0.3652344 0.0369792 0.0273438
1 0.6442708 0.2003906 0.0177083 0.0539063
1 0.4682292 0.2757812 0.0406250 0.0281250
0 0.4838542 0.5140625 0.0187500 0.0500000
2 0.6190104 0.2015625 0.0369792 0.0406250
2 0.5718750 0.6761719 0.0197917 0.0523438
5 0.3945312 0.6078125 0.0192708 0.0531250
1 0.7015625 0.7765625 0.0166667 0.0546875
4 0.6083333 0.1464844 0.0187500 0.0382813
2 0.4148438 0.6449219 0.0286458 0.0476562
5 0.3031250 0.3585937 0.0208333 0.0656250
3 0.3708333 0.5542969 0.0218750 0.0554687
3 0.6992188 0.6472656 0.0411458 0.0289063
5 0.4184896 0.3992188 0.0421875 0.0421875
1 0.5973958 0.1183594 0.0229167 0.0335937
5 0.2856771 0.5871094 0.0213542 0.0289063
0 0.7500000 0.6625000 0.0291667 0.0484375
3 0.6127604 0.2062500 0.0348958 0.0484375
4 0.5234375 0.3574219 0.0406250 0.0242188
0 0.4218750 0.5875000 0.0156250 0.0328125
3 0.3408854 0.3980469 0.0182292 0.0617188
4 0.5049479 0.4175781 0.0328125 0.0445313
1 0.6763021 0.1777344 0.0411458 0.0273438
2 0.3335938 0.6757812 0.0276042 0.0578125
5 0.4710937 0.1941406 0.0359375 0.0210938
2 0.4265625 0.5601563 0.0354167 0.0265625
4 0.5705729 0.7367187 0.0369792 0.0281250
9 0.4861979 0.6136719 0.0338542 0.0351562
7 0.5283854 0.2332031 0.0244792 0.0445313
7 0.6734375 0.2351563 0.0343750 0.0390625
11 0.4757812 0.2621094 0.0369792 0.0476562
9 0.4458333 0.3414063 0.0343750 0.0375000
10 0.4257812 0.5867187 0.0286458 0.0531250
7 0.4299479 0.3207031 0.0380208 0.0554687
10 0.4807292 0.2898438 0.0343750 0.0515625
7 0.5671875 0.7535156 0.0218750 0.0335937
8 0.4226563 0.4386719 0.0348958 0.0445313
10 0.3812500 0.6300781 0.0364583 0.0492187
9 0.4817708 0.7937500 0.0281250 0.0546875
6 0.5789062 0.6222656 0.0380208 0.0460938
11 0.7640625 0.4277344 0.0385417 0.0382813
