5 0.4674479 0.3839844 0.0307292 0.0804688
4 0.5609375 0.5160156 0.0333333 0.0507812
2 0.2734375 0.6636719 0.0239583 0.0429688
4 0.4036458 0.2601562 0.0489583 0.0453125
5 0.6057292 0.3359375 0.0458333 0.0390625
4 0.6286458 0.3023438 0.0395833 0.0515625
4 0.4914062 0.5792969 0.0328125 0.0367188
5 0.6885417 0.6179687 0.0520833 0.0390625
3 0.4864583 0.6496094 0.0343750 0.0429688
1 0.3643229 0.5277344 0.0526042 0.0429688
1 0.6085938 0.3410156 0.0338542 0.0429688
2 0.6921875 0.5074219 0.0500000 0.0367188
0 0.5005208 0.3011719 0.0479167 0.0476562
2 0.5585938 0.5953125 0.0453125 0.0531250
1 0.3716146 0.4484375 0.0557292 0.0375000
4 0.4671875 0.6863281 0.0375000 0.0304687
3 0.7507812 0.1433594 0.0484375 0.0382813
4 0.3578125 0.4117188 0.0500000 0.0359375
0 0.1856771 0.5242187 0.0348958 0.0390625
1 0.3692708 0.4804688 0.0239583 0.0546875
3 0.2919271 0.6894531 0.0255208 0.0757812
3 0.7015625 0.5066406 0.0364583 0.0554687
3 0.6625000 0.3453125 0.0229167 0.0406250
5 0.6908854 0.7597656 0.0255208 0.0398437
0 0.5437500 0.7660156 0.0218750 0.0710937
0 0.5450521 0.6210938 0.0286458 0.0390625
4 0.6020833 0.5675781 0.0479167 0.0335937
5 0.4341146 0.3195312 0.0369792 0.0734375
1 0.5796875 0.3457031 0.0385417 0.0585938
0 0.5059896 0.5929688 0.0255208 0.0562500
4 0.7078125 0.6445312 0.0270833 0.0546875
0 0.3585937 0.7011719 0.0223958 0.0460938
2 0.6309896 0.6035156 0.0286458 0.0617188
3 0.4440104 0.4078125 0.0442708 0.0390625
2 0.4041667 0.7687500 0.0343750 0.0515625
4 0.5723958 0.5371094 0.0489583 0.0460938
2 0.4085937 0.1867187 0.0390625 0.0500000
5 0.6690104 0.6148438 0.0484375 0.0343750
1 0.3651042 0.3992188 0.0520833 0.0359375
4 0.7028646 0.3218750 0.0484375 0.0343750
1 0.5088542 0.1531250 0.0281250 0.0734375
1 0.6791667 0.7906250 0.0510417 0.0406250
2 0.2429688 0.3734375 0.0484375 0.0578125
0 0.2627604 0.5210938 0.0255208 0.0609375
2 0.5817708 0.4187500 0.0489583 0.0359375
4 0.5122396 0.8890625 0.0348958 0.0718750
3 0.7273437 0.5238281 0.0505208 0.0367188
1 0.3877604 0.6687500 0.0234375 0.0500000
0 0.4898438 0.1769531 0.0296875 0.0742188
2 0.5604167 0.7437500 0.0354167 0.0781250
4 0.7005208 0.6187500 0.0468750 0.0390625
2 0.7026042 0.4058594 0.0312500 0.0632812
0 0.4528646 0.7902344 0.0369792 0.0601563
0 0.5007812 0.3468750 0.0307292 0.0781250
2 0.5656250 0.4535156 0.0552083 0.0429688
5 0.4497396 0.4156250 0.0255208 0.0437500
4 0.3364583 0.5972656 0.0416667 0.0351562
3 0.5119792 0.5664062 0.0291667 0.0406250
0 0.2414062 0.2539062 0.0317708 0.0765625
4 0.5080729 0.2664063 0.0317708 0.0328125
2 0.6161458 0.5246094 0.0375000 0.0679687
2 0.5114583 0.8230469 0.0229167 0.0367188
1 0.2885417 0.4984375 0.0500000 0.0484375
5 0.7156250 0.5339844 0.0343750 0.0492187
4 0.4114583 0.6984375 0.0520833 0.0406250
1 0.5989583 0.6601562 0.0375000 0.0687500
1 0.4015625 0.2449219 0.0354167 0.0585938
5 0.4653646 0.5828125 0.0380208 0.0609375
1 0.4984375 0.2351563 0.0458333 0.0343750
3 0.5541667 0.1074219 0.0250000 0.0523438
3 0.6507812 0.2261719 0.0473958 0.0460938
5 0.4244792 0.1582031 0.0500000 0.0335937
3 0.4210937 0.8746094 0.0276042 0.0398437
5 0.5895833 0.2316406 0.0541667 0.0351562
1 0.3190104 0.3468750 0.0369792 0.0375000
11 0.6210938 0.2480469 0.0453125 0.0585938
8 0.6562500 0.5808594 0.0427083 0.0476562
7 0.6312500 0.3949219 0.0447917 0.0507812
7 0.4486979 0.7687500 0.0453125 0.0578125
8 0.5796875 0.2878906 0.0291667 0.0679687
11 0.6713542 0.5214844 0.0447917 0.0445313
10 0.5653646 0.7609375 0.0411458 0.0500000
7 0.4489583 0.6742187 0.0343750 0.0453125
9 0.4000000 0.2976563 0.0322917 0.0484375
6 0.2872396 0.4378906 0.0328125 0.0554687
10 0.5497396 0.7015625 0.0442708 0.0453125
7 0.6437500 0.5710937 0.0291667 0.0671875
7 0.6979167 0.7511719 0.0302083 0.0507812
11 0.6265625 0.2519531 0.0479167 0.0476562
