4 0.4169271 0.5367188 0.0317708 0.0234375
2 0.4989583 0.4636719 0.0208333 0.0289063
3 0.3739583 0.3578125 0.0187500 0.0250000
0 0.3963542 0.2656250 0.0291667 0.0265625
1 0.5135417 0.2929688 0.0166667 0.0250000
2 0.2752604 0.5222656 0.0328125 0.0226562
5 0.5695313 0.6710938 0.0182292 0.0390625
4 0.5317708 0.5042969 0.0270833 0.0242188
2 0.4710937 0.5183594 0.0140625 0.0289063
3 0.7992187 0.3804688 0.0223958 0.0281250
1 0.3718750 0.3593750 0.0177083 0.0453125
0 0.4414062 0.2832031 0.0317708 0.0226562
5 0.7164063 0.4136719 0.0307292 0.0242188
0 0.6505208 0.5375000 0.0166667 0.0281250
5 0.5309896 0.6699219 0.0130208 0.0226562
2 0.4747396 0.7976562 0.0151042 0.0234375
1 0.3195312 0.8558594 0.0307292 0.0226562
4 0.4828125 0.3898437 0.0250000 0.0281250
1 0.5544271 0.5019531 0.0234375 0.0257812
4 0.7208333 0.7230469 0.0312500 0.0226562
3 0.3890625 0.2929688 0.0270833 0.0375000
3 0.6437500 0.4699219 0.0156250 0.0351562
0 0.4752604 0.6175781 0.0223958 0.0335937
4 0.6182292 0.3148437 0.0156250 0.0234375
4 0.4036458 0.4265625 0.0281250 0.0265625
2 0.3361979 0.5671875 0.0276042 0.0218750
5 0.6666667 0.6910156 0.0208333 0.0460938
4 0.3572917 0.2597656 0.0260417 0.0320312
4 0.6270833 0.7828125 0.0250000 0.0328125
1 0.4242187 0.7433594 0.0276042 0.0257812
0 0.3239583 0.6582031 0.0260417 0.0257812
1 0.6536458 0.5312500 0.0250000 0.0328125
5 0.3466146 0.5394531 0.0161458 0.0242188
0 0.7330729 0.7160156 0.0192708 0.0320312
4 0.6257812 0.5601563 0.0296875 0.0390625
2 0.6302083 0.9070312 0.0312500 0.0234375
5 0.2778646 0.3437500 0.0317708 0.0234375
5 0.5158854 0.3664062 0.0307292 0.0250000
1 0.5296875 0.7718750 0.0312500 0.0281250
4 0.5213542 0.4242187 0.0187500 0.0234375
2 0.3770833 0.5199219 0.0208333 0.0476562
2 0.2895833 0.5457031 0.0197917 0.0445313
4 0.4554687 0.4031250 0.0255208 0.0250000
2 0.4169271 0.6187500 0.0276042 0.0218750
4 0.4903646 0.4097656 0.0296875 0.0195312
3 0.6393229 0.8390625 0.0317708 0.0234375
1 0.4255208 0.7015625 0.0125000 0.0359375
8 0.6166667 0.6289062 0.0302083 0.0312500
8 0.5367188 0.5312500 0.0171875 0.0375000
6 0.7783854 0.2273438 0.0307292 0.0296875
6 0.6559896 0.5222656 0.0286458 0.0289063
8 0.5437500 0.5121094 0.0187500 0.0304687
7 0.3388021 0.6890625 0.0286458 0.0359375
10 0.6841146 0.5468750 0.0244792 0.0281250
7 0.4161458 0.5042969 0.0281250 0.0273438
8 0.6903646 0.6820312 0.0296875 0.0296875
