5 0.5854167 0.3363281 0.0302083 0.0210938
0 0.5619792 0.7375000 0.0187500 0.0281250
1 0.5421875 0.7378906 0.0187500 0.0382813
5 0.4622396 0.5292969 0.0151042 0.0382813
1 0.5893229 0.2968750 0.0192708 0.0265625
8 0.5557292 0.3210938 0.0229167 0.0375000
8 0.5273438 0.5062500 0.0296875 0.0343750
11 0.5552083 0.4390625 0.0270833 0.0265625
9 0.6888021 0.2894531 0.0276042 0.0304687
8 0.6968750 0.5714844 0.0291667 0.0335937
11 0.7539062 0.2382812 0.0317708 0.0359375
8 0.5119792 0.5886719 0.0197917 0.0382813
7 0.4291667 0.5914063 0.0208333 0.0468750
9 0.4992187 0.6640625 0.0276042 0.0312500
9 0.3645833 0.4750000 0.0291667 0.0296875
