3 0.4276042 0.3367188 0.0166667 0.0406250
0 0.3966146 0.6734375 0.0369792 0.0343750
5 0.6893229 0.4371094 0.0182292 0.0523438
0 0.6940104 0.4984375 0.0390625 0.0328125
2 0.5945312 0.5066406 0.0296875 0.0554687
5 0.2057292 0.5265625 0.0364583 0.0296875
3 0.5911458 0.2957031 0.0395833 0.0242188
3 0.4296875 0.7160156 0.0270833 0.0367188
3 0.4895833 0.7566406 0.0395833 0.0273438
1 0.5005208 0.6175781 0.0197917 0.0445313
4 0.2127604 0.4062500 0.0307292 0.0375000
0 0.5104167 0.3683594 0.0395833 0.0304687
3 0.2354167 0.5457031 0.0208333 0.0289063
1 0.5179687 0.7886719 0.0369792 0.0382813
5 0.6927083 0.6042969 0.0218750 0.0398437
0 0.6778646 0.6042969 0.0348958 0.0351562
5 0.5729167 0.2031250 0.0218750 0.0484375
3 0.6898437 0.2917969 0.0390625 0.0257812
5 0.7093750 0.3425781 0.0385417 0.0273438
1 0.5421875 0.3132813 0.0343750 0.0453125
4 0.3229167 0.5125000 0.0385417 0.0250000
3 0.3781250 0.5550781 0.0395833 0.0289063
4 0.6216146 0.3195312 0.0390625 0.0421875
0 0.4135417 0.5722656 0.0270833 0.0507812
0 0.5739583 0.2277344 0.0385417 0.0257812
4 0.3791667 0.5597656 0.0364583 0.0257812
2 0.5695313 0.6734375 0.0401042 0.0359375
1 0.5674479 0.3960938 0.0234375 0.0437500
3 0.3825521 0.4683594 0.0390625 0.0257812
1 0.6888021 0.6511719 0.0192708 0.0507812
3 0.1841146 0.4351563 0.0369792 0.0343750
2 0.5804687 0.7812500 0.0255208 0.0281250
5 0.4385417 0.6730469 0.0187500 0.0492187
1 0.5320312 0.3371094 0.0244792 0.0257812
4 0.4802083 0.1957031 0.0354167 0.0414062
5 0.6841146 0.8109375 0.0286458 0.0531250
1 0.5096354 0.4949219 0.0296875 0.0476562
4 0.3377604 0.4375000 0.0359375 0.0265625
1 0.7799479 0.4757812 0.0401042 0.0343750
4 0.5109375 0.2460938 0.0354167 0.0343750
4 0.7041667 0.2921875 0.0385417 0.0265625
4 0.4552083 0.7402344 0.0364583 0.0289063
0 0.6002604 0.7570313 0.0296875 0.0437500
1 0.4130208 0.7203125 0.0197917 0.0343750
1 0.4375000 0.6660156 0.0302083 0.0398437
4 0.5200521 0.1195313 0.0151042 0.0546875
3 0.5606771 0.7886719 0.0359375 0.0335937
2 0.5421875 0.4589844 0.0197917 0.0429688
3 0.5947917 0.4828125 0.0177083 0.0296875
3 0.7263021 0.3960938 0.0296875 0.0218750
0 0.6151042 0.2019531 0.0375000 0.0273438
5 0.4166667 0.7343750 0.0354167 0.0234375
2 0.3713542 0.5027344 0.0208333 0.0351562
2 0.3161458 0.7347656 0.0208333 0.0601563
2 0.7888021 0.3507812 0.0192708 0.0593750
2 0.5937500 0.7488281 0.0375000 0.0398437
2 0.4619792 0.6101562 0.0208333 0.0296875
3 0.5940104 0.5230469 0.0390625 0.0304687
0 0.3859375 0.3042969 0.0197917 0.0507812
4 0.6054688 0.5886719 0.0401042 0.0289063
0 0.6059896 0.2617188 0.0369792 0.0234375
5 0.6684896 0.4523437 0.0401042 0.0328125
3 0.5742188 0.2214844 0.0317708 0.0414062
3 0.6408854 0.6511719 0.0380208 0.0257812
1 0.5351562 0.9175781 0.0265625 0.0523438
5 0.4497396 0.4351563 0.0432292 0.0390625
0 0.5838542 0.1820313 0.0322917 0.0531250
2 0.7072917 0.4023438 0.0416667 0.0359375
0 0.6763021 0.0851563 0.0390625 0.0265625
4 0.4018229 0.8820313 0.0380208 0.0359375
1 0.4104167 0.8707031 0.0239583 0.0351562
0 0.5158854 0.5070313 0.0276042 0.0359375
1 0.6388021 0.2039063 0.0369792 0.0281250
2 0.5445313 0.2242187 0.0286458 0.0453125
5 0.4843750 0.8359375 0.0156250 0.0468750
10 0.6536458 0.2886719 0.0239583 0.0382813
8 0.6895833 0.4445312 0.0364583 0.0375000
11 0.6658854 0.3285156 0.0369792 0.0367188
10 0.4299479 0.6796875 0.0338542 0.0578125
7 0.4197917 0.6445312 0.0229167 0.0515625
10 0.6841146 0.6550781 0.0244792 0.0367188
8 0.5554687 0.5699219 0.0338542 0.0570312
10 0.4921875 0.0023437 0.0166667 0.0046875
10 0.4684896 0.4835937 0.0265625 0.0328125
7 0.5736979 0.2140625 0.0390625 0.0390625
