2 0.4776042 0.3785156 0.0989583 0.1117188
5 0.3447917 0.3562500 0.1083333 0.0812500
1 0.7901042 0.6433594 0.0958333 0.1664063
1 0.4872396 0.3093750 0.0817708 0.0968750
1 0.5960937 0.6398438 0.1026042 0.0609375
5 0.6945313 0.5109375 0.0536458 0.1312500
1 0.7317708 0.4601562 0.0729167 0.1140625
4 0.4484375 0.5687500 0.1145833 0.0859375
1 0.7184896 0.5343750 0.0401042 0.0828125
5 0.2666667 0.3789062 0.1031250 0.1234375
1 0.5914063 0.5570312 0.0838542 0.1046875
5 0.2848958 0.3296875 0.0979167 0.0640625
5 0.6598958 0.2039063 0.0531250 0.0796875
4 0.5070313 0.5968750 0.0651042 0.0859375
0 0.3223958 0.7628906 0.1062500 0.0679687
4 0.7585937 0.6851563 0.1109375 0.1031250
4 0.7479167 0.2730469 0.1093750 0.0898438
1 0.4984375 0.3503906 0.0541667 0.1804688
0 0.3916667 0.7851562 0.1187500 0.1062500
3 0.2166667 0.4757812 0.1218750 0.1140625
0 0.7143229 0.2507813 0.1057292 0.1234375
5 0.4804688 0.7800781 0.1151042 0.0679687
3 0.5218750 0.3894531 0.0531250 0.0976562
3 0.5143229 0.1019531 0.1078125 0.1023437
1 0.3153646 0.3777344 0.1015625 0.0976562
3 0.4414062 0.4273438 0.0776042 0.1734375
0 0.4236979 0.8593750 0.0786458 0.1046875
4 0.6697917 0.9554687 0.1208333 0.0843750
5 0.6000000 0.8109375 0.0958333 0.1171875
1 0.5059896 0.2824219 0.0640625 0.1367188
0 0.6195312 0.4015625 0.1109375 0.0796875
4 0.7015625 0.3523438 0.1052083 0.0796875
0 0.4755208 0.4703125 0.0625000 0.1156250
3 0.3510417 0.4164062 0.0468750 0.1250000
5 0.3289063 0.5363281 0.0609375 0.1085938
3 0.6851563 0.1937500 0.0765625 0.0921875
2 0.3794271 0.3738281 0.0557292 0.0898438
1 0.6291667 0.2703125 0.0760417 0.0906250
3 0.3208333 0.2660156 0.1072917 0.0789062
2 0.4947917 0.4953125 0.0708333 0.1640625
4 0.6565104 0.5636719 0.1182292 0.0804688
2 0.5184896 0.1914062 0.0796875 0.1484375
3 0.2825521 0.5445313 0.1151042 0.0734375
5 0.7598958 0.7089844 0.1114583 0.0976562
1 0.4065104 0.6871094 0.0786458 0.0820312
2 0.3656250 0.5734375 0.1020833 0.0750000
2 0.6023437 0.2238281 0.0703125 0.1445312
2 0.4757812 0.0265625 0.0671875 0.0531250
4 0.6765625 0.3359375 0.1093750 0.0765625
3 0.4557292 0.8621094 0.0739583 0.1007813
4 0.3395833 0.6421875 0.0770833 0.1234375
3 0.3458333 0.6175781 0.0958333 0.1023437
1 0.4416667 0.8167969 0.0875000 0.1523438
1 0.6752604 0.4234375 0.1046875 0.0671875
0 0.6057292 0.9351563 0.0833333 0.0875000
3 0.6195312 0.5496094 0.0901042 0.1195313
2 0.2138021 0.5539063 0.0598958 0.1218750
1 0.5427083 0.5417969 0.0625000 0.1273438
1 0.3609375 0.4312500 0.1104167 0.0859375
0 0.4109375 0.4597656 0.0552083 0.0679687
1 0.6830729 0.5882812 0.1057292 0.1046875
5 0.5192708 0.3507812 0.0635417 0.1234375
1 0.5757813 0.3742187 0.0859375 0.1015625
2 0.6786458 0.2644531 0.1010417 0.0945312
1 0.6984375 0.5367188 0.1166667 0.0828125
9 0.3184896 0.7460938 0.1067708 0.1046875
11 0.6026042 0.5265625 0.0687500 0.1187500
8 0.5760417 0.4695313 0.1083333 0.1078125
6 0.4708333 0.4683594 0.1197917 0.1226562
