3 0.6773438 0.7050781 0.0234375 0.0617188
4 0.6307292 0.5476562 0.0218750 0.0546875
1 0.2476562 0.1976563 0.0421875 0.0281250
3 0.5190104 0.5164062 0.0401042 0.0250000
5 0.2692708 0.6609375 0.0229167 0.0578125
4 0.5700521 0.2214844 0.0390625 0.0289063
4 0.6898437 0.3390625 0.0380208 0.0312500
5 0.4312500 0.8136719 0.0250000 0.0398437
2 0.6343750 0.5496094 0.0447917 0.0304687
3 0.7151042 0.4144531 0.0447917 0.0273438
3 0.6658854 0.3121094 0.0453125 0.0273438
2 0.4182292 0.6609375 0.0427083 0.0281250
5 0.6299479 0.5652344 0.0192708 0.0617188
0 0.3190104 0.7097656 0.0348958 0.0414062
2 0.6682292 0.5691406 0.0406250 0.0289063
4 0.5143229 0.6511719 0.0348958 0.0367188
4 0.6471354 0.7968750 0.0390625 0.0265625
1 0.6656250 0.6554688 0.0447917 0.0296875
3 0.5776042 0.2882812 0.0322917 0.0406250
4 0.6963542 0.3394531 0.0395833 0.0398437
5 0.3695312 0.7156250 0.0296875 0.0343750
4 0.5151042 0.5796875 0.0333333 0.0296875
3 0.5549479 0.4394531 0.0328125 0.0351562
3 0.6781250 0.1273438 0.0406250 0.0359375
0 0.7304688 0.7000000 0.0369792 0.0562500
2 0.2757812 0.5207031 0.0369792 0.0398437
3 0.3984375 0.6328125 0.0437500 0.0359375
4 0.5182292 0.7695312 0.0322917 0.0484375
3 0.6203125 0.5816406 0.0229167 0.0570312
2 0.6203125 0.4960938 0.0281250 0.0562500
5 0.5164062 0.3644531 0.0213542 0.0570312
2 0.7065104 0.4980469 0.0380208 0.0320312
4 0.7567708 0.6574219 0.0375000 0.0367188
1 0.5346354 0.7949219 0.0182292 0.0351562
3 0.6304688 0.6417969 0.0182292 0.0273438
2 0.4528646 0.9058594 0.0359375 0.0476562
3 0.6906250 0.5074219 0.0229167 0.0632812
3 0.6598958 0.7683594 0.0218750 0.0601563
2 0.5119792 0.5050781 0.0312500 0.0320312
1 0.3895833 0.5214844 0.0395833 0.0351562
0 0.6252604 0.8546875 0.0286458 0.0546875
1 0.6731771 0.4898438 0.0421875 0.0328125
5 0.6830729 0.4500000 0.0223958 0.0578125
1 0.3080729 0.2812500 0.0421875 0.0328125
5 0.4388021 0.3816406 0.0421875 0.0289063
1 0.4390625 0.2386719 0.0197917 0.0554687
2 0.5669271 0.7335938 0.0421875 0.0296875
4 0.4536458 0.2855469 0.0260417 0.0273438
3 0.6820312 0.3824219 0.0328125 0.0414062
2 0.4424479 0.7070312 0.0411458 0.0296875
4 0.7507812 0.2781250 0.0369792 0.0250000
6 0.5346354 0.8191406 0.0348958 0.0382813
7 0.6010417 0.4671875 0.0385417 0.0406250
6 0.7341146 0.4949219 0.0255208 0.0398437
9 0.4919271 0.6816406 0.0307292 0.0523438
7 0.6682292 0.6675781 0.0416667 0.0398437
7 0.4815104 0.4144531 0.0421875 0.0554687
10 0.7226562 0.4570312 0.0369792 0.0515625
8 0.5250000 0.6613281 0.0375000 0.0367188
6 0.4567708 0.7175781 0.0343750 0.0554687
11 0.4723958 0.0914062 0.0302083 0.0546875
