2 0.5307292 0.2949219 0.0229167 0.0523438
1 0.3906250 0.3492188 0.0281250 0.0578125
3 0.7278646 0.4242187 0.0390625 0.0390625
0 0.4835937 0.9953125 0.0130208 0.0078125
1 0.5585938 0.6234375 0.0380208 0.0312500
4 0.2348958 0.7949219 0.0416667 0.0273438
0 0.7434896 0.3859375 0.0317708 0.0515625
5 0.4111979 0.3281250 0.0390625 0.0375000
4 0.6783854 0.5261719 0.0369792 0.0226562
3 0.5721354 0.6511719 0.0369792 0.0210938
2 0.3325521 0.2535156 0.0411458 0.0351562
2 0.5054688 0.5261719 0.0265625 0.0320312
4 0.6557292 0.6449219 0.0187500 0.0523438
1 0.5653646 0.5261719 0.0192708 0.0601563
3 0.4565104 0.2152344 0.0296875 0.0492187
2 0.3127604 0.6078125 0.0276042 0.0562500
0 0.4932292 0.2410156 0.0270833 0.0570312
3 0.6705729 0.3101563 0.0421875 0.0296875
5 0.6125000 0.3101563 0.0354167 0.0250000
0 0.3567708 0.5707031 0.0250000 0.0460938
4 0.5770833 0.6300781 0.0250000 0.0398437
4 0.5731771 0.6281250 0.0234375 0.0265625
1 0.7458333 0.7226562 0.0395833 0.0250000
2 0.6325521 0.4589844 0.0380208 0.0273438
0 0.3895833 0.8273438 0.0281250 0.0296875
0 0.4513021 0.4105469 0.0348958 0.0257812
0 0.6250000 0.5675781 0.0312500 0.0429688
4 0.3989583 0.5023437 0.0270833 0.0234375
5 0.4531250 0.7855469 0.0229167 0.0523438
1 0.6200521 0.4718750 0.0286458 0.0484375
3 0.3981771 0.5546875 0.0369792 0.0281250
1 0.3716146 0.6343750 0.0369792 0.0406250
5 0.2515625 0.4367187 0.0427083 0.0359375
1 0.6328125 0.6273437 0.0406250 0.0296875
1 0.3401042 0.5421875 0.0291667 0.0390625
0 0.5903646 0.2058594 0.0411458 0.0382813
5 0.3596354 0.5050781 0.0307292 0.0476562
2 0.3388021 0.2804687 0.0223958 0.0515625
1 0.4044271 0.6062500 0.0255208 0.0468750
5 0.5973958 0.3066406 0.0187500 0.0554687
3 0.5914063 0.3535156 0.0328125 0.0320312
3 0.5307292 0.1464844 0.0250000 0.0585938
1 0.4072917 0.7421875 0.0229167 0.0562500
1 0.4242187 0.7281250 0.0369792 0.0265625
4 0.1343750 0.4171875 0.0375000 0.0343750
3 0.5255208 0.3660156 0.0385417 0.0367188
9 0.6497396 0.2257812 0.0359375 0.0375000
6 0.6294271 0.5085937 0.0369792 0.0515625
11 0.4067708 0.5042969 0.0385417 0.0382813
8 0.4356771 0.6824219 0.0359375 0.0367188
11 0.7619792 0.4367187 0.0364583 0.0453125
