3 0.7341146 0.7664062 0.1057292 0.0765625
0 0.5192708 0.5804687 0.0500000 0.0843750
2 0.7507812 0.3257813 0.0942708 0.0937500
1 0.3942708 0.3066406 0.0500000 0.1429688
0 0.4890625 0.7097656 0.0593750 0.1054688
4 0.2747396 0.6058594 0.0984375 0.0976562
2 0.3950521 0.6070313 0.0994792 0.0656250
1 0.6541667 0.5699219 0.1125000 0.0757812
0 0.5562500 0.5867187 0.1052083 0.0734375
3 0.8309896 0.3199219 0.1098958 0.0945312
3 0.4697917 0.2382812 0.0520833 0.1296875
3 0.2625000 0.3824219 0.1010417 0.0617188
2 0.7252604 0.4890625 0.0984375 0.0812500
4 0.4343750 0.3925781 0.0645833 0.0867187
1 0.6661458 0.5238281 0.0687500 0.1164063
3 0.7578125 0.6421875 0.0927083 0.0734375
3 0.4546875 0.4914062 0.0927083 0.0703125
2 0.5489583 0.4210937 0.0864583 0.1015625
3 0.6372396 0.6089844 0.1140625 0.0820312
5 0.5156250 0.4210937 0.1072917 0.0828125
3 0.2135417 0.6917969 0.0822917 0.1117188
4 0.6468750 0.3625000 0.0760417 0.0750000
2 0.7007813 0.1902344 0.1088542 0.0789062
1 0.5242187 0.6425781 0.0901042 0.1085938
4 0.3872396 0.5582031 0.0890625 0.1054688
2 0.3838542 0.6500000 0.1031250 0.0859375
2 0.3007812 0.4480469 0.0973958 0.0742188
2 0.4164062 0.4011719 0.0651042 0.1023437
1 0.3151042 0.1144531 0.1104167 0.0742188
1 0.8028646 0.2808594 0.1182292 0.0835937
4 0.2736979 0.2535156 0.0953125 0.0976562
3 0.5895833 0.3980469 0.1041667 0.0789062
4 0.6236979 0.3449219 0.1088542 0.0992187
8 0.6606771 0.4492188 0.0984375 0.0953125
11 0.5484375 0.4578125 0.0687500 0.1078125
11 0.5747396 0.2042969 0.0682292 0.1601562
10 0.5411458 0.5636719 0.0833333 0.1054688
11 0.2822917 0.1535156 0.0968750 0.0945312
7 0.4580729 0.2636719 0.1036458 0.1429688
9 0.5450521 0.7433594 0.0869792 0.0960938
11 0.5265625 0.9550781 0.0697917 0.0882813
9 0.6726562 0.3988281 0.0807292 0.1429688
11 0.4187500 0.3269531 0.0947917 0.0960938
10 0.6554688 0.4722656 0.1046875 0.1023437
6 0.4942708 0.2371094 0.0843750 0.1695312
7 0.2236979 0.3621094 0.0942708 0.0945312
7 0.3440104 0.7136719 0.0619792 0.1054688
