5 0.4536458 0.8464844 0.0125000 0.0382813
2 0.5270833 0.6605469 0.0260417 0.0195312
1 0.4859375 0.7628906 0.0135417 0.0148437
4 0.6453125 0.5601563 0.0114583 0.0343750
4 0.3518229 0.3769531 0.0109375 0.0304687
3 0.5145833 0.6195312 0.0104167 0.0171875
0 0.3494792 0.3636719 0.0250000 0.0210938
2 0.5505208 0.2285156 0.0239583 0.0164063
1 0.4315104 0.5066406 0.0234375 0.0226562
5 0.5268229 0.5242187 0.0161458 0.0187500
4 0.3585937 0.3386719 0.0192708 0.0164063
5 0.4789062 0.6945313 0.0203125 0.0265625
4 0.5289063 0.2882812 0.0234375 0.0156250
2 0.4229167 0.4550781 0.0239583 0.0195312
1 0.4343750 0.4472656 0.0250000 0.0210938
0 0.4528646 0.4304688 0.0192708 0.0312500
5 0.5375000 0.8148437 0.0250000 0.0187500
0 0.5552083 0.3261719 0.0114583 0.0304687
4 0.4276042 0.5945312 0.0197917 0.0250000
2 0.5958333 0.1867187 0.0197917 0.0250000
1 0.6164063 0.4476562 0.0223958 0.0250000
3 0.3992188 0.8445312 0.0203125 0.0218750
5 0.3716146 0.7847656 0.0276042 0.0195312
2 0.3997396 0.6988281 0.0255208 0.0179687
0 0.4359375 0.6839844 0.0187500 0.0226562
1 0.4416667 0.2148438 0.0187500 0.0234375
5 0.4049479 0.7972656 0.0151042 0.0382813
2 0.4718750 0.3171875 0.0239583 0.0187500
4 0.3221354 0.5828125 0.0192708 0.0312500
5 0.5872396 0.5066406 0.0130208 0.0195312
3 0.6734375 0.4273438 0.0197917 0.0218750
5 0.5799479 0.4667969 0.0130208 0.0289063
4 0.7401042 0.6554688 0.0177083 0.0281250
0 0.4565104 0.2691406 0.0223958 0.0210938
0 0.4429688 0.6046875 0.0182292 0.0203125
2 0.7054687 0.6710938 0.0234375 0.0250000
3 0.4778646 0.3281250 0.0151042 0.0375000
0 0.6348958 0.5730469 0.0187500 0.0179687
4 0.4734375 0.2730469 0.0135417 0.0257812
5 0.4695313 0.2921875 0.0234375 0.0203125
2 0.2929688 0.2832031 0.0244792 0.0195312
1 0.5682292 0.6050781 0.0125000 0.0226562
1 0.6281250 0.7183594 0.0260417 0.0226562
1 0.5789062 0.1351563 0.0130208 0.0218750
0 0.6455729 0.8718750 0.0244792 0.0171875
9 0.5786458 0.5003906 0.0229167 0.0226562
11 0.5984375 0.6941406 0.0218750 0.0273438
9 0.6734375 0.5433594 0.0208333 0.0210938
8 0.7138021 0.5863281 0.0234375 0.0226562
8 0.4830729 0.8695312 0.0234375 0.0359375
8 0.7033854 0.6828125 0.0255208 0.0359375
6 0.5796875 0.7160156 0.0229167 0.0257812
7 0.5507812 0.0386719 0.0151042 0.0335937
6 0.5671875 0.5261719 0.0166667 0.0351562
6 0.3783854 0.8097656 0.0192708 0.0242188
6 0.3658854 0.4929688 0.0192708 0.0265625
7 0.5632812 0.7230469 0.0234375 0.0257812
8 0.4635417 0.7062500 0.0156250 0.0343750
