3 0.3192708 0.4105469 0.0145833 0.0351562
0 0.5958333 0.4226563 0.0218750 0.0234375
1 0.2486979 0.6000000 0.0234375 0.0234375
2 0.3565104 0.7195312 0.0203125 0.0375000
4 0.5802083 0.4187500 0.0145833 0.0187500
1 0.3731771 0.7871094 0.0140625 0.0445313
0 0.3145833 0.7718750 0.0177083 0.0343750
3 0.3776042 0.6187500 0.0302083 0.0218750
3 0.2867188 0.6968750 0.0151042 0.0203125
5 0.4833333 0.7078125 0.0187500 0.0265625
2 0.4221354 0.5839844 0.0130208 0.0367188
0 0.3367188 0.4546875 0.0265625 0.0250000
5 0.2666667 0.5699219 0.0270833 0.0226562
1 0.4104167 0.4570312 0.0250000 0.0203125
1 0.6041667 0.3679688 0.0166667 0.0421875
3 0.6268229 0.7484375 0.0265625 0.0203125
3 0.5531250 0.5933594 0.0197917 0.0242188
0 0.7510417 0.6722656 0.0291667 0.0242188
5 0.5591146 0.6781250 0.0286458 0.0187500
5 0.5911458 0.4730469 0.0166667 0.0289063
4 0.6742187 0.6777344 0.0213542 0.0226562
1 0.8041667 0.5160156 0.0208333 0.0195312
0 0.4289062 0.9000000 0.0171875 0.0359375
1 0.4593750 0.8097656 0.0177083 0.0367188
2 0.6726562 0.2878906 0.0286458 0.0179687
3 0.3903646 0.1835938 0.0130208 0.0406250
2 0.4651042 0.1062500 0.0166667 0.0375000
4 0.5888021 0.8472656 0.0213542 0.0304687
1 0.6153646 0.3093750 0.0265625 0.0281250
5 0.6515625 0.7023438 0.0218750 0.0312500
0 0.5783854 0.4968750 0.0244792 0.0265625
2 0.6604167 0.4863281 0.0218750 0.0320312
5 0.4554687 0.8929687 0.0244792 0.0203125
0 0.6114583 0.3812500 0.0187500 0.0296875
5 0.3179688 0.6507812 0.0171875 0.0296875
3 0.6166667 0.8839844 0.0208333 0.0226562
1 0.4411458 0.6839844 0.0177083 0.0242188
1 0.5625000 0.2839844 0.0260417 0.0179687
2 0.6130208 0.2636719 0.0145833 0.0382813
5 0.4710937 0.7128906 0.0223958 0.0273438
0 0.2742188 0.5332031 0.0182292 0.0210938
5 0.6528646 0.2378906 0.0130208 0.0195312
3 0.4601562 0.6003906 0.0244792 0.0179687
5 0.2809896 0.4207031 0.0192708 0.0289063
2 0.5190104 0.1710937 0.0171875 0.0421875
0 0.3723958 0.5656250 0.0229167 0.0171875
6 0.6630208 0.2488281 0.0197917 0.0226562
6 0.3791667 0.2800781 0.0187500 0.0242188
9 0.5325521 0.2585938 0.0244792 0.0250000
6 0.4768229 0.4171875 0.0203125 0.0359375
6 0.7338542 0.2765625 0.0250000 0.0250000
11 0.5666667 0.4652344 0.0187500 0.0367188
8 0.4166667 0.4109375 0.0239583 0.0359375
11 0.5390625 0.4796875 0.0250000 0.0312500
7 0.4945312 0.1464844 0.0192708 0.0289063
8 0.6835938 0.5640625 0.0182292 0.0265625
8 0.6367188 0.6125000 0.0161458 0.0265625
9 0.5888021 0.8390625 0.0244792 0.0375000
11 0.4869792 0.2480469 0.0187500 0.0242188
7 0.5945312 0.2589844 0.0171875 0.0257812
9 0.6500000 0.8250000 0.0250000 0.0281250
8 0.7317708 0.2832031 0.0229167 0.0335937
9 0.3351562 0.5980469 0.0265625 0.0304687
8 0.5018229 0.8292969 0.0171875 0.0382813
