5 0.5322917 0.3578125 0.0145833 0.0156250
4 0.7299479 0.6035156 0.0098958 0.0257812
4 0.3984375 0.2410156 0.0187500 0.0148437
4 0.7171875 0.5664062 0.0125000 0.0265625
2 0.5651042 0.3148437 0.0197917 0.0250000
2 0.5067708 0.3828125 0.0145833 0.0312500
3 0.6916667 0.6199219 0.0218750 0.0242188
1 0.3062500 0.7312500 0.0166667 0.0359375
1 0.3322917 0.6542969 0.0208333 0.0179687
0 0.5848958 0.5628906 0.0229167 0.0148437
2 0.4273438 0.9191406 0.0171875 0.0289063
5 0.5421875 0.2558594 0.0177083 0.0195312
5 0.6669271 0.2589844 0.0182292 0.0179687
1 0.6799479 0.1886719 0.0109375 0.0351562
2 0.5611979 0.5406250 0.0140625 0.0328125
5 0.7179688 0.5105469 0.0161458 0.0179687
0 0.6346354 0.9613281 0.0244792 0.0226562
0 0.5929688 0.3105469 0.0192708 0.0210938
3 0.7273437 0.6164063 0.0223958 0.0234375
1 0.5822917 0.3375000 0.0239583 0.0187500
4 0.3518229 0.3761719 0.0213542 0.0210938
0 0.4039063 0.7644531 0.0140625 0.0289063
0 0.3830729 0.3468750 0.0151042 0.0234375
0 0.6171875 0.2539062 0.0125000 0.0312500
1 0.3148437 0.2230469 0.0140625 0.0273438
4 0.3703125 0.6339844 0.0239583 0.0164063
5 0.3153646 0.2503906 0.0255208 0.0164063
0 0.7075521 0.2000000 0.0255208 0.0187500
2 0.5312500 0.6257812 0.0156250 0.0312500
1 0.5796875 0.3496094 0.0145833 0.0289063
5 0.4364583 0.7636719 0.0145833 0.0257812
3 0.3294271 0.7382812 0.0182292 0.0218750
0 0.2244792 0.5734375 0.0114583 0.0187500
4 0.4953125 0.3304687 0.0125000 0.0203125
5 0.5111979 0.1222656 0.0203125 0.0210938
4 0.6010417 0.6945313 0.0125000 0.0328125
2 0.6851563 0.3808594 0.0244792 0.0179687
0 0.5312500 0.3601563 0.0177083 0.0281250
5 0.4125000 0.1949219 0.0187500 0.0242188
0 0.3549479 0.3937500 0.0140625 0.0250000
3 0.5914063 0.5835938 0.0244792 0.0218750
3 0.4848958 0.5421875 0.0114583 0.0234375
4 0.4994792 0.4023438 0.0250000 0.0171875
4 0.6445312 0.2980469 0.0109375 0.0164063
3 0.4552083 0.7382812 0.0229167 0.0171875
3 0.3888021 0.6953125 0.0151042 0.0312500
9 0.4611979 0.6375000 0.0213542 0.0281250
8 0.6929688 0.4472656 0.0213542 0.0351562
9 0.6773438 0.5339844 0.0192708 0.0320312
7 0.5598958 0.4714844 0.0135417 0.0304687
10 0.2265625 0.6585937 0.0197917 0.0328125
9 0.3979167 0.6238281 0.0145833 0.0320312
7 0.6651042 0.7468750 0.0218750 0.0234375
7 0.4843750 0.3976562 0.0156250 0.0218750
7 0.5903646 0.1726563 0.0192708 0.0281250
6 0.4846354 0.4500000 0.0171875 0.0312500
9 0.5601563 0.7492188 0.0213542 0.0203125
7 0.5434896 0.1937500 0.0151042 0.0250000
11 0.6812500 0.3035156 0.0239583 0.0242188
10 0.4156250 0.4507813 0.0197917 0.0187500
10 0.3226562 0.5539063 0.0213542 0.0218750
11 0.6281250 0.4566406 0.0166667 0.0257812
8 0.2906250 0.4613281 0.0208333 0.0226562
6 0.7236979 0.6457031 0.0213542 0.0257812
