0 0.4937500 0.2968750 0.0208333 0.0421875
4 0.4546875 0.3441406 0.0145833 0.0398437
0 0.4815104 0.2136719 0.0265625 0.0164063
5 0.6934896 0.3757813 0.0276042 0.0156250
4 0.4221354 0.7625000 0.0276042 0.0156250
0 0.4869792 0.3183594 0.0135417 0.0304687
3 0.6770833 0.5234375 0.0145833 0.0406250
5 0.4684896 0.1972656 0.0151042 0.0164063
2 0.6763021 0.2750000 0.0296875 0.0203125
5 0.5932292 0.3667969 0.0281250 0.0210938
3 0.3752604 0.2605469 0.0192708 0.0367188
5 0.5364583 0.5085937 0.0281250 0.0250000
3 0.7393229 0.7484375 0.0130208 0.0421875
3 0.3802083 0.7695312 0.0197917 0.0406250
5 0.5825521 0.5488281 0.0286458 0.0210938
4 0.5380208 0.6796875 0.0250000 0.0156250
0 0.5427083 0.0089844 0.0187500 0.0179687
2 0.5283854 0.6636719 0.0234375 0.0226562
0 0.5223958 0.1750000 0.0281250 0.0203125
3 0.5539063 0.7609375 0.0140625 0.0265625
3 0.4682292 0.9265625 0.0250000 0.0250000
3 0.5447917 0.6925781 0.0145833 0.0351562
2 0.5067708 0.8039063 0.0250000 0.0296875
1 0.4776042 0.6296875 0.0145833 0.0375000
2 0.5895833 0.1988281 0.0270833 0.0226562
2 0.4127604 0.5648437 0.0213542 0.0203125
5 0.3130208 0.4421875 0.0281250 0.0234375
1 0.4302083 0.6035156 0.0208333 0.0304687
5 0.3434896 0.3621094 0.0223958 0.0335937
5 0.4177083 0.5625000 0.0229167 0.0234375
3 0.5242187 0.4359375 0.0130208 0.0390625
0 0.6309896 0.1328125 0.0276042 0.0250000
4 0.4450521 0.5601563 0.0255208 0.0218750
4 0.6106771 0.3203125 0.0203125 0.0187500
3 0.2747396 0.4742188 0.0255208 0.0187500
2 0.3088542 0.7054687 0.0145833 0.0437500
0 0.5182292 0.2886719 0.0145833 0.0226562
1 0.6075521 0.2476562 0.0203125 0.0250000
5 0.5973958 0.5820312 0.0260417 0.0281250
3 0.3338542 0.2460938 0.0270833 0.0187500
2 0.2898438 0.4746094 0.0234375 0.0210938
5 0.7372396 0.6046875 0.0244792 0.0312500
0 0.5531250 0.3609375 0.0156250 0.0421875
0 0.4888021 0.5820312 0.0244792 0.0234375
2 0.4200521 0.3687500 0.0151042 0.0406250
0 0.4502604 0.8628906 0.0276042 0.0195312
4 0.3807292 0.2757812 0.0250000 0.0218750
5 0.4320312 0.2414062 0.0286458 0.0203125
5 0.6317708 0.6152344 0.0177083 0.0242188
0 0.5000000 0.8640625 0.0197917 0.0359375
0 0.5242187 0.2519531 0.0223958 0.0226562
2 0.5750000 0.5191406 0.0156250 0.0382813
3 0.5914063 0.6406250 0.0223958 0.0359375
7 0.7177083 0.8257813 0.0250000 0.0250000
8 0.7062500 0.6125000 0.0239583 0.0265625
9 0.6929688 0.5246094 0.0255208 0.0257812
10 0.3919271 0.7742187 0.0182292 0.0296875
10 0.6039062 0.5257812 0.0255208 0.0375000
7 0.4997396 0.3273437 0.0213542 0.0312500
8 0.3494792 0.7503906 0.0260417 0.0398437
7 0.7255208 0.3925781 0.0229167 0.0398437
7 0.6335937 0.2207031 0.0265625 0.0367188
6 0.5671875 0.3523438 0.0239583 0.0234375
8 0.7361979 0.4828125 0.0276042 0.0359375
10 0.4539063 0.3824219 0.0234375 0.0226562
6 0.5072917 0.2921875 0.0166667 0.0406250
7 0.4265625 0.7339844 0.0177083 0.0382813
