4 0.7028646 0.7941406 0.0296875 0.0195312
0 0.6411458 0.5039062 0.0197917 0.0187500
5 0.6148438 0.2816406 0.0234375 0.0304687
2 0.3091146 0.4726562 0.0244792 0.0296875
5 0.4033854 0.5320312 0.0286458 0.0234375
3 0.4664063 0.3617187 0.0130208 0.0343750
5 0.4135417 0.6062500 0.0208333 0.0359375
2 0.3750000 0.5351562 0.0156250 0.0296875
2 0.5380208 0.0968750 0.0156250 0.0203125
1 0.6791667 0.6687500 0.0260417 0.0156250
0 0.3119792 0.4488281 0.0187500 0.0382813
0 0.5125000 0.4316406 0.0197917 0.0320312
2 0.2338542 0.4195313 0.0218750 0.0218750
1 0.4752604 0.8089844 0.0234375 0.0335937
2 0.5684896 0.4800781 0.0286458 0.0210938
5 0.5281250 0.6261719 0.0291667 0.0210938
1 0.7153646 0.5296875 0.0244792 0.0281250
0 0.6880208 0.7757812 0.0125000 0.0265625
4 0.5408854 0.3804688 0.0244792 0.0203125
2 0.6236979 0.3128906 0.0276042 0.0179687
1 0.6302083 0.2421875 0.0281250 0.0203125
4 0.3859375 0.4128906 0.0156250 0.0164063
3 0.3630208 0.2949219 0.0260417 0.0210938
3 0.5617188 0.3871094 0.0244792 0.0289063
0 0.4000000 0.6953125 0.0187500 0.0312500
4 0.4658854 0.7050781 0.0265625 0.0226562
2 0.4346354 0.4847656 0.0223958 0.0226562
2 0.4898438 0.3542969 0.0265625 0.0320312
4 0.5984375 0.4500000 0.0260417 0.0250000
1 0.4856771 0.3265625 0.0192708 0.0218750
4 0.7057292 0.6984375 0.0229167 0.0203125
0 0.3997396 0.5445313 0.0244792 0.0250000
0 0.5578125 0.2031250 0.0187500 0.0343750
4 0.4591146 0.3593750 0.0182292 0.0250000
1 0.4513021 0.3871094 0.0130208 0.0242188
1 0.5664062 0.3582031 0.0192708 0.0257812
0 0.3781250 0.5492187 0.0239583 0.0218750
4 0.5388021 0.5269531 0.0286458 0.0179687
0 0.6151042 0.5289063 0.0156250 0.0468750
10 0.5994792 0.1140625 0.0250000 0.0390625
7 0.5833333 0.5535156 0.0270833 0.0351562
7 0.4697917 0.4468750 0.0302083 0.0312500
6 0.3809896 0.2898438 0.0296875 0.0375000
9 0.7026042 0.3207031 0.0260417 0.0335937
7 0.4234375 0.7347656 0.0166667 0.0273438
8 0.5455729 0.6421875 0.0244792 0.0250000
9 0.5406250 0.1875000 0.0260417 0.0265625
9 0.7445312 0.5753906 0.0255208 0.0242188
10 0.6286458 0.5210938 0.0208333 0.0406250
8 0.5700521 0.3468750 0.0151042 0.0375000
9 0.5630208 0.7878906 0.0250000 0.0242188
9 0.7690104 0.3199219 0.0182292 0.0429688
7 0.5971354 0.9093750 0.0203125 0.0421875
6 0.6369792 0.3285156 0.0250000 0.0351562
9 0.3843750 0.0390625 0.0197917 0.0390625
8 0.3013021 0.5171875 0.0286458 0.0296875
11 0.5877604 0.5511719 0.0234375 0.0242188
8 0.4947917 0.2636719 0.0166667 0.0289063
11 0.5473958 0.5500000 0.0260417 0.0281250
