5 0.6205729 0.7437500 0.0234375 0.0671875
4 0.5997396 0.1609375 0.0234375 0.0578125
1 0.6867188 0.4996094 0.0348958 0.0367188
2 0.4229167 0.6109375 0.0239583 0.0390625
4 0.6299479 0.7621094 0.0203125 0.0632812
4 0.4721354 0.7664062 0.0348958 0.0453125
2 0.5161458 0.6691406 0.0197917 0.0351562
3 0.7156250 0.5292969 0.0197917 0.0382813
1 0.7145833 0.5859375 0.0406250 0.0453125
2 0.3536458 0.3324219 0.0229167 0.0726563
0 0.5078125 0.7714844 0.0395833 0.0257812
3 0.7687500 0.3703125 0.0281250 0.0609375
2 0.5216146 0.5667969 0.0432292 0.0382813
3 0.3007812 0.2527344 0.0421875 0.0304687
0 0.6356771 0.6382813 0.0390625 0.0265625
4 0.5442708 0.5386719 0.0437500 0.0351562
0 0.4010417 0.6957031 0.0302083 0.0679687
3 0.6479167 0.3597656 0.0385417 0.0320312
2 0.5867187 0.8773437 0.0255208 0.0343750
4 0.3916667 0.6394531 0.0437500 0.0367188
1 0.6598958 0.3968750 0.0239583 0.0359375
0 0.5117188 0.4582031 0.0432292 0.0367188
2 0.3653646 0.2296875 0.0265625 0.0296875
3 0.6247396 0.3929687 0.0442708 0.0312500
3 0.6427083 0.4441406 0.0427083 0.0476562
5 0.4481771 0.6097656 0.0328125 0.0445313
4 0.5098958 0.7003906 0.0187500 0.0367188
0 0.7528646 0.2039063 0.0442708 0.0375000
0 0.7111979 0.7476563 0.0276042 0.0562500
4 0.6536458 0.2562500 0.0281250 0.0375000
3 0.4354167 0.5648437 0.0239583 0.0625000
2 0.2921875 0.8265625 0.0343750 0.0453125
4 0.6572917 0.3058594 0.0437500 0.0320312
2 0.3260417 0.5730469 0.0468750 0.0414062
0 0.4481771 0.4093750 0.0338542 0.0625000
3 0.5877604 0.6613281 0.0473958 0.0367188
1 0.3578125 0.6511719 0.0218750 0.0601563
3 0.5190104 0.3332031 0.0328125 0.0570312
4 0.2968750 0.4355469 0.0416667 0.0320312
3 0.3304687 0.7046875 0.0234375 0.0578125
3 0.7208333 0.4878906 0.0395833 0.0320312
5 0.7500000 0.7214844 0.0479167 0.0335937
3 0.7135417 0.3976562 0.0208333 0.0687500
3 0.3002604 0.4023438 0.0234375 0.0328125
5 0.4322917 0.5378906 0.0302083 0.0398437
4 0.7302083 0.4628906 0.0406250 0.0445313
4 0.4648438 0.3351562 0.0432292 0.0265625
3 0.4125000 0.4113281 0.0427083 0.0351562
5 0.6455729 0.2226562 0.0432292 0.0359375
3 0.2028646 0.4570312 0.0401042 0.0562500
0 0.6244792 0.5625000 0.0354167 0.0359375
2 0.4937500 0.4921875 0.0322917 0.0515625
0 0.5791667 0.5800781 0.0416667 0.0445313
3 0.4869792 0.5988281 0.0385417 0.0367188
3 0.4216146 0.3050781 0.0286458 0.0539063
5 0.3700521 0.8406250 0.0359375 0.0375000
2 0.7322917 0.2765625 0.0416667 0.0390625
5 0.5395833 0.5414062 0.0406250 0.0296875
2 0.3856771 0.5039062 0.0265625 0.0515625
2 0.6057292 0.5449219 0.0322917 0.0382813
4 0.3510417 0.4429688 0.0197917 0.0500000
4 0.4002604 0.4332031 0.0182292 0.0570312
3 0.4096354 0.6753906 0.0401042 0.0367188
4 0.4838542 0.8539062 0.0291667 0.0609375
1 0.4098958 0.2628906 0.0354167 0.0351562
2 0.4036458 0.4765625 0.0291667 0.0500000
3 0.5046875 0.2406250 0.0239583 0.0312500
5 0.3367188 0.7601562 0.0359375 0.0531250
0 0.5677083 0.5062500 0.0354167 0.0265625
7 0.4723958 0.7421875 0.0427083 0.0421875
11 0.5257812 0.1382812 0.0432292 0.0500000
7 0.6658854 0.3375000 0.0338542 0.0375000
9 0.4825521 0.6656250 0.0369792 0.0687500
11 0.6882812 0.4507813 0.0369792 0.0375000
10 0.4979167 0.4148438 0.0375000 0.0484375
11 0.7664062 0.7378906 0.0421875 0.0414062
11 0.6588542 0.4906250 0.0385417 0.0375000
8 0.7145833 0.6804687 0.0312500 0.0656250
8 0.4341146 0.1816406 0.0401042 0.0445313
11 0.7127604 0.3617187 0.0369792 0.0406250
7 0.5476562 0.2703125 0.0442708 0.0468750
11 0.4028646 0.7515625 0.0265625 0.0593750
6 0.5476562 0.4070313 0.0421875 0.0421875
10 0.3406250 0.2585938 0.0250000 0.0609375
6 0.4187500 0.8507813 0.0416667 0.0406250
