0 0.5541667 0.2558594 0.0531250 0.0804688
3 0.5106771 0.3945312 0.0380208 0.1328125
2 0.6403646 0.2769531 0.0661458 0.0742188
2 0.5604167 0.7320313 0.0635417 0.0703125
2 0.3890625 0.7980469 0.0895833 0.0632812
1 0.3960938 0.3734375 0.0536458 0.0703125
3 0.5184896 0.3480469 0.0786458 0.0992187
4 0.7825521 0.2933594 0.0942708 0.0710937
5 0.4708333 0.2867188 0.0614583 0.1281250
0 0.3794271 0.7132812 0.0692708 0.1000000
4 0.3664062 0.7582031 0.0630208 0.0710937
2 0.5247396 0.6750000 0.0828125 0.1000000
3 0.6096354 0.5109375 0.0776042 0.0718750
5 0.3820312 0.5347656 0.0380208 0.0664062
3 0.5601563 0.4203125 0.0557292 0.0812500
2 0.6927083 0.6214844 0.0947917 0.0679687
0 0.4973958 0.7144531 0.0822917 0.0695313
4 0.8395833 0.2332031 0.0437500 0.0945312
2 0.6427083 0.7562500 0.0708333 0.0718750
3 0.5622396 0.3515625 0.0651042 0.1046875
4 0.2463542 0.1746094 0.0666667 0.1085938
2 0.6460938 0.7156250 0.0442708 0.0750000
1 0.2921875 0.7867188 0.0656250 0.1296875
1 0.2507813 0.1167969 0.0911458 0.0820312
3 0.3697917 0.3050781 0.0916667 0.0664062
3 0.6302083 0.3945312 0.0864583 0.0562500
4 0.7695312 0.3371094 0.0880208 0.0679687
5 0.3559896 0.1585938 0.0473958 0.1375000
0 0.4859375 0.3906250 0.0677083 0.0687500
1 0.2911458 0.6144531 0.0927083 0.0617188
5 0.5729167 0.3347656 0.0531250 0.0742188
3 0.7281250 0.6972656 0.0927083 0.0648438
0 0.7039062 0.6984375 0.0859375 0.0937500
2 0.4156250 0.6734375 0.0468750 0.0796875
0 0.5221354 0.3183594 0.0859375 0.0695313
1 0.6036458 0.7054687 0.0885417 0.0937500
3 0.6174479 0.4230469 0.0984375 0.0789062
4 0.6026042 0.6847656 0.0447917 0.0804688
5 0.7851562 0.3562500 0.0859375 0.0656250
0 0.6942708 0.4226563 0.0885417 0.0671875
5 0.5471354 0.2785156 0.0401042 0.1164063
4 0.6432292 0.2964844 0.0885417 0.0632812
1 0.4880208 0.8476562 0.0562500 0.0875000
5 0.4348958 0.6558594 0.0781250 0.0804688
3 0.4002604 0.7179688 0.0494792 0.0937500
2 0.5682292 0.5300781 0.0822917 0.0585938
0 0.5549479 0.5214844 0.0786458 0.0664062
3 0.5257812 0.5300781 0.0723958 0.0585938
0 0.4177083 0.8320312 0.0916667 0.0640625
4 0.3127604 0.4843750 0.0463542 0.0750000
4 0.6880208 0.6656250 0.0916667 0.0921875
0 0.4377604 0.6890625 0.0484375 0.0656250
5 0.5429688 0.4304688 0.0921875 0.0640625
3 0.6411458 0.6378906 0.0979167 0.0695313
1 0.6156250 0.1527344 0.0916667 0.0710937
1 0.5083333 0.7402344 0.0541667 0.0679687
2 0.6132812 0.4179688 0.0588542 0.0937500
5 0.5671875 0.6507812 0.0552083 0.1109375
4 0.6861979 0.2148438 0.0859375 0.0640625
3 0.3807292 0.2812500 0.0864583 0.0578125
4 0.2270833 0.4871094 0.0812500 0.0773438
0 0.5531250 0.3789062 0.0864583 0.0656250
6 0.4364583 0.3773437 0.0656250 0.0875000
9 0.2770833 0.4820313 0.0937500 0.1187500
8 0.4638021 0.1835938 0.0713542 0.1125000
10 0.6914062 0.4750000 0.0651042 0.1171875
10 0.7416667 0.4027344 0.0906250 0.0867187
11 0.2911458 0.2667969 0.0791667 0.0773438
7 0.5177083 0.8117188 0.0781250 0.1234375
11 0.5375000 0.3281250 0.0708333 0.0875000
7 0.5940104 0.1558594 0.0901042 0.1039063
10 0.6127604 0.5625000 0.0494792 0.0796875
11 0.3619792 0.2281250 0.0656250 0.1218750
11 0.3023438 0.5550781 0.0880208 0.0882813
11 0.3583333 0.8660156 0.0822917 0.0898438
11 0.7067708 0.1605469 0.0916667 0.0882813
6 0.6713542 0.6058594 0.0937500 0.1117188
10 0.3940104 0.7320313 0.0619792 0.1296875
