4 0.4049479 0.2582031 0.0161458 0.0460938
2 0.6520833 0.4605469 0.0343750 0.0226562
1 0.5260417 0.3722656 0.0364583 0.0304687
3 0.6606771 0.2992187 0.0317708 0.0234375
0 0.7424479 0.5031250 0.0307292 0.0265625
1 0.5218750 0.7273437 0.0197917 0.0390625
1 0.6453125 0.5445313 0.0312500 0.0250000
0 0.6536458 0.5863281 0.0302083 0.0242188
5 0.3528646 0.8082031 0.0328125 0.0304687
3 0.7346354 0.2976563 0.0359375 0.0265625
0 0.5432292 0.3460937 0.0177083 0.0250000
4 0.6736979 0.2773438 0.0307292 0.0187500
3 0.3671875 0.7183594 0.0229167 0.0242188
5 0.3609375 0.6679688 0.0156250 0.0265625
0 0.6929688 0.6335937 0.0276042 0.0296875
3 0.5783854 0.5285156 0.0338542 0.0242188
3 0.4963542 0.7800781 0.0229167 0.0429688
3 0.3442708 0.6203125 0.0156250 0.0437500
5 0.5921875 0.8261719 0.0302083 0.0367188
0 0.3052083 0.6394531 0.0302083 0.0242188
0 0.7276042 0.5941406 0.0364583 0.0273438
9 0.4796875 0.5109375 0.0322917 0.0359375
8 0.5307292 0.2781250 0.0208333 0.0484375
7 0.5609375 0.7835937 0.0260417 0.0375000
8 0.6421875 0.6691406 0.0322917 0.0335937
7 0.6208333 0.8507813 0.0281250 0.0484375
9 0.5570312 0.2359375 0.0244792 0.0421875
9 0.5328125 0.4179688 0.0187500 0.0406250
8 0.7000000 0.8117188 0.0302083 0.0328125
9 0.6890625 0.5582031 0.0281250 0.0273438
10 0.5458333 0.3757813 0.0197917 0.0312500
