1 0.6875000 0.3867188 0.0250000 0.0421875
4 0.5489583 0.1929687 0.0322917 0.0218750
3 0.6572917 0.7320313 0.0343750 0.0234375
5 0.5802083 0.4273438 0.0187500 0.0265625
4 0.2752604 0.7453125 0.0171875 0.0515625
1 0.5015625 0.5386719 0.0354167 0.0273438
2 0.3604167 0.1429688 0.0354167 0.0281250
4 0.3929687 0.6492187 0.0265625 0.0312500
1 0.6036458 0.6121094 0.0177083 0.0382813
3 0.6322917 0.4265625 0.0177083 0.0328125
5 0.4950521 0.3648438 0.0244792 0.0406250
5 0.5044271 0.6019531 0.0234375 0.0226562
5 0.6213542 0.1769531 0.0343750 0.0257812
4 0.4408854 0.7785156 0.0338542 0.0210938
3 0.5257812 0.3210938 0.0307292 0.0265625
1 0.5135417 0.1695312 0.0177083 0.0468750
1 0.4520833 0.5773438 0.0166667 0.0453125
1 0.4796875 0.4300781 0.0208333 0.0523438
1 0.5710937 0.7574219 0.0317708 0.0273438
3 0.6567708 0.6867188 0.0375000 0.0250000
3 0.4018229 0.5320312 0.0328125 0.0328125
2 0.5593750 0.2253906 0.0239583 0.0335937
5 0.3161458 0.5058594 0.0364583 0.0257812
0 0.4820313 0.3187500 0.0244792 0.0312500
3 0.6880208 0.4359375 0.0270833 0.0390625
1 0.6622396 0.5511719 0.0255208 0.0476562
0 0.5877604 0.3500000 0.0244792 0.0328125
0 0.5401042 0.5335937 0.0302083 0.0265625
3 0.5177083 0.2511719 0.0239583 0.0195312
3 0.6520833 0.1910156 0.0333333 0.0257812
0 0.6747396 0.4585938 0.0307292 0.0328125
2 0.5692708 0.2230469 0.0333333 0.0242188
1 0.5906250 0.3300781 0.0270833 0.0242188
5 0.5013021 0.5335937 0.0192708 0.0453125
1 0.4135417 0.7050781 0.0343750 0.0242188
1 0.5221354 0.3046875 0.0359375 0.0312500
3 0.3414063 0.7472656 0.0317708 0.0210938
1 0.6736979 0.8691406 0.0307292 0.0242188
3 0.3515625 0.6914062 0.0197917 0.0421875
3 0.4606771 0.7156250 0.0203125 0.0375000
6 0.5828125 0.8085938 0.0302083 0.0312500
6 0.6783854 0.1468750 0.0338542 0.0328125
