2 0.6804687 0.3851562 0.0161458 0.0250000
0 0.2966146 0.4128906 0.0265625 0.0195312
2 0.6783854 0.4789062 0.0213542 0.0187500
2 0.7098958 0.3601563 0.0135417 0.0203125
1 0.3200521 0.6410156 0.0182292 0.0289063
4 0.4182292 0.4660156 0.0229167 0.0226562
5 0.5502604 0.4121094 0.0182292 0.0382813
5 0.4497396 0.7875000 0.0161458 0.0203125
0 0.5059896 0.6800781 0.0130208 0.0304687
4 0.5158854 0.2300781 0.0244792 0.0257812
6 0.4528646 0.6648437 0.0234375 0.0265625
8 0.4364583 0.2367188 0.0229167 0.0296875
6 0.7080729 0.2207031 0.0171875 0.0257812
10 0.4984375 0.7886719 0.0250000 0.0257812
10 0.6156250 0.6753906 0.0260417 0.0351562
8 0.5101562 0.4828125 0.0171875 0.0390625
8 0.4614583 0.1824219 0.0166667 0.0367188
6 0.5440104 0.5304688 0.0171875 0.0343750
6 0.3468750 0.3976562 0.0166667 0.0250000
11 0.5130208 0.8339844 0.0270833 0.0273438
9 0.6369792 0.2515625 0.0250000 0.0250000
