1 0.4794271 0.5484375 0.0140625 0.0421875
5 0.5958333 0.4121094 0.0291667 0.0257812
0 0.5096354 0.3234375 0.0182292 0.0250000
0 0.7244792 0.5253906 0.0239583 0.0382813
0 0.5695313 0.8406250 0.0296875 0.0203125
3 0.3869792 0.6257812 0.0302083 0.0359375
0 0.4018229 0.1765625 0.0244792 0.0359375
2 0.5742188 0.1656250 0.0255208 0.0218750
4 0.5885417 0.4222656 0.0156250 0.0210938
1 0.5593750 0.6753906 0.0302083 0.0210938
2 0.5197917 0.7679687 0.0187500 0.0390625
2 0.6031250 0.6441406 0.0229167 0.0445313
3 0.5580729 0.6296875 0.0296875 0.0234375
4 0.3882813 0.6625000 0.0296875 0.0187500
5 0.7101563 0.1996094 0.0203125 0.0476562
2 0.4841146 0.6902344 0.0203125 0.0476562
1 0.6760417 0.3683594 0.0343750 0.0242188
3 0.5570312 0.8425781 0.0171875 0.0289063
1 0.5882812 0.7675781 0.0276042 0.0226562
0 0.5296875 0.2492187 0.0208333 0.0437500
1 0.3356771 0.9421875 0.0328125 0.0234375
0 0.3507812 0.3578125 0.0328125 0.0187500
3 0.7078125 0.2160156 0.0322917 0.0195312
5 0.4953125 0.3289063 0.0156250 0.0218750
5 0.6468750 0.9027344 0.0208333 0.0414062
1 0.6638021 0.5019531 0.0307292 0.0242188
5 0.5776042 0.1546875 0.0197917 0.0468750
2 0.5075521 0.4550781 0.0265625 0.0195312
0 0.7424479 0.2898438 0.0276042 0.0234375
4 0.5057292 0.6121094 0.0260417 0.0335937
1 0.4257812 0.2632813 0.0203125 0.0234375
2 0.3968750 0.6406250 0.0312500 0.0234375
1 0.3632812 0.7230469 0.0161458 0.0242188
1 0.5786458 0.2394531 0.0197917 0.0414062
4 0.4492188 0.8742188 0.0234375 0.0312500
4 0.7114583 0.2871094 0.0156250 0.0460938
3 0.3476562 0.5109375 0.0119792 0.0234375
4 0.5401042 0.6984375 0.0218750 0.0250000
5 0.3927083 0.6906250 0.0291667 0.0234375
2 0.4184896 0.4070313 0.0182292 0.0265625
1 0.6101562 0.1867187 0.0328125 0.0234375
0 0.5190104 0.4128906 0.0234375 0.0414062
1 0.6997396 0.4492188 0.0203125 0.0421875
4 0.5661458 0.7312500 0.0156250 0.0437500
4 0.6505208 0.5562500 0.0239583 0.0328125
4 0.4388021 0.7164063 0.0223958 0.0296875
4 0.5643229 0.6875000 0.0223958 0.0406250
4 0.3526042 0.5429688 0.0156250 0.0218750
3 0.5979167 0.7335938 0.0177083 0.0203125
3 0.3807292 0.3726563 0.0177083 0.0390625
3 0.4984375 0.4492188 0.0218750 0.0406250
1 0.5419271 0.8601562 0.0203125 0.0312500
5 0.6559896 0.6406250 0.0255208 0.0265625
2 0.6927083 0.3761719 0.0270833 0.0273438
1 0.7653646 0.3058594 0.0244792 0.0335937
5 0.6544271 0.4472656 0.0276042 0.0304687
1 0.6127604 0.4878906 0.0140625 0.0226562
0 0.3460937 0.9105469 0.0203125 0.0351562
3 0.6111979 0.6273437 0.0286458 0.0312500
0 0.2880208 0.3253906 0.0260417 0.0289063
5 0.5622396 0.6773438 0.0307292 0.0218750
5 0.5510417 0.6007813 0.0145833 0.0453125
3 0.6515625 0.8113281 0.0270833 0.0367188
0 0.6286458 0.6289062 0.0291667 0.0203125
5 0.7638021 0.5511719 0.0171875 0.0445313
8 0.2276042 0.3578125 0.0302083 0.0296875
9 0.4552083 0.9382812 0.0239583 0.0312500
7 0.6445312 0.3601563 0.0244792 0.0468750
9 0.4794271 0.7539062 0.0244792 0.0437500
9 0.5252604 0.4785156 0.0307292 0.0414062
11 0.4234375 0.7863281 0.0218750 0.0398437
11 0.3588542 0.6765625 0.0270833 0.0406250
6 0.4424479 0.2187500 0.0192708 0.0296875
9 0.3250000 0.5015625 0.0291667 0.0296875
6 0.5026042 0.2121094 0.0218750 0.0476562
6 0.7716146 0.1265625 0.0296875 0.0296875
8 0.3830729 0.1949219 0.0286458 0.0445313
8 0.6395833 0.2242187 0.0270833 0.0296875
10 0.5455729 0.7136719 0.0265625 0.0257812
10 0.5138021 0.3914063 0.0276042 0.0296875
