4 0.5385417 0.6394531 0.0250000 0.0242188
2 0.6302083 0.3621094 0.0177083 0.0273438
2 0.6338542 0.3968750 0.0166667 0.0234375
5 0.5500000 0.3691406 0.0239583 0.0257812
5 0.3057292 0.4929688 0.0260417 0.0187500
3 0.4809896 0.7781250 0.0119792 0.0250000
1 0.4945312 0.6265625 0.0213542 0.0156250
1 0.4903646 0.6304688 0.0213542 0.0203125
1 0.5963542 0.7437500 0.0229167 0.0156250
3 0.4317708 0.6644531 0.0145833 0.0351562
2 0.3828125 0.6609375 0.0135417 0.0343750
1 0.2854167 0.3921875 0.0239583 0.0203125
1 0.4046875 0.6089844 0.0156250 0.0320312
2 0.3299479 0.7664062 0.0140625 0.0312500
0 0.5794271 0.1171875 0.0098958 0.0296875
2 0.3781250 0.2781250 0.0125000 0.0203125
0 0.4005208 0.5746094 0.0218750 0.0164063
0 0.4005208 0.6582031 0.0125000 0.0367188
0 0.5140625 0.3671875 0.0104167 0.0296875
4 0.4760417 0.4863281 0.0229167 0.0164063
3 0.4656250 0.5000000 0.0114583 0.0328125
5 0.6239583 0.7281250 0.0218750 0.0218750
2 0.6973958 0.8042969 0.0218750 0.0226562
0 0.4330729 0.5171875 0.0171875 0.0203125
4 0.5062500 0.5914063 0.0114583 0.0156250
2 0.4382813 0.8175781 0.0203125 0.0257812
5 0.4752604 0.2777344 0.0182292 0.0289063
5 0.5447917 0.1898438 0.0125000 0.0250000
1 0.5908854 0.4398437 0.0140625 0.0171875
4 0.5687500 0.5585938 0.0114583 0.0296875
5 0.7250000 0.5734375 0.0197917 0.0250000
4 0.3070312 0.5789062 0.0140625 0.0265625
4 0.4348958 0.7402344 0.0177083 0.0195312
2 0.4401042 0.6992188 0.0135417 0.0140625
3 0.3841146 0.4531250 0.0140625 0.0281250
0 0.6429687 0.5898438 0.0161458 0.0312500
2 0.4346354 0.5539063 0.0119792 0.0359375
8 0.6013021 0.4421875 0.0161458 0.0203125
6 0.5781250 0.7953125 0.0239583 0.0234375
10 0.6273437 0.4753906 0.0192708 0.0195312
6 0.5908854 0.7417969 0.0213542 0.0210938
10 0.4312500 0.8058594 0.0218750 0.0242188
11 0.6200521 0.3023438 0.0234375 0.0281250
10 0.5908854 0.5652344 0.0203125 0.0195312
6 0.1768229 0.4656250 0.0192708 0.0312500
6 0.6721354 0.5750000 0.0161458 0.0343750
6 0.7575521 0.6160156 0.0213542 0.0226562
7 0.5096354 0.6515625 0.0192708 0.0265625
6 0.5114583 0.4312500 0.0177083 0.0312500
10 0.4791667 0.6882812 0.0197917 0.0281250
6 0.7166667 0.4847656 0.0229167 0.0289063
6 0.4075521 0.7601562 0.0182292 0.0312500
