2 0.4789062 0.9210938 0.0380208 0.0250000
3 0.3783854 0.3421875 0.0296875 0.0250000
5 0.3921875 0.7148438 0.0375000 0.0328125
4 0.4875000 0.3687500 0.0187500 0.0484375
3 0.4065104 0.4613281 0.0276042 0.0320312
5 0.6223958 0.5253906 0.0197917 0.0335937
5 0.4742188 0.5406250 0.0171875 0.0406250
4 0.5385417 0.3808594 0.0166667 0.0507812
5 0.6677083 0.3929687 0.0166667 0.0531250
5 0.4721354 0.4886719 0.0171875 0.0304687
3 0.6859375 0.7792969 0.0260417 0.0273438
2 0.3684896 0.6402344 0.0203125 0.0570312
5 0.5950521 0.3679688 0.0203125 0.0562500
2 0.6770833 0.5281250 0.0260417 0.0484375
3 0.5830729 0.4468750 0.0307292 0.0343750
5 0.5455729 0.1960938 0.0359375 0.0250000
0 0.4203125 0.6476563 0.0229167 0.0453125
0 0.2671875 0.6031250 0.0208333 0.0468750
3 0.5445313 0.3445313 0.0369792 0.0281250
2 0.4130208 0.3191406 0.0218750 0.0507812
5 0.4106771 0.1968750 0.0161458 0.0375000
4 0.5171875 0.9074219 0.0291667 0.0335937
0 0.6062500 0.5609375 0.0187500 0.0546875
3 0.4080729 0.5750000 0.0203125 0.0296875
5 0.5242187 0.3097656 0.0234375 0.0429688
3 0.2786458 0.4390625 0.0156250 0.0296875
0 0.2776042 0.4343750 0.0312500 0.0375000
4 0.5645833 0.5757813 0.0395833 0.0296875
0 0.6940104 0.4347656 0.0161458 0.0476562
1 0.3695312 0.7210937 0.0369792 0.0250000
2 0.6205729 0.7429687 0.0151042 0.0578125
1 0.5541667 0.4460938 0.0364583 0.0234375
0 0.6328125 0.6906250 0.0333333 0.0250000
0 0.6052083 0.2933594 0.0177083 0.0554687
0 0.5963542 0.2101562 0.0364583 0.0281250
3 0.4778646 0.9097656 0.0255208 0.0507812
3 0.4411458 0.4546875 0.0302083 0.0421875
3 0.4299479 0.3718750 0.0328125 0.0265625
2 0.6617188 0.4949219 0.0203125 0.0351562
5 0.4893229 0.3015625 0.0213542 0.0390625
5 0.4135417 0.1777344 0.0218750 0.0554687
0 0.5526042 0.1113281 0.0229167 0.0492187
2 0.7523437 0.5664062 0.0380208 0.0343750
4 0.7734375 0.3000000 0.0375000 0.0328125
3 0.4419271 0.7699219 0.0369792 0.0304687
5 0.4484375 0.8125000 0.0354167 0.0359375
0 0.3807292 0.5820312 0.0187500 0.0312500
0 0.5640625 0.4023438 0.0270833 0.0281250
2 0.6651042 0.5609375 0.0343750 0.0250000
0 0.4531250 0.6953125 0.0197917 0.0515625
0 0.5770833 0.5281250 0.0197917 0.0281250
4 0.5414062 0.5339844 0.0182292 0.0507812
3 0.3856771 0.5484375 0.0234375 0.0484375
3 0.4494792 0.9851562 0.0281250 0.0281250
1 0.3166667 0.7765625 0.0208333 0.0453125
10 0.3776042 0.7132812 0.0302083 0.0531250
6 0.3898437 0.8078125 0.0265625 0.0453125
6 0.3455729 0.6386719 0.0223958 0.0476562
6 0.5773438 0.6332031 0.0234375 0.0351562
6 0.6484375 0.7062500 0.0343750 0.0406250
6 0.3815104 0.7410156 0.0317708 0.0320312
7 0.6437500 0.6460938 0.0333333 0.0359375
11 0.6273437 0.3054688 0.0276042 0.0453125
9 0.2622396 0.2425781 0.0338542 0.0320312
10 0.6781250 0.4398437 0.0343750 0.0484375
