3 0.5127604 0.7167969 0.0473958 0.0335937
2 0.3244792 0.4453125 0.0375000 0.0390625
2 0.5510417 0.3335938 0.0479167 0.0281250
5 0.4632812 0.5527344 0.0411458 0.0367188
5 0.7200521 0.6074219 0.0401042 0.0351562
4 0.4265625 0.6863281 0.0343750 0.0382813
2 0.3369792 0.7101563 0.0197917 0.0531250
2 0.6145833 0.5046875 0.0250000 0.0343750
0 0.2979167 0.3664062 0.0458333 0.0312500
5 0.6500000 0.6542969 0.0458333 0.0335937
5 0.3713542 0.3019531 0.0197917 0.0648438
4 0.5296875 0.6367188 0.0250000 0.0453125
0 0.5463542 0.3355469 0.0437500 0.0367188
4 0.6911458 0.6921875 0.0427083 0.0453125
2 0.4101562 0.8539062 0.0244792 0.0593750
5 0.4919271 0.4023438 0.0203125 0.0281250
5 0.6007813 0.5394531 0.0296875 0.0460938
0 0.2718750 0.6960937 0.0260417 0.0421875
1 0.3447917 0.7066406 0.0229167 0.0539063
9 0.5164062 0.4074219 0.0401042 0.0460938
6 0.4765625 0.8074219 0.0395833 0.0429688
7 0.6934896 0.7625000 0.0265625 0.0515625
10 0.7231771 0.2945313 0.0255208 0.0578125
7 0.5049479 0.3781250 0.0411458 0.0453125
9 0.5429688 0.8644531 0.0390625 0.0585938
7 0.4080729 0.7375000 0.0307292 0.0609375
8 0.4166667 0.2078125 0.0343750 0.0625000
9 0.6320313 0.3125000 0.0463542 0.0453125
9 0.7684896 0.3570313 0.0411458 0.0593750
8 0.5588542 0.4921875 0.0395833 0.0453125
