4 0.2854167 0.6855469 0.0197917 0.0398437
4 0.5755208 0.7714844 0.0156250 0.0382813
3 0.5385417 0.4855469 0.0302083 0.0289063
1 0.3182292 0.2902344 0.0114583 0.0398437
2 0.5882812 0.8296875 0.0171875 0.0203125
0 0.3033854 0.4796875 0.0223958 0.0265625
3 0.6416667 0.5238281 0.0239583 0.0179687
0 0.6140625 0.7777344 0.0197917 0.0429688
1 0.4255208 0.3187500 0.0156250 0.0312500
3 0.2526042 0.5789062 0.0281250 0.0281250
4 0.5976562 0.7105469 0.0265625 0.0195312
4 0.4419271 0.4398437 0.0130208 0.0250000
3 0.6356771 0.5917969 0.0255208 0.0320312
3 0.5132813 0.6855469 0.0234375 0.0195312
4 0.4526042 0.3875000 0.0125000 0.0390625
6 0.4804688 0.5027344 0.0182292 0.0382813
8 0.3934896 0.6308594 0.0213542 0.0445313
9 0.2791667 0.6781250 0.0177083 0.0375000
9 0.3632812 0.3320312 0.0213542 0.0250000
6 0.5416667 0.7921875 0.0166667 0.0343750
7 0.4565104 0.2148438 0.0161458 0.0312500
7 0.4825521 0.7117187 0.0244792 0.0281250
6 0.5984375 0.1953125 0.0250000 0.0359375
9 0.5885417 0.7238281 0.0260417 0.0382813
11 0.6674479 0.6714844 0.0192708 0.0273438
10 0.7609375 0.5378906 0.0260417 0.0320312
9 0.4299479 0.4324219 0.0234375 0.0257812
10 0.4898438 0.5851563 0.0171875 0.0359375
7 0.5106771 0.2285156 0.0244792 0.0242188
8 0.2927083 0.5242187 0.0239583 0.0359375
10 0.5455729 0.4109375 0.0161458 0.0265625
7 0.5947917 0.4703125 0.0187500 0.0390625
