2 0.7385417 0.3667969 0.0177083 0.0476562
2 0.3304687 0.5292969 0.0182292 0.0367188
4 0.5093750 0.3859375 0.0135417 0.0281250
3 0.4184896 0.5535156 0.0140625 0.0289063
3 0.5291667 0.3152344 0.0197917 0.0289063
1 0.6091146 0.2355469 0.0151042 0.0445313
2 0.7145833 0.4937500 0.0291667 0.0281250
0 0.4781250 0.6207031 0.0229167 0.0382813
4 0.5802083 0.3968750 0.0270833 0.0234375
5 0.5690104 0.1863281 0.0296875 0.0195312
2 0.3078125 0.3343750 0.0260417 0.0312500
5 0.6111979 0.3593750 0.0161458 0.0375000
3 0.5010417 0.7351562 0.0270833 0.0250000
1 0.5369792 0.3777344 0.0322917 0.0210938
0 0.4106771 0.7449219 0.0140625 0.0226562
5 0.5010417 0.8351563 0.0260417 0.0375000
4 0.4966146 0.3164062 0.0234375 0.0359375
2 0.6179687 0.1792969 0.0171875 0.0460938
4 0.5614583 0.3460937 0.0281250 0.0171875
5 0.5208333 0.8484375 0.0250000 0.0296875
5 0.6088542 0.4023438 0.0312500 0.0218750
2 0.5908854 0.7886719 0.0296875 0.0304687
4 0.3929687 0.6183594 0.0151042 0.0226562
2 0.5859375 0.6023437 0.0354167 0.0265625
3 0.3583333 0.3527344 0.0260417 0.0210938
0 0.7408854 0.6257812 0.0276042 0.0296875
4 0.7299479 0.8578125 0.0317708 0.0218750
4 0.7539062 0.4421875 0.0276042 0.0265625
2 0.6828125 0.4300781 0.0156250 0.0351562
1 0.6580729 0.5062500 0.0307292 0.0250000
2 0.6062500 0.4562500 0.0239583 0.0406250
1 0.5140625 0.6316406 0.0145833 0.0414062
1 0.3734375 0.1546875 0.0187500 0.0375000
0 0.4440104 0.7828125 0.0307292 0.0218750
3 0.5651042 0.2933594 0.0187500 0.0257812
2 0.6872396 0.6289062 0.0276042 0.0218750
2 0.4119792 0.6023437 0.0197917 0.0484375
0 0.3802083 0.7359375 0.0145833 0.0468750
0 0.3356771 0.2960937 0.0151042 0.0250000
4 0.3736979 0.5753906 0.0276042 0.0257812
2 0.4601562 0.2785156 0.0223958 0.0226562
5 0.4921875 0.6773438 0.0156250 0.0265625
3 0.5395833 0.3050781 0.0270833 0.0257812
11 0.3106771 0.5593750 0.0296875 0.0437500
11 0.4218750 0.6832031 0.0291667 0.0320312
7 0.5744792 0.3628906 0.0312500 0.0351562
11 0.4398437 0.6562500 0.0182292 0.0406250
8 0.5341146 0.6324219 0.0286458 0.0289063
8 0.4460938 0.5667969 0.0244792 0.0320312
9 0.6315104 0.7871094 0.0286458 0.0335937
7 0.4229167 0.5601563 0.0281250 0.0281250
6 0.6919271 0.4675781 0.0286458 0.0304687
6 0.6179687 0.5792969 0.0276042 0.0382813
10 0.5216146 0.7835937 0.0255208 0.0343750
9 0.7148438 0.6429687 0.0286458 0.0281250
8 0.5375000 0.3160156 0.0270833 0.0257812
9 0.4085937 0.2878906 0.0265625 0.0273438
10 0.5093750 0.7843750 0.0270833 0.0265625
9 0.6763021 0.6589844 0.0276042 0.0273438
11 0.3804688 0.1316406 0.0203125 0.0476562
9 0.3440104 0.3000000 0.0276042 0.0296875
10 0.5781250 0.8152344 0.0302083 0.0367188
6 0.5200521 0.5894531 0.0265625 0.0398437
