1 0.4223958 0.5035156 0.0135417 0.0351562
3 0.7091146 0.6613281 0.0255208 0.0179687
4 0.6591146 0.4945312 0.0244792 0.0234375
2 0.3539062 0.9382812 0.0140625 0.0281250
1 0.5109375 0.0992187 0.0145833 0.0281250
5 0.7286458 0.5097656 0.0187500 0.0351562
2 0.6265625 0.3910156 0.0177083 0.0304687
0 0.3903646 0.6800781 0.0140625 0.0367188
4 0.3799479 0.1980469 0.0234375 0.0257812
5 0.7630208 0.5460938 0.0239583 0.0281250
0 0.4367187 0.3316406 0.0130208 0.0210938
4 0.4953125 0.2652344 0.0135417 0.0210938
0 0.6513021 0.5253906 0.0130208 0.0382813
4 0.5507812 0.6972656 0.0130208 0.0382813
5 0.5062500 0.8898438 0.0218750 0.0171875
1 0.7218750 0.4066406 0.0177083 0.0242188
0 0.6479167 0.4800781 0.0208333 0.0226562
3 0.6651042 0.3636719 0.0145833 0.0210938
2 0.4432292 0.3191406 0.0239583 0.0179687
1 0.4919271 0.2804687 0.0140625 0.0312500
1 0.2380208 0.5281250 0.0218750 0.0187500
2 0.6138021 0.4464844 0.0223958 0.0210938
4 0.6703125 0.1074219 0.0125000 0.0304687
0 0.4895833 0.2875000 0.0145833 0.0312500
1 0.4838542 0.9214844 0.0250000 0.0179687
1 0.6479167 0.5589844 0.0197917 0.0320312
1 0.3807292 0.5699219 0.0114583 0.0242188
2 0.6169271 0.3765625 0.0119792 0.0359375
3 0.4171875 0.8902344 0.0218750 0.0304687
4 0.5372396 0.9597656 0.0140625 0.0351562
0 0.4619792 0.5367188 0.0197917 0.0328125
2 0.6143229 0.6378906 0.0255208 0.0226562
1 0.3867188 0.6839844 0.0234375 0.0195312
0 0.6851563 0.1152344 0.0119792 0.0367188
0 0.6458333 0.2242187 0.0250000 0.0156250
3 0.6453125 0.3011719 0.0125000 0.0179687
1 0.6867188 0.6480469 0.0109375 0.0273438
5 0.5403646 0.8832031 0.0213542 0.0195312
5 0.3421875 0.5710937 0.0250000 0.0218750
3 0.5294271 0.7222656 0.0182292 0.0320312
2 0.5263021 0.6542969 0.0192708 0.0273438
1 0.4929688 0.8765625 0.0171875 0.0343750
5 0.6372396 0.4597656 0.0244792 0.0179687
1 0.6044271 0.7921875 0.0255208 0.0218750
0 0.5526042 0.2910156 0.0250000 0.0195312
4 0.6638021 0.6980469 0.0213542 0.0242188
1 0.4044271 0.7554688 0.0244792 0.0265625
1 0.5187500 0.2191406 0.0250000 0.0179687
2 0.6645833 0.6972656 0.0177083 0.0335937
3 0.5523438 0.1019531 0.0151042 0.0179687
1 0.6750000 0.9144531 0.0250000 0.0164063
4 0.4619792 0.6292969 0.0166667 0.0226562
2 0.6718750 0.6800781 0.0197917 0.0210938
3 0.6742187 0.7312500 0.0182292 0.0375000
0 0.4546875 0.3363281 0.0281250 0.0210938
4 0.6250000 0.6296875 0.0250000 0.0187500
3 0.6625000 0.2144531 0.0239583 0.0179687
5 0.4677083 0.4097656 0.0260417 0.0226562
0 0.4398437 0.3722656 0.0151042 0.0226562
1 0.3739583 0.2003906 0.0250000 0.0210938
3 0.3747396 0.4617188 0.0182292 0.0312500
0 0.3986979 0.3832031 0.0151042 0.0210938
0 0.4757812 0.2496094 0.0171875 0.0210938
10 0.6544271 0.7828125 0.0203125 0.0328125
8 0.6184896 0.3312500 0.0213542 0.0359375
7 0.6619792 0.3148437 0.0208333 0.0281250
8 0.6554688 0.8250000 0.0213542 0.0312500
8 0.7523437 0.4277344 0.0223958 0.0367188
11 0.3882813 0.5343750 0.0223958 0.0218750
6 0.5799479 0.6437500 0.0171875 0.0250000
7 0.3979167 0.6527344 0.0177083 0.0351562
9 0.4489583 0.5156250 0.0218750 0.0218750
10 0.5289063 0.5738281 0.0213542 0.0210938
7 0.7169271 0.2625000 0.0151042 0.0343750
9 0.4877604 0.6175781 0.0213542 0.0226562
7 0.5804687 0.2039063 0.0213542 0.0312500
6 0.5986979 0.6703125 0.0171875 0.0390625
11 0.4401042 0.7648438 0.0166667 0.0359375
8 0.6544271 0.6609375 0.0151042 0.0234375
