0 0.3184896 0.4394531 0.0140625 0.0320312
4 0.6468750 0.6554688 0.0145833 0.0171875
3 0.5942708 0.4054687 0.0093750 0.0187500
5 0.6088542 0.7242188 0.0135417 0.0265625
0 0.3406250 0.3304687 0.0187500 0.0203125
3 0.7273437 0.4445312 0.0213542 0.0265625
2 0.5700521 0.3605469 0.0171875 0.0242188
2 0.5221354 0.4257812 0.0119792 0.0296875
1 0.3268229 0.1925781 0.0234375 0.0132812
4 0.6552083 0.6335937 0.0156250 0.0203125
2 0.5401042 0.3156250 0.0125000 0.0171875
5 0.4088542 0.8484375 0.0239583 0.0187500
0 0.3812500 0.6351562 0.0114583 0.0171875
4 0.5432292 0.3246094 0.0114583 0.0289063
4 0.6067708 0.9371094 0.0177083 0.0179687
2 0.4294271 0.3742187 0.0130208 0.0375000
5 0.5046875 0.9761719 0.0114583 0.0351562
2 0.5799479 0.8320312 0.0140625 0.0234375
3 0.7044271 0.4882812 0.0255208 0.0156250
5 0.7455729 0.5179687 0.0213542 0.0250000
5 0.5171875 0.2867188 0.0208333 0.0265625
3 0.6218750 0.4902344 0.0156250 0.0367188
5 0.7291667 0.2875000 0.0250000 0.0187500
2 0.6145833 0.2222656 0.0135417 0.0164063
4 0.4822917 0.2558594 0.0218750 0.0242188
2 0.5440104 0.4253906 0.0140625 0.0179687
4 0.4674479 0.4035156 0.0130208 0.0351562
1 0.4875000 0.5753906 0.0114583 0.0320312
4 0.5119792 0.5296875 0.0166667 0.0156250
0 0.6664062 0.7164063 0.0119792 0.0296875
5 0.4364583 0.4269531 0.0145833 0.0382813
5 0.3770833 0.4312500 0.0187500 0.0375000
2 0.6557292 0.4496094 0.0187500 0.0226562
0 0.6539063 0.5558594 0.0213542 0.0226562
5 0.3184896 0.7875000 0.0223958 0.0203125
2 0.5210938 0.3082031 0.0234375 0.0195312
1 0.5395833 0.7601562 0.0197917 0.0171875
3 0.5247396 0.5734375 0.0151042 0.0234375
2 0.3401042 0.7746094 0.0135417 0.0335937
4 0.5679688 0.3617187 0.0171875 0.0203125
3 0.4848958 0.1527344 0.0197917 0.0289063
3 0.3562500 0.3738281 0.0104167 0.0320312
2 0.7062500 0.2722656 0.0218750 0.0195312
5 0.4794271 0.7718750 0.0119792 0.0218750
5 0.3234375 0.5753906 0.0125000 0.0257812
5 0.3429687 0.4679687 0.0151042 0.0328125
2 0.5088542 0.2226562 0.0177083 0.0281250
1 0.5093750 0.7289062 0.0208333 0.0187500
3 0.6356771 0.6375000 0.0234375 0.0171875
2 0.3632812 0.6964844 0.0130208 0.0179687
2 0.6677083 0.5421875 0.0260417 0.0187500
5 0.6882812 0.5398437 0.0213542 0.0187500
0 0.4033854 0.8906250 0.0223958 0.0171875
0 0.3890625 0.1015625 0.0187500 0.0187500
3 0.4171875 0.4878906 0.0135417 0.0148437
0 0.4817708 0.6730469 0.0218750 0.0210938
8 0.4309896 0.6785156 0.0213542 0.0210938
6 0.5153646 0.5777344 0.0140625 0.0320312
9 0.6580729 0.2871094 0.0234375 0.0226562
