5 0.4763021 0.1519531 0.0369792 0.0382813
3 0.5802083 0.6828125 0.0354167 0.0421875
0 0.3981771 0.9269531 0.0307292 0.0632812
4 0.4611979 0.9640625 0.0286458 0.0609375
3 0.5908854 0.4707031 0.0442708 0.0289063
3 0.7187500 0.3296875 0.0364583 0.0437500
2 0.5197917 0.2320312 0.0437500 0.0265625
3 0.5989583 0.6859375 0.0395833 0.0296875
4 0.6632813 0.7230469 0.0442708 0.0335937
2 0.6580729 0.2328125 0.0255208 0.0437500
4 0.3093750 0.3468750 0.0395833 0.0390625
1 0.6651042 0.6242188 0.0197917 0.0625000
2 0.6216146 0.7003906 0.0276042 0.0585938
4 0.4026042 0.3125000 0.0427083 0.0296875
5 0.4153646 0.4105469 0.0296875 0.0664062
2 0.7184896 0.6304688 0.0151042 0.0281250
4 0.5455729 0.8960938 0.0442708 0.0359375
0 0.3497396 0.4718750 0.0161458 0.0328125
3 0.6419271 0.5593750 0.0203125 0.0375000
1 0.5841146 0.8203125 0.0182292 0.0609375
4 0.7122396 0.2847656 0.0223958 0.0539063
0 0.4671875 0.2683594 0.0291667 0.0476562
2 0.5057292 0.6488281 0.0218750 0.0460938
1 0.6541667 0.6367188 0.0281250 0.0515625
3 0.5750000 0.1210938 0.0250000 0.0453125
2 0.4708333 0.8425781 0.0281250 0.0335937
1 0.5093750 0.9042969 0.0375000 0.0476562
1 0.6039062 0.2890625 0.0390625 0.0515625
0 0.5609375 0.7078125 0.0333333 0.0484375
0 0.3919271 0.4425781 0.0432292 0.0382813
2 0.4593750 0.5625000 0.0218750 0.0625000
2 0.5257812 0.8953125 0.0390625 0.0406250
3 0.6781250 0.4214844 0.0343750 0.0429688
3 0.5039062 0.8742188 0.0307292 0.0343750
0 0.5218750 0.3730469 0.0427083 0.0289063
1 0.4403646 0.6132812 0.0265625 0.0671875
5 0.3559896 0.8242188 0.0265625 0.0468750
1 0.3054688 0.2191406 0.0432292 0.0304687
5 0.5236979 0.7402344 0.0203125 0.0304687
1 0.5085937 0.5296875 0.0244792 0.0640625
5 0.4942708 0.7070312 0.0270833 0.0546875
4 0.4218750 0.4750000 0.0322917 0.0468750
3 0.4294271 0.5121094 0.0286458 0.0492187
4 0.3156250 0.6453125 0.0291667 0.0484375
4 0.7640625 0.4187500 0.0270833 0.0640625
5 0.5463542 0.3632812 0.0354167 0.0343750
1 0.4096354 0.2769531 0.0192708 0.0304687
3 0.2786458 0.5625000 0.0343750 0.0484375
3 0.5888021 0.6800781 0.0442708 0.0398437
5 0.4135417 0.2398437 0.0354167 0.0359375
5 0.6299479 0.1078125 0.0213542 0.0421875
7 0.5531250 0.5875000 0.0270833 0.0421875
8 0.6187500 0.8191406 0.0270833 0.0632812
7 0.3458333 0.7144531 0.0437500 0.0429688
8 0.5716146 0.2593750 0.0255208 0.0546875
