1 0.3369792 0.2355469 0.0770833 0.0726563
0 0.2885417 0.3191406 0.0375000 0.0617188
4 0.4236979 0.5945312 0.0692708 0.0562500
2 0.4296875 0.6433594 0.0531250 0.0570312
2 0.6130208 0.4757812 0.0760417 0.0546875
2 0.4450521 0.3421875 0.0546875 0.0906250
3 0.4348958 0.1699219 0.0750000 0.0507812
0 0.5213542 0.7152344 0.0427083 0.0648438
0 0.5994792 0.6007813 0.0375000 0.0578125
2 0.5736979 0.5195312 0.0661458 0.0531250
1 0.6908854 0.5226563 0.0390625 0.0703125
2 0.5278646 0.2035156 0.0765625 0.0445313
5 0.4307292 0.5964844 0.0635417 0.0476562
0 0.6559896 0.7441406 0.0546875 0.0523438
5 0.6184896 0.8292969 0.0744792 0.0632812
2 0.5700521 0.2019531 0.0390625 0.0460938
4 0.6861979 0.6421875 0.0734375 0.0515625
2 0.7109375 0.3031250 0.0718750 0.0515625
0 0.6453125 0.8394531 0.0302083 0.1085938
5 0.3408854 0.7113281 0.0369792 0.1101562
0 0.3505208 0.5628906 0.0666667 0.0898438
0 0.5625000 0.1968750 0.0395833 0.0828125
3 0.4468750 0.1363281 0.0625000 0.0835937
0 0.7531250 0.4335938 0.0625000 0.0640625
5 0.4697917 0.2800781 0.0645833 0.0507812
3 0.5945312 0.8925781 0.0411458 0.0960938
1 0.4927083 0.7187500 0.0437500 0.0734375
2 0.7458333 0.4003906 0.0635417 0.0679687
1 0.5531250 0.6265625 0.0687500 0.0515625
2 0.4408854 0.5199219 0.0421875 0.0757812
3 0.5622396 0.7054687 0.0348958 0.0687500
1 0.3661458 0.5179687 0.0458333 0.0671875
4 0.6328125 0.7578125 0.0416667 0.0562500
0 0.6437500 0.6027344 0.0781250 0.0585938
1 0.7710938 0.5714844 0.0692708 0.0570312
0 0.5802083 0.4210937 0.0437500 0.0640625
10 0.5914063 0.3906250 0.0661458 0.0875000
11 0.6940104 0.3816406 0.0557292 0.0976562
9 0.4296875 0.3218750 0.0458333 0.1031250
10 0.6830729 0.5375000 0.0421875 0.0953125
11 0.6054688 0.7972656 0.0661458 0.0742188
9 0.3348958 0.4480469 0.0677083 0.0664062
11 0.5507812 0.7335938 0.0494792 0.0750000
9 0.5549479 0.5968750 0.0630208 0.0703125
9 0.6515625 0.2343750 0.0614583 0.1109375
7 0.6031250 0.1386719 0.0645833 0.0695313
6 0.3341146 0.5246094 0.0515625 0.0960938
10 0.4023438 0.2410156 0.0473958 0.0898438
6 0.6809896 0.6050781 0.0723958 0.0726563
6 0.3518229 0.1984375 0.0630208 0.0968750
