5 0.5916667 0.5539063 0.0729167 0.0625000
0 0.4666667 0.1355469 0.0666667 0.0476562
5 0.2606771 0.3503906 0.0807292 0.0867187
0 0.6817708 0.6625000 0.0708333 0.0562500
2 0.3268229 0.7292969 0.0494792 0.1007813
3 0.7585937 0.7449219 0.0880208 0.0773438
5 0.3296875 0.3175781 0.0406250 0.0664062
4 0.3554688 0.6011719 0.0359375 0.1132812
1 0.3192708 0.2242187 0.0875000 0.0609375
4 0.5721354 0.9152344 0.0786458 0.0585938
0 0.3763021 0.7054687 0.0546875 0.1203125
5 0.2270833 0.7277344 0.0406250 0.0835937
2 0.2393229 0.1601562 0.0859375 0.0531250
1 0.5234375 0.4222656 0.0802083 0.0742188
5 0.4703125 0.5921875 0.0437500 0.0859375
5 0.3825521 0.7746094 0.0838542 0.0664062
4 0.4109375 0.3945312 0.0729167 0.0421875
1 0.5200521 0.4828125 0.0828125 0.0562500
0 0.5531250 0.1949219 0.0614583 0.0960938
3 0.6164063 0.3058594 0.0869792 0.0585938
4 0.3604167 0.3640625 0.0812500 0.0718750
2 0.5955729 0.1695312 0.0421875 0.1171875
4 0.5799479 0.6441406 0.0776042 0.0710937
5 0.3466146 0.2738281 0.0557292 0.0945312
1 0.6830729 0.5000000 0.0390625 0.0796875
1 0.5166667 0.2632813 0.0614583 0.1250000
2 0.5583333 0.6597656 0.0760417 0.0742188
3 0.4067708 0.5757813 0.0552083 0.0656250
2 0.6679688 0.5757813 0.0432292 0.1312500
1 0.3791667 0.7605469 0.0583333 0.1195313
4 0.4809896 0.4750000 0.0828125 0.0671875
3 0.2729167 0.6296875 0.0447917 0.0921875
0 0.8223958 0.4539063 0.0687500 0.0578125
3 0.7059896 0.3867188 0.0901042 0.0640625
4 0.5325521 0.6453125 0.0828125 0.0468750
1 0.6765625 0.4347656 0.0770833 0.0679687
5 0.1794271 0.7140625 0.0755208 0.0593750
5 0.4700521 0.5648437 0.0338542 0.0875000
1 0.4210937 0.9890625 0.0380208 0.0203125
4 0.4861979 0.4386719 0.0578125 0.0648438
2 0.3458333 0.6503906 0.0875000 0.0570312
4 0.6002604 0.2726562 0.0848958 0.0531250
1 0.6515625 0.6996094 0.0572917 0.1195313
1 0.3523438 0.2851562 0.0932292 0.0718750
4 0.2807292 0.3625000 0.0604167 0.1125000
1 0.5489583 0.6046875 0.0468750 0.1328125
5 0.5635417 0.5386719 0.0500000 0.0773438
3 0.4921875 0.4425781 0.0520833 0.0929688
5 0.5973958 0.5808594 0.0583333 0.0742188
5 0.4078125 0.2917969 0.0770833 0.0617188
3 0.6239583 0.3175781 0.0739583 0.0695313
4 0.5111979 0.8445312 0.0598958 0.0859375
4 0.2854167 0.7886719 0.0781250 0.0554687
4 0.6085938 0.3578125 0.0651042 0.1062500
0 0.4041667 0.4015625 0.0760417 0.0531250
3 0.6476563 0.8203125 0.0807292 0.0656250
3 0.5302083 0.2718750 0.0416667 0.0578125
3 0.5992188 0.4578125 0.0963542 0.0781250
2 0.7091146 0.6707031 0.0682292 0.0851563
5 0.4135417 0.6675781 0.0489583 0.0835937
1 0.3864583 0.1804688 0.0479167 0.1015625
1 0.3760417 0.8078125 0.0520833 0.1093750
0 0.5205729 0.6351562 0.0369792 0.1328125
0 0.6414062 0.5281250 0.0494792 0.1171875
5 0.6598958 0.8496094 0.0781250 0.0585938
1 0.6052083 0.5953125 0.0375000 0.0703125
0 0.4848958 0.2597656 0.0729167 0.0585938
5 0.4466146 0.6878906 0.0776042 0.0898438
3 0.5502604 0.5878906 0.0640625 0.1039063
3 0.3765625 0.6296875 0.0718750 0.0843750
3 0.4895833 0.2515625 0.0427083 0.1125000
3 0.6559896 0.5554687 0.0682292 0.0609375
0 0.6197917 0.3902344 0.0635417 0.0757812
0 0.5057292 0.1429688 0.0385417 0.1203125
3 0.7432292 0.5328125 0.0468750 0.0875000
5 0.3174479 0.2156250 0.0640625 0.0750000
3 0.4955729 0.7093750 0.0630208 0.0921875
5 0.5601563 0.7515625 0.0390625 0.0562500
1 0.4010417 0.5726562 0.0864583 0.0734375
5 0.4078125 0.3414063 0.0739583 0.0562500
10 0.2348958 0.4457031 0.0479167 0.0710937
6 0.5640625 0.6347656 0.0697917 0.0820312
10 0.6518229 0.8527344 0.0734375 0.0976562
7 0.3291667 0.5976562 0.0531250 0.0796875
11 0.6250000 0.3894531 0.0531250 0.0804688
8 0.3565104 0.7750000 0.0703125 0.1078125
8 0.5651042 0.7097656 0.0833333 0.1226562
10 0.5986979 0.3671875 0.0838542 0.0953125
9 0.6841146 0.5894531 0.0786458 0.0851563
8 0.3856771 0.0910156 0.0505208 0.0773438
7 0.4750000 0.4691406 0.0510417 0.1007813
9 0.5039062 0.4925781 0.0567708 0.1273438
10 0.4458333 0.4691406 0.0583333 0.1164063
9 0.3046875 0.2468750 0.0739583 0.0718750
7 0.3723958 0.6394531 0.0656250 0.0898438
11 0.2807292 0.5726562 0.0635417 0.0843750
6 0.6320313 0.3867188 0.0713542 0.1218750
