4 0.6507812 0.2855469 0.1505208 0.1039063
4 0.6869792 0.6054688 0.1468750 0.1031250
2 0.5437500 0.6734375 0.1406250 0.1281250
5 0.3606771 0.4503906 0.1005208 0.1382812
2 0.5640625 0.3730469 0.0947917 0.2085937
5 0.5687500 0.6683594 0.1854167 0.1257813
4 0.4171875 0.9304687 0.1125000 0.1375000
4 0.6408854 0.7886719 0.1473958 0.1757812
0 0.3010417 0.2960937 0.1895833 0.1453125
3 0.7408854 0.5179687 0.1588542 0.1031250
0 0.4695313 0.4773438 0.1255208 0.1796875
3 0.4213542 0.5753906 0.1531250 0.1273438
0 0.3888021 0.6058594 0.0890625 0.1554687
2 0.2875000 0.5371094 0.1552083 0.1117188
2 0.5447917 0.5355469 0.1333333 0.1601562
1 0.5799479 0.2082031 0.1734375 0.1601562
4 0.3890625 0.3703125 0.1312500 0.1546875
5 0.5088542 0.0300781 0.1197917 0.0601563
4 0.6622396 0.3992188 0.1328125 0.2015625
3 0.5611979 0.9367188 0.1265625 0.1250000
0 0.7289062 0.6476563 0.1223958 0.1843750
0 0.7002604 0.4375000 0.1609375 0.1093750
5 0.5552083 0.5507812 0.1802083 0.1531250
1 0.4304688 0.5949219 0.1109375 0.1367188
3 0.4908854 0.4722656 0.1088542 0.1335938
1 0.5804687 0.6914062 0.1838542 0.1421875
1 0.6770833 0.2347656 0.1520833 0.1429688
1 0.5036458 0.8347656 0.1750000 0.1382812
3 0.2796875 0.4027344 0.1718750 0.1164063
5 0.5721354 0.7078125 0.1598958 0.1234375
0 0.4291667 0.2433594 0.0770833 0.2476562
0 0.4510417 0.3796875 0.1062500 0.2000000
2 0.7161458 0.2675781 0.1541667 0.1789062
1 0.6692708 0.6144531 0.1552083 0.1757812
4 0.2041667 0.5093750 0.1395833 0.2250000
3 0.4515625 0.4480469 0.1708333 0.1179687
1 0.4231771 0.6464844 0.1338542 0.1085938
4 0.4505208 0.9507813 0.0822917 0.0968750
2 0.5208333 0.7843750 0.1677083 0.1515625
9 0.3132813 0.6136719 0.1526042 0.1648438
11 0.8028646 0.3570313 0.1401042 0.1937500
10 0.2692708 0.6347656 0.1510417 0.1601562
7 0.3083333 0.2535156 0.1500000 0.1789062
8 0.3604167 0.4195313 0.1479167 0.1453125
10 0.7380208 0.3238281 0.1000000 0.2257812
8 0.3979167 0.5562500 0.1708333 0.2187500
10 0.2195313 0.4285156 0.1171875 0.1898438
8 0.7835937 0.4503906 0.1703125 0.1820313
7 0.3718750 0.7667969 0.0979167 0.2367188
8 0.5372396 0.3289063 0.1380208 0.2140625
7 0.5942708 0.6171875 0.1583333 0.1515625
7 0.4981771 0.4269531 0.1244792 0.1914062
6 0.6242188 0.3242188 0.1651042 0.1671875
