2 0.4286458 0.6593750 0.0145833 0.0234375
0 0.5911458 0.5511719 0.0260417 0.0273438
4 0.3195312 0.4125000 0.0255208 0.0218750
2 0.4481771 0.5906250 0.0119792 0.0250000
5 0.6768229 0.3976562 0.0244792 0.0171875
1 0.6507812 0.2628906 0.0161458 0.0273438
3 0.3570313 0.6718750 0.0119792 0.0328125
0 0.3286458 0.0789062 0.0229167 0.0203125
3 0.6333333 0.3343750 0.0166667 0.0250000
3 0.5630208 0.4308594 0.0177083 0.0273438
5 0.6158854 0.8476562 0.0223958 0.0203125
5 0.5716146 0.1695312 0.0161458 0.0343750
5 0.3075521 0.3640625 0.0182292 0.0218750
0 0.7007813 0.7179688 0.0255208 0.0265625
5 0.4869792 0.9082031 0.0187500 0.0335937
2 0.5830729 0.5238281 0.0244792 0.0164063
0 0.5166667 0.4117188 0.0229167 0.0203125
3 0.5726562 0.8730469 0.0130208 0.0351562
5 0.2841146 0.5683594 0.0255208 0.0195312
5 0.6588542 0.6105469 0.0156250 0.0210938
1 0.5281250 0.4929688 0.0135417 0.0234375
1 0.5747396 0.3152344 0.0140625 0.0382813
1 0.3984375 0.3613281 0.0229167 0.0195312
4 0.6091146 0.2378906 0.0244792 0.0195312
1 0.4169271 0.3027344 0.0151042 0.0367188
1 0.4096354 0.4332031 0.0213542 0.0273438
0 0.2953125 0.4296875 0.0208333 0.0171875
2 0.6039062 0.5312500 0.0223958 0.0187500
4 0.3513021 0.9707031 0.0140625 0.0304687
9 0.3307292 0.7183594 0.0156250 0.0226562
9 0.7726563 0.5246094 0.0234375 0.0304687
