2 0.6106771 0.2007812 0.0338542 0.0531250
0 0.4703125 0.8468750 0.0427083 0.0468750
0 0.4398437 0.5316406 0.0328125 0.0445313
9 0.6468750 0.6242188 0.0333333 0.0500000
9 0.2622396 0.3593750 0.0442708 0.0453125
11 0.6007813 0.8820313 0.0494792 0.0484375
9 0.5989583 0.3750000 0.0354167 0.0484375
11 0.7091146 0.2511719 0.0494792 0.0601563
7 0.6177083 0.4089844 0.0510417 0.0507812
7 0.4572917 0.9347656 0.0458333 0.0648438
7 0.6002604 0.7308594 0.0453125 0.0617188
8 0.7247396 0.4582031 0.0515625 0.0507812
7 0.3697917 0.6425781 0.0302083 0.0476562
8 0.4343750 0.5882812 0.0333333 0.0718750
9 0.3835938 0.5531250 0.0453125 0.0578125
11 0.2690104 0.5140625 0.0494792 0.0703125
9 0.3351562 0.4765625 0.0328125 0.0500000
6 0.7083333 0.7882813 0.0489583 0.0546875
9 0.7018229 0.4125000 0.0515625 0.0515625
11 0.4208333 0.3660156 0.0468750 0.0507812
7 0.7276042 0.7636719 0.0510417 0.0570312
9 0.4401042 0.1082031 0.0468750 0.0601563
