3 0.6390625 0.5757813 0.0343750 0.0203125
5 0.6640625 0.2437500 0.0343750 0.0312500
5 0.3114583 0.4281250 0.0156250 0.0359375
4 0.4476562 0.5078125 0.0192708 0.0531250
1 0.3703125 0.6503906 0.0406250 0.0273438
3 0.5427083 0.3328125 0.0354167 0.0312500
5 0.4903646 0.4144531 0.0286458 0.0445313
4 0.5455729 0.2566406 0.0380208 0.0226562
4 0.4864583 0.3472656 0.0281250 0.0335937
1 0.5388021 0.4558594 0.0359375 0.0226562
5 0.3197917 0.1703125 0.0177083 0.0593750
0 0.4648438 0.2734375 0.0213542 0.0234375
5 0.4601562 0.5656250 0.0348958 0.0328125
0 0.5664062 0.5988281 0.0244792 0.0273438
0 0.5062500 0.8156250 0.0312500 0.0390625
10 0.5289063 0.4496094 0.0265625 0.0414062
10 0.5638021 0.5207031 0.0307292 0.0304687
