4 0.6182292 0.8066406 0.0208333 0.0257812
5 0.3932292 0.5773438 0.0270833 0.0203125
5 0.6658854 0.7156250 0.0255208 0.0156250
5 0.6770833 0.6097656 0.0270833 0.0195312
2 0.3007812 0.7910156 0.0161458 0.0460938
1 0.4403646 0.5093750 0.0223958 0.0375000
11 0.5401042 0.4214844 0.0218750 0.0257812
7 0.6505208 0.7164063 0.0260417 0.0328125
11 0.7244792 0.6269531 0.0260417 0.0257812
11 0.6250000 0.1707031 0.0239583 0.0304687
6 0.3783854 0.5179687 0.0276042 0.0328125
9 0.6239583 0.8218750 0.0270833 0.0265625
9 0.3869792 0.5281250 0.0250000 0.0250000
10 0.4903646 0.7089844 0.0276042 0.0320312
