1 0.3890625 0.1191406 0.0562500 0.0679687
4 0.6263021 0.5789062 0.0953125 0.0765625
2 0.5669271 0.7000000 0.0848958 0.1078125
5 0.3348958 0.4421875 0.0885417 0.0656250
3 0.4729167 0.4000000 0.0843750 0.1093750
2 0.6664062 0.3976562 0.0828125 0.0781250
4 0.5117188 0.4972656 0.0869792 0.0695313
2 0.7434896 0.4515625 0.0421875 0.0796875
4 0.4309896 0.7511719 0.0463542 0.0773438
3 0.5075521 0.4925781 0.0869792 0.0726563
2 0.3531250 0.8511719 0.0937500 0.0648438
0 0.5125000 0.8164062 0.0885417 0.0796875
2 0.5002604 0.6023437 0.0796875 0.0640625
4 0.5216146 0.6832031 0.0432292 0.0726563
4 0.4815104 0.5152344 0.0578125 0.0992187
5 0.4148438 0.5011719 0.0484375 0.1476562
1 0.5895833 0.2894531 0.0468750 0.1335938
4 0.3716146 0.0820312 0.0869792 0.0609375
2 0.7247396 0.3351562 0.0994792 0.0796875
1 0.3958333 0.7082031 0.0541667 0.1117188
5 0.3195312 0.5304688 0.0734375 0.1109375
0 0.5510417 0.0425781 0.0531250 0.0851563
2 0.5916667 0.2003906 0.1000000 0.0664062
4 0.5601563 0.6496094 0.1046875 0.0789062
2 0.7557292 0.3792969 0.0635417 0.0804688
4 0.5898438 0.8894531 0.0744792 0.1023437
1 0.4200521 0.7855469 0.0578125 0.1273438
3 0.2622396 0.4968750 0.0671875 0.1015625
1 0.4572917 0.4066406 0.0447917 0.0945312
2 0.7166667 0.5492187 0.0500000 0.0812500
3 0.3947917 0.7250000 0.0947917 0.0906250
2 0.4731771 0.6226563 0.1067708 0.0796875
4 0.4307292 0.6320313 0.0520833 0.0765625
3 0.5927083 0.6664062 0.0552083 0.0859375
6 0.5828125 0.4691406 0.0875000 0.0929688
9 0.2309896 0.4296875 0.0880208 0.0890625
10 0.6096354 0.3558594 0.0901042 0.1445312
7 0.4888021 0.2289063 0.0526042 0.1140625
