1 0.7750000 0.5976562 0.0489583 0.0406250
5 0.5841146 0.5976562 0.0484375 0.0375000
2 0.3054688 0.6492187 0.0296875 0.0578125
2 0.6203125 0.2058594 0.0239583 0.0648438
4 0.6770833 0.6097656 0.0479167 0.0304687
5 0.5781250 0.7015625 0.0197917 0.0609375
5 0.6354167 0.8402344 0.0479167 0.0398437
0 0.6252604 0.4214844 0.0505208 0.0273438
2 0.5671875 0.7046875 0.0458333 0.0390625
5 0.5317708 0.7953125 0.0312500 0.0312500
4 0.5031250 0.2191406 0.0239583 0.0523438
5 0.4976563 0.7777344 0.0515625 0.0335937
1 0.5908854 0.6878906 0.0442708 0.0351562
5 0.7385417 0.4871094 0.0489583 0.0398437
2 0.5289063 0.7628906 0.0276042 0.0710937
0 0.3044271 0.4339844 0.0411458 0.0414062
0 0.6864583 0.3804688 0.0375000 0.0593750
3 0.5231771 0.7058594 0.0244792 0.0414062
3 0.7739583 0.2589844 0.0552083 0.0351562
1 0.5377604 0.6593750 0.0203125 0.0421875
0 0.4169271 0.4789062 0.0515625 0.0406250
1 0.5479167 0.2906250 0.0302083 0.0750000
5 0.4497396 0.1585938 0.0484375 0.0468750
4 0.4338542 0.4425781 0.0270833 0.0320312
3 0.5856771 0.8289062 0.0473958 0.0375000
3 0.7125000 0.7363281 0.0500000 0.0335937
3 0.6955729 0.6660156 0.0463542 0.0367188
5 0.6960937 0.3523438 0.0317708 0.0703125
2 0.4192708 0.7328125 0.0250000 0.0750000
2 0.2789063 0.2589844 0.0494792 0.0367188
4 0.5744792 0.4750000 0.0239583 0.0703125
3 0.3921875 0.4917969 0.0385417 0.0710937
4 0.6653646 0.3613281 0.0442708 0.0304687
0 0.5924479 0.5984375 0.0494792 0.0328125
2 0.6559896 0.5878906 0.0286458 0.0507812
1 0.4182292 0.2605469 0.0437500 0.0429688
2 0.6572917 0.6843750 0.0385417 0.0343750
0 0.6625000 0.3750000 0.0520833 0.0437500
5 0.4614583 0.4875000 0.0458333 0.0343750
4 0.5312500 0.2964844 0.0458333 0.0554687
2 0.5901042 0.6519531 0.0468750 0.0460938
1 0.5653646 0.5796875 0.0432292 0.0500000
0 0.4471354 0.6863281 0.0276042 0.0414062
5 0.4677083 0.6707031 0.0541667 0.0367188
3 0.3955729 0.7105469 0.0484375 0.0351562
5 0.5520833 0.6316406 0.0312500 0.0351562
1 0.7765625 0.5894531 0.0510417 0.0554687
1 0.4690104 0.3441406 0.0286458 0.0507812
1 0.6854167 0.3996094 0.0437500 0.0367188
5 0.5635417 0.6714844 0.0552083 0.0414062
2 0.5486979 0.7351562 0.0286458 0.0296875
3 0.5338542 0.6796875 0.0531250 0.0375000
1 0.5937500 0.4179688 0.0312500 0.0609375
1 0.6315104 0.2468750 0.0255208 0.0656250
4 0.3419271 0.2230469 0.0505208 0.0398437
2 0.6132812 0.6402344 0.0473958 0.0320312
1 0.3114583 0.5968750 0.0489583 0.0328125
0 0.7052083 0.8125000 0.0531250 0.0375000
3 0.3109375 0.6562500 0.0468750 0.0390625
5 0.5403646 0.5140625 0.0432292 0.0265625
2 0.5968750 0.4253906 0.0364583 0.0695313
3 0.3619792 0.4433594 0.0447917 0.0523438
1 0.7174479 0.5582031 0.0515625 0.0335937
1 0.6820312 0.7968750 0.0473958 0.0359375
4 0.7562500 0.4398437 0.0239583 0.0468750
0 0.5468750 0.6058594 0.0250000 0.0507812
0 0.5807292 0.6769531 0.0458333 0.0304687
6 0.5986979 0.5566406 0.0432292 0.0429688
11 0.3351562 0.6750000 0.0296875 0.0703125
8 0.5765625 0.7730469 0.0500000 0.0617188
8 0.6927083 0.4460938 0.0458333 0.0578125
9 0.3236979 0.6011719 0.0463542 0.0617188
7 0.4447917 0.3242188 0.0395833 0.0484375
10 0.2479167 0.4703125 0.0406250 0.0546875
