2 0.4502604 0.4335938 0.0651042 0.0765625
3 0.2979167 0.6488281 0.0656250 0.0757812
0 0.5250000 0.2371094 0.0489583 0.0726563
1 0.5140625 0.7136719 0.0333333 0.0492187
4 0.5638021 0.6535156 0.0421875 0.0570312
3 0.5289063 0.8750000 0.0734375 0.0546875
4 0.4442708 0.4402344 0.0458333 0.0695313
2 0.4427083 0.4906250 0.0697917 0.0640625
1 0.6341146 0.3125000 0.0713542 0.0593750
4 0.3861979 0.4183594 0.0328125 0.0429688
3 0.7104167 0.3773437 0.0489583 0.1046875
2 0.7031250 0.6808594 0.0718750 0.0585938
4 0.3669271 0.8300781 0.0682292 0.0617188
3 0.1877604 0.4460938 0.0713542 0.0671875
1 0.4893229 0.1144531 0.0453125 0.1085938
4 0.5226563 0.3097656 0.0557292 0.0601563
1 0.7346354 0.3980469 0.0723958 0.0445313
3 0.5625000 0.5660156 0.0572917 0.0804688
3 0.3171875 0.6601562 0.0437500 0.0562500
3 0.7572917 0.5144531 0.0635417 0.0648438
2 0.4164062 0.6441406 0.0671875 0.0507812
2 0.5984375 0.6523438 0.0291667 0.0671875
11 0.4440104 0.5957031 0.0723958 0.0726563
7 0.5544271 0.5679688 0.0703125 0.0828125
9 0.5908854 0.6191406 0.0442708 0.0664062
9 0.6335937 0.6601562 0.0703125 0.0843750
6 0.6151042 0.4925781 0.0572917 0.1070312
8 0.3213542 0.7187500 0.0729167 0.0718750
6 0.5898438 0.4414062 0.0526042 0.0875000
10 0.6854167 0.7136719 0.0677083 0.0664062
