4 0.4963542 0.3500000 0.0291667 0.0234375
0 0.5289063 0.2570312 0.0255208 0.0234375
5 0.6054688 0.6605469 0.0109375 0.0351562
0 0.4359375 0.4375000 0.0125000 0.0203125
4 0.5684896 0.1343750 0.0151042 0.0390625
1 0.5421875 0.4210937 0.0197917 0.0390625
1 0.5601563 0.4218750 0.0296875 0.0203125
4 0.5111979 0.7902344 0.0119792 0.0460938
0 0.4205729 0.4949219 0.0296875 0.0242188
1 0.4093750 0.6855469 0.0166667 0.0179687
1 0.7101563 0.4753906 0.0286458 0.0210938
3 0.6093750 0.0636719 0.0270833 0.0242188
4 0.5713542 0.2976563 0.0260417 0.0203125
1 0.6484375 0.3167969 0.0260417 0.0226562
0 0.4393229 0.2230469 0.0171875 0.0414062
5 0.5903646 0.2941406 0.0255208 0.0195312
4 0.3856771 0.6605469 0.0265625 0.0226562
4 0.6125000 0.2078125 0.0260417 0.0171875
3 0.7361979 0.5578125 0.0276042 0.0312500
0 0.4567708 0.5957031 0.0239583 0.0210938
0 0.5630208 0.2960937 0.0187500 0.0375000
1 0.7684896 0.6070313 0.0317708 0.0250000
5 0.3744792 0.4453125 0.0125000 0.0187500
0 0.6346354 0.5609375 0.0182292 0.0359375
2 0.3117187 0.3359375 0.0213542 0.0312500
2 0.4476562 0.8074219 0.0140625 0.0367188
5 0.5065104 0.9332031 0.0192708 0.0351562
2 0.5971354 0.1292969 0.0276042 0.0289063
0 0.2718750 0.2902344 0.0302083 0.0195312
4 0.6861979 0.3183594 0.0286458 0.0164063
2 0.3403646 0.4117188 0.0203125 0.0390625
3 0.3914063 0.8273438 0.0151042 0.0406250
1 0.6114583 0.2289063 0.0125000 0.0187500
2 0.4218750 0.2808594 0.0250000 0.0226562
1 0.6739583 0.3109375 0.0270833 0.0203125
1 0.6278646 0.4765625 0.0255208 0.0203125
5 0.5440104 0.5843750 0.0130208 0.0406250
3 0.7075521 0.2324219 0.0286458 0.0195312
1 0.5947917 0.2539062 0.0145833 0.0234375
4 0.2950521 0.8140625 0.0286458 0.0203125
2 0.7346354 0.5894531 0.0286458 0.0210938
0 0.5283854 0.6031250 0.0192708 0.0234375
5 0.2986979 0.4125000 0.0130208 0.0265625
0 0.4981771 0.6363281 0.0130208 0.0351562
2 0.6861979 0.5371094 0.0276042 0.0179687
0 0.4408854 0.7988281 0.0255208 0.0257812
0 0.2700521 0.5390625 0.0286458 0.0265625
3 0.5437500 0.5656250 0.0291667 0.0203125
4 0.6333333 0.7664062 0.0187500 0.0343750
2 0.6281250 0.7246094 0.0208333 0.0289063
8 0.5856771 0.1605469 0.0265625 0.0289063
10 0.2536458 0.3792969 0.0250000 0.0367188
9 0.4598958 0.3656250 0.0260417 0.0281250
10 0.7583333 0.5285156 0.0281250 0.0335937
11 0.3291667 0.7183594 0.0187500 0.0398437
6 0.7583333 0.4527344 0.0239583 0.0273438
9 0.6356771 0.7808594 0.0171875 0.0414062
11 0.3526042 0.4062500 0.0187500 0.0359375
