1 0.3908854 0.6023437 0.0203125 0.0281250
4 0.5395833 0.4890625 0.0156250 0.0359375
5 0.6302083 0.6332031 0.0312500 0.0257812
5 0.4041667 0.5046875 0.0239583 0.0546875
2 0.4388021 0.5187500 0.0348958 0.0328125
3 0.3580729 0.4750000 0.0171875 0.0234375
0 0.5729167 0.2492187 0.0260417 0.0250000
3 0.3958333 0.6937500 0.0270833 0.0468750
1 0.5226563 0.8375000 0.0276042 0.0359375
4 0.6473958 0.6128906 0.0375000 0.0289063
1 0.5835938 0.8359375 0.0317708 0.0281250
2 0.5625000 0.6703125 0.0354167 0.0218750
6 0.4906250 0.4019531 0.0260417 0.0445313
6 0.5523438 0.1906250 0.0307292 0.0453125
7 0.6385417 0.4285156 0.0270833 0.0460938
10 0.2221354 0.4250000 0.0286458 0.0343750
10 0.6408854 0.7066406 0.0234375 0.0476562
6 0.3757813 0.7062500 0.0255208 0.0312500
7 0.6002604 0.6117187 0.0296875 0.0343750
8 0.5697917 0.6425781 0.0302083 0.0289063
11 0.6893229 0.6562500 0.0244792 0.0546875
7 0.7825521 0.7496094 0.0328125 0.0445313
10 0.5315104 0.6152344 0.0317708 0.0398437
7 0.4468750 0.5972656 0.0322917 0.0429688
8 0.4619792 0.6605469 0.0229167 0.0429688
