3 0.4984375 0.3183594 0.0416667 0.0304687
4 0.6065104 0.4656250 0.0182292 0.0593750
0 0.6317708 0.6437500 0.0291667 0.0484375
0 0.3330729 0.0925781 0.0255208 0.0617188
5 0.4721354 0.2640625 0.0276042 0.0578125
4 0.5466146 0.3769531 0.0369792 0.0257812
1 0.6846354 0.7925781 0.0380208 0.0382813
2 0.6554688 0.6082031 0.0401042 0.0257812
3 0.6479167 0.6089844 0.0364583 0.0351562
3 0.2760417 0.3398438 0.0177083 0.0406250
2 0.4575521 0.6062500 0.0213542 0.0500000
0 0.4841146 0.9218750 0.0192708 0.0562500
2 0.6752604 0.4476562 0.0390625 0.0312500
2 0.2518229 0.6902344 0.0265625 0.0507812
2 0.4380208 0.6515625 0.0187500 0.0296875
3 0.5765625 0.7859375 0.0437500 0.0375000
4 0.3721354 0.3527344 0.0234375 0.0648438
0 0.5484375 0.5312500 0.0437500 0.0312500
2 0.3351562 0.5898438 0.0421875 0.0281250
5 0.3419271 0.6128906 0.0223958 0.0460938
1 0.4963542 0.1203125 0.0427083 0.0328125
3 0.6520833 0.4113281 0.0437500 0.0335937
0 0.3872396 0.5324219 0.0182292 0.0476562
0 0.6924479 0.2417969 0.0203125 0.0476562
4 0.2002604 0.6695313 0.0276042 0.0359375
4 0.6617188 0.2304688 0.0265625 0.0296875
5 0.2947917 0.4492188 0.0458333 0.0406250
0 0.4875000 0.2792969 0.0395833 0.0320312
0 0.6752604 0.5109375 0.0213542 0.0296875
2 0.4083333 0.0843750 0.0291667 0.0437500
2 0.6567708 0.8074219 0.0166667 0.0289063
5 0.6106771 0.7320313 0.0380208 0.0265625
1 0.4817708 0.8269531 0.0218750 0.0601563
1 0.6687500 0.6246094 0.0312500 0.0554687
5 0.7893229 0.4863281 0.0421875 0.0367188
1 0.6869792 0.4273438 0.0427083 0.0343750
2 0.5346354 0.7015625 0.0265625 0.0625000
1 0.5174479 0.4750000 0.0171875 0.0437500
3 0.6559896 0.6167969 0.0421875 0.0289063
0 0.4450521 0.7058594 0.0234375 0.0601563
5 0.4398437 0.5964844 0.0244792 0.0398437
1 0.5614583 0.7695312 0.0312500 0.0546875
0 0.5338542 0.8328125 0.0166667 0.0437500
3 0.3895833 0.4000000 0.0229167 0.0609375
4 0.6455729 0.1843750 0.0234375 0.0468750
2 0.4044271 0.9156250 0.0317708 0.0453125
1 0.6705729 0.1800781 0.0401042 0.0289063
3 0.6809896 0.5433594 0.0411458 0.0289063
5 0.3312500 0.8207031 0.0208333 0.0367188
1 0.6190104 0.6785156 0.0401042 0.0273438
0 0.7177083 0.4421875 0.0218750 0.0343750
3 0.5013021 0.5343750 0.0317708 0.0296875
3 0.6872396 0.7902344 0.0276042 0.0304687
0 0.6567708 0.5343750 0.0229167 0.0250000
3 0.6510417 0.4964844 0.0187500 0.0492187
0 0.6416667 0.2964844 0.0416667 0.0273438
3 0.5403646 0.8238281 0.0359375 0.0320312
3 0.4580729 0.2210938 0.0244792 0.0531250
1 0.5354167 0.1679688 0.0281250 0.0468750
2 0.4638021 0.4488281 0.0265625 0.0570312
1 0.4632812 0.2070312 0.0265625 0.0562500
3 0.3028646 0.7460938 0.0296875 0.0546875
1 0.6390625 0.2160156 0.0208333 0.0367188
2 0.5890625 0.1578125 0.0250000 0.0562500
0 0.4033854 0.3289063 0.0338542 0.0328125
4 0.3442708 0.2871094 0.0385417 0.0414062
1 0.7268229 0.5613281 0.0432292 0.0273438
4 0.3992188 0.6101562 0.0390625 0.0281250
1 0.5151042 0.4820313 0.0281250 0.0453125
8 0.7028646 0.1859375 0.0296875 0.0375000
7 0.5286458 0.5375000 0.0364583 0.0593750
10 0.4901042 0.2953125 0.0416667 0.0421875
7 0.5773438 0.4496094 0.0244792 0.0554687
11 0.5083333 0.8867188 0.0385417 0.0515625
