2 0.4385417 0.4281250 0.1468750 0.1296875
1 0.4002604 0.5957031 0.1067708 0.1367188
3 0.4320312 0.4394531 0.0807292 0.1117188
5 0.2929688 0.3160156 0.1317708 0.1289062
3 0.6109375 0.1968750 0.1406250 0.1312500
1 0.4580729 0.7089844 0.1307292 0.1179687
2 0.5468750 0.3250000 0.1031250 0.1031250
5 0.5973958 0.9367188 0.1156250 0.1250000
3 0.6302083 0.6183594 0.1281250 0.1851562
4 0.4054687 0.6687500 0.0880208 0.2015625
2 0.3567708 0.0582031 0.0802083 0.1164063
1 0.5786458 0.3687500 0.1312500 0.1921875
0 0.4325521 0.1722656 0.0869792 0.2492187
2 0.3911458 0.9238281 0.0989583 0.1507813
4 0.3942708 0.3316406 0.1479167 0.1007813
0 0.2934896 0.8761719 0.1640625 0.1304687
4 0.6888021 0.6445312 0.1630208 0.1015625
1 0.4875000 0.6957031 0.0781250 0.2398437
5 0.5906250 0.4761719 0.0677083 0.1460937
3 0.2622396 0.5656250 0.1505208 0.1750000
4 0.6473958 0.5722656 0.0947917 0.1242188
0 0.7315104 0.9082031 0.1401042 0.1242188
2 0.4718750 0.6410156 0.0729167 0.2335937
4 0.5307292 0.2296875 0.1291667 0.1390625
3 0.5333333 0.3332031 0.1343750 0.1789062
3 0.4901042 0.5257812 0.1375000 0.1062500
5 0.3825521 0.3589844 0.1432292 0.1367188
2 0.5046875 0.3632812 0.1375000 0.1109375
2 0.5403646 0.8304687 0.1453125 0.1109375
3 0.3645833 0.5386719 0.1458333 0.0929688
1 0.5169271 0.5304688 0.0859375 0.2015625
2 0.2729167 0.5828125 0.1375000 0.0984375
4 0.4541667 0.3667969 0.0916667 0.2257812
2 0.7882813 0.6871094 0.1380208 0.1539062
1 0.5515625 0.7238281 0.1385417 0.0945312
3 0.6062500 0.7324219 0.1656250 0.1179687
4 0.5361979 0.1460937 0.1286458 0.1281250
1 0.4867187 0.1769531 0.0901042 0.2273438
4 0.4106771 0.1851562 0.0557292 0.2125000
5 0.6864583 0.6074219 0.0750000 0.1835938
1 0.7174479 0.6789063 0.0838542 0.2187500
4 0.7575521 0.4230469 0.1109375 0.1773437
1 0.3187500 0.3910156 0.1125000 0.2023437
2 0.4729167 0.3121094 0.1104167 0.1851562
4 0.6611979 0.7601562 0.1307292 0.1125000
5 0.8411458 0.6722656 0.1260417 0.2210938
4 0.4554687 0.0828125 0.1140625 0.1656250
0 0.6484375 0.7312500 0.0656250 0.2015625
4 0.6739583 0.4562500 0.1583333 0.1265625
1 0.5960937 0.8156250 0.1463542 0.1187500
5 0.5713542 0.8503906 0.1135417 0.1867187
2 0.4083333 0.5500000 0.1197917 0.1312500
5 0.7427083 0.4359375 0.1406250 0.1000000
1 0.6416667 0.2183594 0.1052083 0.1757812
1 0.6088542 0.6425781 0.1395833 0.2085937
2 0.4703125 0.6285156 0.1250000 0.1132812
0 0.7476563 0.7304688 0.1494792 0.0937500
3 0.5585938 0.8640625 0.1380208 0.1281250
3 0.6184896 0.5835938 0.0807292 0.2062500
5 0.3075521 0.3820312 0.1473958 0.1312500
7 0.7132812 0.6406250 0.0901042 0.1921875
7 0.5643229 0.5257812 0.1067708 0.1468750
7 0.7395833 0.3699219 0.1447917 0.1617187
11 0.6263021 0.6679688 0.1442708 0.1421875
11 0.7419271 0.4394531 0.1494792 0.1507813
7 0.3023438 0.3832031 0.1473958 0.1679688
10 0.6283854 0.3972656 0.0880208 0.1867187
7 0.6164063 0.2726562 0.1234375 0.1765625
11 0.2877604 0.4925781 0.1619792 0.1539062
10 0.6125000 0.8441406 0.1583333 0.1539062
11 0.7523437 0.4359375 0.1432292 0.1390625
10 0.5367188 0.7507812 0.1255208 0.1937500
11 0.4263021 0.0578125 0.0848958 0.1156250
11 0.3309896 0.1617187 0.1484375 0.1390625
11 0.5276042 0.4941406 0.0989583 0.2304688
11 0.5460938 0.4945312 0.0880208 0.1328125
11 0.4468750 0.1675781 0.1083333 0.1773437
9 0.6169271 0.7074219 0.1359375 0.2273438
