5 0.4479167 0.8718750 0.0250000 0.0203125
2 0.6033854 0.1726563 0.0244792 0.0187500
1 0.4700521 0.3843750 0.0119792 0.0234375
2 0.7546875 0.3445313 0.0125000 0.0296875
2 0.7364583 0.6082031 0.0250000 0.0242188
4 0.4591146 0.5171875 0.0213542 0.0171875
2 0.3489583 0.5890625 0.0125000 0.0312500
0 0.4153646 0.4207031 0.0255208 0.0164063
3 0.5401042 0.4359375 0.0187500 0.0328125
4 0.5195312 0.1644531 0.0234375 0.0195312
5 0.6026042 0.6621094 0.0250000 0.0179687
4 0.7622396 0.5574219 0.0255208 0.0195312
3 0.3317708 0.4472656 0.0208333 0.0304687
1 0.3890625 0.4578125 0.0260417 0.0187500
5 0.2872396 0.5125000 0.0223958 0.0265625
5 0.5388021 0.6070313 0.0130208 0.0218750
3 0.6299479 0.5414062 0.0234375 0.0265625
5 0.5335937 0.5808594 0.0130208 0.0210938
2 0.5924479 0.7210937 0.0161458 0.0218750
5 0.5716146 0.3617187 0.0140625 0.0250000
2 0.2674479 0.4171875 0.0244792 0.0187500
1 0.6119792 0.6222656 0.0166667 0.0242188
3 0.6536458 0.3437500 0.0187500 0.0281250
3 0.4135417 0.1328125 0.0239583 0.0218750
0 0.5242187 0.7777344 0.0140625 0.0367188
1 0.6091146 0.7074219 0.0151042 0.0304687
1 0.4651042 0.7164063 0.0197917 0.0203125
2 0.6031250 0.4378906 0.0229167 0.0257812
5 0.3093750 0.7203125 0.0145833 0.0296875
5 0.5330729 0.7699219 0.0171875 0.0242188
1 0.5653646 0.3851562 0.0140625 0.0296875
3 0.4783854 0.4839844 0.0182292 0.0179687
1 0.6690104 0.4082031 0.0244792 0.0179687
3 0.4505208 0.7398438 0.0166667 0.0250000
0 0.5187500 0.2000000 0.0114583 0.0218750
3 0.5085937 0.3625000 0.0151042 0.0250000
3 0.5111979 0.1609375 0.0151042 0.0312500
1 0.5828125 0.2781250 0.0260417 0.0171875
3 0.5992188 0.5781250 0.0255208 0.0187500
1 0.7223958 0.3968750 0.0239583 0.0218750
5 0.5601563 0.6503906 0.0161458 0.0195312
2 0.2562500 0.3542969 0.0250000 0.0179687
2 0.5986979 0.1839844 0.0140625 0.0382813
2 0.6937500 0.6152344 0.0114583 0.0367188
3 0.3841146 0.0972656 0.0213542 0.0257812
1 0.5192708 0.3886719 0.0208333 0.0148437
0 0.6570312 0.3507812 0.0265625 0.0265625
5 0.6104167 0.3781250 0.0197917 0.0234375
2 0.2976563 0.3816406 0.0234375 0.0226562
2 0.5236979 0.7140625 0.0171875 0.0343750
0 0.5710937 0.6082031 0.0203125 0.0195312
0 0.6796875 0.2863281 0.0250000 0.0148437
3 0.5083333 0.3921875 0.0135417 0.0328125
4 0.5598958 0.4894531 0.0156250 0.0273438
5 0.6085938 0.3285156 0.0151042 0.0195312
0 0.5096354 0.8371094 0.0140625 0.0335937
1 0.6166667 0.1992188 0.0125000 0.0203125
4 0.3153646 0.4988281 0.0255208 0.0179687
2 0.4434896 0.2582031 0.0151042 0.0335937
1 0.4872396 0.3031250 0.0151042 0.0343750
1 0.2841146 0.7253906 0.0171875 0.0320312
5 0.4390625 0.4964844 0.0145833 0.0226562
1 0.4973958 0.2359375 0.0208333 0.0187500
0 0.7096354 0.3859375 0.0265625 0.0156250
5 0.5942708 0.4535156 0.0250000 0.0273438
0 0.4403646 0.7843750 0.0213542 0.0250000
2 0.6263021 0.6941406 0.0151042 0.0304687
0 0.5346354 0.3167969 0.0119792 0.0226562
0 0.4822917 0.5636719 0.0229167 0.0148437
1 0.3812500 0.6367188 0.0208333 0.0218750
1 0.5231771 0.2128906 0.0213542 0.0195312
5 0.2997396 0.3167969 0.0286458 0.0210938
5 0.5312500 0.5808594 0.0208333 0.0273438
2 0.7351562 0.5062500 0.0234375 0.0187500
1 0.5940104 0.6671875 0.0234375 0.0250000
0 0.5239583 0.6640625 0.0125000 0.0375000
10 0.3049479 0.5566406 0.0213542 0.0210938
6 0.6950521 0.5886719 0.0213542 0.0289063
