3 0.5385417 0.3714844 0.0541667 0.0398437
1 0.3916667 0.8328125 0.0270833 0.0421875
10 0.5257812 0.6761719 0.0536458 0.0851563
9 0.3609375 0.8796875 0.0541667 0.0531250
8 0.5632812 0.2140625 0.0526042 0.0609375
6 0.5148438 0.7039062 0.0484375 0.0640625
11 0.3424479 0.4066406 0.0369792 0.0648438
7 0.2901042 0.6054688 0.0364583 0.0718750
9 0.2838542 0.2187500 0.0354167 0.0812500
10 0.4627604 0.2902344 0.0369792 0.0835937
10 0.5471354 0.5152344 0.0463542 0.0679687
10 0.5187500 0.2152344 0.0416667 0.0851563
6 0.7429687 0.3906250 0.0546875 0.0625000
9 0.5067708 0.5117188 0.0343750 0.0515625
9 0.6437500 0.6300781 0.0479167 0.0476562
