5 0.6161458 0.6171875 0.0260417 0.0421875
5 0.4773438 0.5757813 0.0244792 0.0343750
2 0.6440104 0.6765625 0.0317708 0.0296875
1 0.4395833 0.8609375 0.0166667 0.0390625
0 0.5684896 0.5566406 0.0286458 0.0335937
5 0.5080729 0.8773437 0.0265625 0.0343750
4 0.6950521 0.6175781 0.0192708 0.0257812
1 0.5059896 0.4425781 0.0171875 0.0476562
3 0.4546875 0.4929688 0.0312500 0.0234375
5 0.3989583 0.2375000 0.0208333 0.0437500
0 0.5763021 0.0925781 0.0151042 0.0414062
0 0.5005208 0.7148438 0.0156250 0.0453125
3 0.4200521 0.2953125 0.0182292 0.0250000
8 0.5328125 0.4808594 0.0312500 0.0367188
6 0.4513021 0.4292969 0.0255208 0.0320312
7 0.4190104 0.8066406 0.0255208 0.0289063
7 0.5531250 0.1593750 0.0187500 0.0296875
6 0.6765625 0.5593750 0.0291667 0.0281250
6 0.2947917 0.3761719 0.0187500 0.0429688
7 0.6598958 0.5582031 0.0312500 0.0304687
9 0.6013021 0.5507812 0.0286458 0.0281250
6 0.5377604 0.2441406 0.0317708 0.0304687
11 0.4700521 0.3769531 0.0286458 0.0382813
9 0.5421875 0.1656250 0.0291667 0.0437500
10 0.7117187 0.5527344 0.0255208 0.0289063
8 0.3427083 0.5144531 0.0281250 0.0351562
10 0.6437500 0.3949219 0.0291667 0.0289063
11 0.2757812 0.5718750 0.0307292 0.0296875
6 0.6669271 0.5710937 0.0203125 0.0421875
7 0.5328125 0.6117187 0.0260417 0.0359375
