5 0.3893229 0.4832031 0.0442708 0.0289063
3 0.3437500 0.0167969 0.0229167 0.0335937
5 0.6294271 0.2671875 0.0380208 0.0296875
5 0.7098958 0.3167969 0.0281250 0.0382813
3 0.5085937 0.5136719 0.0359375 0.0445313
1 0.3408854 0.6445312 0.0348958 0.0421875
2 0.4885417 0.1687500 0.0385417 0.0218750
5 0.6822917 0.4746094 0.0260417 0.0398437
0 0.7203125 0.2429688 0.0416667 0.0218750
1 0.5002604 0.4359375 0.0213542 0.0531250
1 0.5544271 0.2628906 0.0421875 0.0351562
5 0.4729167 0.3332031 0.0239583 0.0585938
2 0.5947917 0.5960937 0.0406250 0.0312500
3 0.5552083 0.6828125 0.0229167 0.0234375
2 0.4778646 0.6269531 0.0380208 0.0242188
1 0.3960938 0.4519531 0.0369792 0.0273438
4 0.2427083 0.7191406 0.0166667 0.0570312
5 0.7671875 0.5832031 0.0385417 0.0335937
2 0.4213542 0.2218750 0.0343750 0.0390625
1 0.5348958 0.5789062 0.0416667 0.0390625
3 0.3757813 0.3140625 0.0421875 0.0328125
3 0.7476563 0.8046875 0.0390625 0.0359375
4 0.4992187 0.7808594 0.0223958 0.0632812
2 0.6552083 0.9128906 0.0385417 0.0335937
4 0.6106771 0.4984375 0.0213542 0.0359375
4 0.4718750 0.5382813 0.0281250 0.0296875
5 0.4518229 0.3718750 0.0411458 0.0359375
0 0.8320312 0.6316406 0.0348958 0.0351562
0 0.5372396 0.5742188 0.0223958 0.0328125
4 0.6190104 0.8367187 0.0223958 0.0281250
2 0.5075521 0.7890625 0.0182292 0.0562500
2 0.4955729 0.4785156 0.0307292 0.0367188
1 0.3445313 0.6421875 0.0244792 0.0453125
2 0.4356771 0.5421875 0.0234375 0.0437500
3 0.5755208 0.5785156 0.0229167 0.0617188
2 0.5640625 0.5820312 0.0406250 0.0453125
2 0.6932292 0.7156250 0.0395833 0.0281250
2 0.3010417 0.4523437 0.0250000 0.0453125
4 0.4330729 0.4179688 0.0203125 0.0281250
3 0.5799479 0.3257813 0.0276042 0.0296875
1 0.7562500 0.3132813 0.0385417 0.0328125
0 0.3656250 0.4757812 0.0395833 0.0265625
0 0.4802083 0.2476562 0.0302083 0.0296875
1 0.3786458 0.6789063 0.0395833 0.0281250
3 0.5848958 0.4863281 0.0395833 0.0257812
5 0.6520833 0.4125000 0.0291667 0.0343750
0 0.6033854 0.6789063 0.0307292 0.0500000
3 0.5057292 0.4734375 0.0250000 0.0421875
0 0.5674479 0.7839844 0.0348958 0.0414062
0 0.3434896 0.3175781 0.0265625 0.0414062
4 0.4583333 0.6375000 0.0260417 0.0500000
1 0.6885417 0.2933594 0.0375000 0.0226562
2 0.5476562 0.1410156 0.0380208 0.0414062
5 0.4526042 0.5566406 0.0260417 0.0273438
5 0.6742187 0.5941406 0.0369792 0.0257812
0 0.4643229 0.5601563 0.0359375 0.0375000
1 0.4963542 0.1750000 0.0364583 0.0390625
5 0.3783854 0.5792969 0.0296875 0.0335937
0 0.4091146 0.2703125 0.0359375 0.0203125
1 0.4250000 0.6957031 0.0281250 0.0539063
3 0.4958333 0.7941406 0.0229167 0.0554687
2 0.4320312 0.3250000 0.0234375 0.0328125
2 0.4966146 0.3570313 0.0213542 0.0296875
4 0.6817708 0.5449219 0.0312500 0.0429688
3 0.7213542 0.5074219 0.0197917 0.0648438
0 0.6875000 0.5097656 0.0385417 0.0289063
4 0.7562500 0.4546875 0.0260417 0.0531250
5 0.6966146 0.5738281 0.0390625 0.0257812
8 0.6174479 0.2933594 0.0369792 0.0585938
10 0.5432292 0.1371094 0.0229167 0.0429688
10 0.3776042 0.6652344 0.0375000 0.0367188
