4 0.4463542 0.5687500 0.0770833 0.1125000
2 0.6994792 0.2546875 0.0697917 0.2015625
4 0.6210938 0.6230469 0.0661458 0.1257813
2 0.3250000 0.1328125 0.0760417 0.1812500
4 0.6005208 0.3878906 0.1072917 0.1460937
0 0.5450521 0.7007813 0.0682292 0.1531250
4 0.7880208 0.5722656 0.1072917 0.1289062
4 0.4148438 0.6367188 0.0723958 0.1843750
4 0.4580729 0.9527344 0.0578125 0.0929688
4 0.6445312 0.3804688 0.0942708 0.1250000
1 0.3921875 0.7648438 0.1156250 0.0921875
4 0.5361979 0.1523438 0.0734375 0.1328125
0 0.2908854 0.7441406 0.1171875 0.0789062
2 0.5135417 0.5445313 0.1031250 0.1046875
5 0.5695313 0.4578125 0.0609375 0.0968750
4 0.5981771 0.1847656 0.0536458 0.1695312
2 0.4833333 0.6417969 0.0677083 0.1492188
3 0.5057292 0.0796875 0.0875000 0.1515625
5 0.4903646 0.2855469 0.0755208 0.1757812
1 0.6341146 0.4531250 0.1296875 0.0828125
2 0.6401042 0.3472656 0.0958333 0.1554687
5 0.5710937 0.6890625 0.0953125 0.0796875
1 0.5648437 0.4285156 0.0973958 0.0757812
0 0.5822917 0.4527344 0.0552083 0.1195313
5 0.5929688 0.3562500 0.1171875 0.0984375
3 0.2953125 0.7636719 0.1166667 0.0867187
3 0.4572917 0.5050781 0.1291667 0.1054688
0 0.5611979 0.5277344 0.1171875 0.0757812
2 0.6596354 0.1687500 0.1171875 0.0765625
3 0.7005208 0.3699219 0.0812500 0.1085938
5 0.6473958 0.6828125 0.0604167 0.1781250
5 0.6075521 0.1218750 0.1046875 0.1484375
3 0.5369792 0.8722656 0.0729167 0.1632812
5 0.4744792 0.2539062 0.0583333 0.1968750
4 0.4601562 0.4671875 0.1036458 0.0953125
2 0.3364583 0.2503906 0.0739583 0.0757812
0 0.7138021 0.4394531 0.0505208 0.0835937
2 0.5791667 0.8371094 0.1197917 0.0789062
4 0.7989583 0.2167969 0.0531250 0.0960938
2 0.6182292 0.0218750 0.0906250 0.0437500
6 0.6177083 0.0972656 0.0729167 0.1570313
11 0.5953125 0.2281250 0.1010417 0.1546875
9 0.7052083 0.4640625 0.1250000 0.1406250
10 0.5346354 0.5949219 0.0984375 0.1007813
7 0.8161458 0.5105469 0.0968750 0.1679688
9 0.6190104 0.9109375 0.1265625 0.1578125
6 0.4385417 0.9628906 0.0729167 0.0726563
6 0.6799479 0.4222656 0.0921875 0.1507813
11 0.4343750 0.7515625 0.1177083 0.1140625
11 0.5697917 0.6847656 0.0687500 0.1023437
6 0.6361979 0.9375000 0.0692708 0.1234375
7 0.4018229 0.8226562 0.1140625 0.1156250
11 0.2346354 0.4742188 0.1109375 0.1125000
