5 0.4536458 0.7777344 0.0187500 0.0320312
0 0.3354167 0.2105469 0.0145833 0.0242188
5 0.4190104 0.7082031 0.0276042 0.0210938
5 0.3718750 0.4105469 0.0177083 0.0367188
2 0.4447917 0.2683594 0.0291667 0.0226562
2 0.5575521 0.2796875 0.0255208 0.0187500
4 0.4403646 0.5644531 0.0140625 0.0382813
5 0.4434896 0.7515625 0.0161458 0.0171875
0 0.6088542 0.5441406 0.0281250 0.0210938
5 0.3515625 0.3449219 0.0187500 0.0273438
4 0.3973958 0.7136719 0.0156250 0.0398437
3 0.5937500 0.1777344 0.0208333 0.0164063
0 0.5968750 0.4503906 0.0250000 0.0195312
2 0.5229167 0.4964844 0.0208333 0.0289063
1 0.3973958 0.4945312 0.0156250 0.0234375
2 0.5101562 0.3980469 0.0286458 0.0226562
0 0.4307292 0.4609375 0.0135417 0.0390625
0 0.3955729 0.2593750 0.0255208 0.0171875
3 0.2763021 0.4964844 0.0161458 0.0320312
0 0.5585938 0.4890625 0.0286458 0.0218750
4 0.4679687 0.7839844 0.0192708 0.0164063
1 0.3796875 0.0085938 0.0208333 0.0171875
3 0.7114583 0.5070313 0.0187500 0.0359375
4 0.5184896 0.8863281 0.0234375 0.0320312
1 0.5708333 0.6953125 0.0250000 0.0140625
4 0.6984375 0.4898438 0.0239583 0.0156250
4 0.6729167 0.2558594 0.0156250 0.0414062
2 0.6221354 0.5035156 0.0255208 0.0257812
3 0.6190104 0.8687500 0.0234375 0.0171875
5 0.5703125 0.9328125 0.0218750 0.0281250
2 0.4986979 0.4800781 0.0286458 0.0242188
2 0.3333333 0.6917969 0.0187500 0.0367188
1 0.3960938 0.3402344 0.0140625 0.0398437
3 0.6562500 0.4359375 0.0125000 0.0187500
2 0.6979167 0.7660156 0.0250000 0.0242188
0 0.5190104 0.6992188 0.0296875 0.0187500
3 0.5494792 0.2492187 0.0166667 0.0234375
10 0.5958333 0.3933594 0.0250000 0.0242188
9 0.5023437 0.2980469 0.0244792 0.0257812
10 0.5609375 0.6300781 0.0229167 0.0289063
11 0.4101562 0.4257812 0.0171875 0.0234375
8 0.3057292 0.1773437 0.0250000 0.0250000
9 0.7726563 0.2839844 0.0192708 0.0320312
9 0.5552083 0.8683594 0.0187500 0.0382813
8 0.6848958 0.8085938 0.0166667 0.0312500
6 0.3497396 0.1824219 0.0234375 0.0242188
8 0.3734375 0.5640625 0.0250000 0.0312500
6 0.4166667 0.6113281 0.0239583 0.0382813
