3 0.5020833 0.4101562 0.0260417 0.0421875
5 0.5364583 0.8050781 0.0250000 0.0289063
1 0.4817708 0.5871094 0.0322917 0.0320312
2 0.4799479 0.4777344 0.0328125 0.0273438
0 0.3627604 0.1472656 0.0348958 0.0304687
0 0.3335938 0.4222656 0.0359375 0.0226562
3 0.4697917 0.6660156 0.0197917 0.0257812
2 0.4125000 0.4035156 0.0312500 0.0210938
3 0.4382813 0.4363281 0.0213542 0.0242188
2 0.3760417 0.3914063 0.0312500 0.0343750
1 0.6398438 0.5734375 0.0328125 0.0234375
4 0.5635417 0.5226563 0.0354167 0.0234375
4 0.7031250 0.5515625 0.0229167 0.0359375
0 0.7096354 0.8656250 0.0328125 0.0234375
3 0.5747396 0.6222656 0.0328125 0.0273438
0 0.5085937 0.6851563 0.0223958 0.0453125
0 0.6046875 0.2820313 0.0343750 0.0234375
4 0.3520833 0.5429688 0.0333333 0.0203125
2 0.6145833 0.7046875 0.0135417 0.0265625
3 0.5463542 0.8171875 0.0281250 0.0343750
4 0.4111979 0.6683594 0.0234375 0.0429688
0 0.6598958 0.4480469 0.0260417 0.0320312
1 0.4541667 0.4914062 0.0250000 0.0265625
5 0.4260417 0.7085938 0.0250000 0.0375000
2 0.6161458 0.0140625 0.0239583 0.0281250
2 0.5273438 0.3136719 0.0182292 0.0226562
2 0.3989583 0.3964844 0.0333333 0.0242188
3 0.3513021 0.2507813 0.0328125 0.0296875
4 0.5062500 0.5109375 0.0145833 0.0484375
5 0.5765625 0.4207031 0.0333333 0.0242188
2 0.5382813 0.6472656 0.0307292 0.0289063
0 0.6187500 0.7191406 0.0177083 0.0367188
5 0.5854167 0.1558594 0.0187500 0.0460938
0 0.7033854 0.3679688 0.0182292 0.0296875
2 0.4611979 0.1949219 0.0265625 0.0257812
4 0.5117188 0.5542969 0.0265625 0.0179687
0 0.4039063 0.6003906 0.0213542 0.0492187
4 0.3109375 0.4824219 0.0197917 0.0351562
2 0.5395833 0.4273438 0.0322917 0.0328125
1 0.4611979 0.5304688 0.0161458 0.0218750
2 0.7182292 0.4855469 0.0208333 0.0304687
4 0.5250000 0.4226563 0.0343750 0.0250000
2 0.6705729 0.2890625 0.0338542 0.0234375
11 0.5773438 0.6300781 0.0307292 0.0335937
11 0.5166667 0.7285156 0.0208333 0.0492187
8 0.5622396 0.4734375 0.0317708 0.0453125
8 0.4843750 0.4109375 0.0333333 0.0437500
8 0.6789063 0.5699219 0.0307292 0.0304687
11 0.4330729 0.8339844 0.0255208 0.0460938
6 0.4770833 0.7582031 0.0218750 0.0460938
6 0.6445312 0.4597656 0.0192708 0.0289063
8 0.5648437 0.8007812 0.0317708 0.0359375
6 0.5940104 0.4843750 0.0296875 0.0296875
10 0.4015625 0.4300781 0.0197917 0.0304687
6 0.2966146 0.5726562 0.0255208 0.0390625
10 0.4585938 0.2710938 0.0317708 0.0312500
11 0.6867188 0.3527344 0.0328125 0.0367188
6 0.6468750 0.5707031 0.0302083 0.0289063
8 0.6630208 0.5417969 0.0229167 0.0476562
