5 0.4992187 0.8605469 0.0244792 0.0320312
4 0.5164062 0.8015625 0.0234375 0.0250000
1 0.2445313 0.6265625 0.0296875 0.0171875
2 0.3283854 0.5480469 0.0286458 0.0179687
2 0.6231771 0.7363281 0.0234375 0.0226562
2 0.2927083 0.5894531 0.0135417 0.0304687
1 0.5708333 0.6210938 0.0125000 0.0390625
3 0.5494792 0.7011719 0.0166667 0.0289063
2 0.3932292 0.2683594 0.0281250 0.0195312
1 0.3906250 0.2476562 0.0239583 0.0234375
3 0.5098958 0.7089844 0.0270833 0.0179687
5 0.6070313 0.4367187 0.0265625 0.0187500
4 0.5859375 0.3058594 0.0218750 0.0226562
0 0.2583333 0.7902344 0.0145833 0.0398437
2 0.4716146 0.5863281 0.0161458 0.0320312
0 0.6440104 0.1902344 0.0213542 0.0257812
2 0.5307292 0.4238281 0.0187500 0.0179687
0 0.4919271 0.1335938 0.0140625 0.0375000
2 0.7908854 0.5585938 0.0244792 0.0343750
2 0.5299479 0.6425781 0.0234375 0.0367188
1 0.4479167 0.3375000 0.0177083 0.0421875
10 0.6234375 0.4117188 0.0156250 0.0359375
8 0.3841146 0.6046875 0.0161458 0.0312500
9 0.5169271 0.3789062 0.0223958 0.0343750
