4 0.3572917 0.6125000 0.0322917 0.0218750
5 0.4976563 0.7890625 0.0265625 0.0328125
2 0.4187500 0.4511719 0.0135417 0.0382813
2 0.4682292 0.4105469 0.0229167 0.0273438
5 0.5395833 0.5710937 0.0260417 0.0406250
5 0.3835938 0.3625000 0.0213542 0.0437500
1 0.5859375 0.2382812 0.0260417 0.0296875
0 0.5083333 0.6078125 0.0291667 0.0171875
1 0.3908854 0.6480469 0.0265625 0.0257812
1 0.5651042 0.4539063 0.0197917 0.0359375
2 0.5505208 0.7343750 0.0281250 0.0328125
1 0.4401042 0.4933594 0.0208333 0.0351562
2 0.3716146 0.4796875 0.0338542 0.0250000
0 0.5565104 0.1824219 0.0192708 0.0460938
4 0.3669271 0.4980469 0.0140625 0.0226562
1 0.6888021 0.5863281 0.0119792 0.0351562
5 0.3414063 0.6285156 0.0338542 0.0242188
1 0.4453125 0.4175781 0.0145833 0.0226562
4 0.6052083 0.6230469 0.0156250 0.0242188
4 0.7723958 0.4003906 0.0197917 0.0320312
5 0.6820312 0.6808594 0.0296875 0.0242188
3 0.6054688 0.7375000 0.0338542 0.0234375
5 0.4536458 0.1246094 0.0197917 0.0476562
3 0.5856771 0.2839844 0.0286458 0.0304687
3 0.5351562 0.2253906 0.0286458 0.0257812
4 0.4601562 0.7175781 0.0213542 0.0398437
4 0.6270833 0.5796875 0.0312500 0.0312500
0 0.6143229 0.7941406 0.0265625 0.0304687
0 0.4125000 0.2332031 0.0229167 0.0476562
5 0.3429687 0.4550781 0.0182292 0.0382813
1 0.5117188 0.1941406 0.0286458 0.0257812
5 0.6703125 0.6742187 0.0208333 0.0343750
5 0.4072917 0.7226562 0.0281250 0.0281250
4 0.4627604 0.6230469 0.0151042 0.0460938
0 0.7002604 0.3910156 0.0234375 0.0382813
2 0.4320312 0.1371094 0.0244792 0.0257812
3 0.6651042 0.8015625 0.0343750 0.0218750
4 0.4744792 0.5109375 0.0281250 0.0281250
3 0.4609375 0.4062500 0.0166667 0.0265625
2 0.7190104 0.2683594 0.0328125 0.0289063
2 0.7346354 0.3234375 0.0276042 0.0281250
4 0.3916667 0.4777344 0.0177083 0.0523438
3 0.5471354 0.5339844 0.0276042 0.0335937
3 0.4528646 0.5070313 0.0286458 0.0250000
0 0.7231771 0.4566406 0.0276042 0.0351562
7 0.3526042 0.7335938 0.0312500 0.0296875
10 0.3190104 0.2855469 0.0234375 0.0382813
11 0.4346354 0.8687500 0.0317708 0.0312500
9 0.6078125 0.3191406 0.0291667 0.0382813
7 0.6328125 0.7015625 0.0239583 0.0468750
6 0.4953125 0.3824219 0.0177083 0.0429688
7 0.5658854 0.2519531 0.0317708 0.0304687
