1 0.4679687 0.7832031 0.0223958 0.0554687
4 0.3250000 0.5406250 0.0145833 0.0500000
2 0.5627604 0.3203125 0.0390625 0.0312500
0 0.4812500 0.2714844 0.0302083 0.0304687
1 0.5903646 0.4957031 0.0182292 0.0398437
2 0.4966146 0.5234375 0.0276042 0.0343750
3 0.4395833 0.3429687 0.0239583 0.0437500
1 0.6747396 0.3515625 0.0338542 0.0312500
4 0.7091146 0.3003906 0.0348958 0.0273438
5 0.5414062 0.7847656 0.0338542 0.0335937
1 0.4200521 0.8593750 0.0223958 0.0468750
2 0.5442708 0.9835938 0.0291667 0.0312500
4 0.3192708 0.4003906 0.0322917 0.0257812
2 0.5070313 0.4867187 0.0203125 0.0312500
3 0.6039062 0.5957031 0.0338542 0.0289063
1 0.6843750 0.4863281 0.0187500 0.0523438
5 0.4447917 0.1781250 0.0187500 0.0234375
2 0.5062500 0.6890625 0.0239583 0.0250000
7 0.5192708 0.3917969 0.0343750 0.0335937
11 0.5296875 0.3019531 0.0218750 0.0507812
7 0.5583333 0.6492187 0.0208333 0.0484375
9 0.4278646 0.7875000 0.0276042 0.0390625
10 0.4127604 0.3769531 0.0307292 0.0320312
