5 0.7119792 0.2648437 0.0458333 0.0312500
4 0.5492187 0.2066406 0.0432292 0.0273438
0 0.3343750 0.7585937 0.0333333 0.0593750
2 0.6812500 0.2890625 0.0489583 0.0281250
5 0.2976563 0.2714844 0.0421875 0.0445313
0 0.6651042 0.7781250 0.0437500 0.0281250
0 0.5213542 0.4847656 0.0447917 0.0320312
3 0.5427083 0.6132812 0.0458333 0.0281250
4 0.6976562 0.5746094 0.0390625 0.0367188
1 0.6153646 0.6187500 0.0401042 0.0390625
8 0.4960938 0.6320313 0.0265625 0.0421875
9 0.6942708 0.4472656 0.0416667 0.0617188
7 0.5809896 0.4835937 0.0390625 0.0421875
6 0.3367188 0.6503906 0.0359375 0.0585938
7 0.4619792 0.5906250 0.0416667 0.0640625
10 0.6768229 0.7128906 0.0307292 0.0664062
6 0.4489583 0.4992187 0.0447917 0.0625000
8 0.3265625 0.6550781 0.0427083 0.0429688
8 0.5955729 0.5695313 0.0484375 0.0531250
11 0.3869792 0.5035156 0.0468750 0.0460938
11 0.4979167 0.6023437 0.0395833 0.0562500
