4 0.3914063 0.5476562 0.0317708 0.0312500
0 0.3861979 0.7218750 0.0265625 0.0390625
2 0.6846354 0.5148438 0.0213542 0.0453125
3 0.4111979 0.3875000 0.0359375 0.0250000
0 0.6406250 0.4496094 0.0354167 0.0257812
2 0.4781250 0.6320313 0.0166667 0.0468750
5 0.5921875 0.4089844 0.0291667 0.0304687
3 0.4101562 0.3011719 0.0307292 0.0335937
5 0.3320312 0.8648438 0.0348958 0.0265625
1 0.7054687 0.3257813 0.0234375 0.0250000
5 0.5851563 0.2144531 0.0171875 0.0507812
2 0.5294271 0.3363281 0.0338542 0.0289063
3 0.4401042 0.6453125 0.0229167 0.0375000
3 0.5942708 0.3347656 0.0197917 0.0320312
2 0.5653646 0.8976563 0.0296875 0.0406250
0 0.4065104 0.3277344 0.0328125 0.0226562
5 0.6330729 0.4640625 0.0213542 0.0218750
4 0.7031250 0.3753906 0.0343750 0.0242188
5 0.3979167 0.5925781 0.0197917 0.0289063
3 0.3250000 0.6007813 0.0260417 0.0359375
1 0.6369792 0.3246094 0.0177083 0.0476562
0 0.6966146 0.3042969 0.0276042 0.0367188
3 0.7184896 0.6726562 0.0171875 0.0515625
3 0.4476562 0.6253906 0.0244792 0.0414062
1 0.5638021 0.6082031 0.0171875 0.0351562
5 0.3851562 0.5273438 0.0213542 0.0468750
4 0.6403646 0.1039063 0.0348958 0.0281250
5 0.2114583 0.5406250 0.0156250 0.0250000
1 0.3989583 0.5812500 0.0354167 0.0203125
3 0.5828125 0.5285156 0.0343750 0.0257812
4 0.3820312 0.3234375 0.0286458 0.0281250
5 0.7182292 0.6398438 0.0291667 0.0203125
5 0.7174479 0.6078125 0.0286458 0.0453125
0 0.6638021 0.4105469 0.0338542 0.0242188
0 0.5557292 0.7285156 0.0343750 0.0320312
2 0.5669271 0.8195313 0.0223958 0.0296875
0 0.4799479 0.3957031 0.0369792 0.0273438
3 0.7140625 0.3214844 0.0333333 0.0351562
0 0.3653646 0.6984375 0.0348958 0.0265625
5 0.3494792 0.6984375 0.0302083 0.0281250
0 0.4752604 0.8867188 0.0369792 0.0234375
5 0.5955729 0.5882812 0.0151042 0.0500000
3 0.7000000 0.6320313 0.0302083 0.0281250
3 0.3903646 0.7972656 0.0203125 0.0320312
0 0.7317708 0.3292969 0.0166667 0.0257812
5 0.4507813 0.2210938 0.0286458 0.0203125
5 0.5283854 0.6062500 0.0338542 0.0265625
4 0.6690104 0.3042969 0.0161458 0.0507812
5 0.5002604 0.6597656 0.0213542 0.0570312
2 0.4656250 0.1585938 0.0197917 0.0390625
3 0.3471354 0.6066406 0.0140625 0.0414062
0 0.5843750 0.1898438 0.0322917 0.0296875
1 0.5544271 0.6761719 0.0213542 0.0273438
3 0.3622396 0.4789062 0.0203125 0.0296875
1 0.6559896 0.3445313 0.0338542 0.0312500
5 0.6059896 0.7246094 0.0151042 0.0507812
5 0.6872396 0.4113281 0.0317708 0.0242188
4 0.6403646 0.7757812 0.0338542 0.0296875
4 0.6335937 0.5742188 0.0296875 0.0250000
3 0.4203125 0.6238281 0.0135417 0.0273438
5 0.7244792 0.8441406 0.0364583 0.0289063
5 0.4502604 0.7539062 0.0276042 0.0390625
0 0.7302083 0.7925781 0.0250000 0.0335937
1 0.4020833 0.2605469 0.0354167 0.0257812
4 0.7721354 0.7332031 0.0286458 0.0242188
0 0.2546875 0.4785156 0.0364583 0.0304687
4 0.7096354 0.6105469 0.0317708 0.0195312
3 0.5859375 0.5257812 0.0312500 0.0328125
4 0.6817708 0.4910156 0.0166667 0.0460938
9 0.6919271 0.6441406 0.0328125 0.0320312
10 0.7401042 0.5492187 0.0333333 0.0437500
11 0.3841146 0.2566406 0.0223958 0.0492187
11 0.5976562 0.6640625 0.0286458 0.0281250
10 0.4697917 0.2343750 0.0260417 0.0437500
8 0.6208333 0.6988281 0.0250000 0.0460938
7 0.7130208 0.3613281 0.0281250 0.0335937
11 0.7554688 0.2343750 0.0244792 0.0312500
8 0.2937500 0.5578125 0.0333333 0.0343750
7 0.6919271 0.2484375 0.0296875 0.0328125
11 0.4721354 0.2148438 0.0338542 0.0328125
8 0.5734375 0.5000000 0.0333333 0.0375000
6 0.3346354 0.2746094 0.0203125 0.0476562
