4 0.7640625 0.2589844 0.0385417 0.0304687
1 0.5075521 0.5566406 0.0286458 0.0351562
4 0.5911458 0.6039062 0.0281250 0.0406250
5 0.5984375 0.3273437 0.0322917 0.0359375
5 0.3973958 0.5925781 0.0500000 0.0398437
0 0.6437500 0.1968750 0.0312500 0.0265625
4 0.4958333 0.3914063 0.0177083 0.0375000
5 0.5859375 0.7984375 0.0260417 0.0453125
4 0.2192708 0.5585938 0.0489583 0.0359375
0 0.4088542 0.1519531 0.0239583 0.0460938
3 0.6640625 0.8304687 0.0427083 0.0296875
3 0.6041667 0.2726562 0.0427083 0.0312500
0 0.5223958 0.7621094 0.0270833 0.0554687
0 0.5703125 0.3972656 0.0208333 0.0273438
3 0.3492188 0.6148438 0.0276042 0.0343750
0 0.5796875 0.4074219 0.0250000 0.0695313
5 0.5731771 0.7410156 0.0296875 0.0304687
4 0.4885417 0.1406250 0.0250000 0.0359375
1 0.4203125 0.7312500 0.0250000 0.0562500
0 0.6304688 0.4605469 0.0390625 0.0367188
1 0.7385417 0.3796875 0.0416667 0.0359375
4 0.7565104 0.8089844 0.0432292 0.0320312
5 0.3117187 0.8074219 0.0234375 0.0570312
0 0.4882812 0.4773438 0.0234375 0.0328125
1 0.7096354 0.3371094 0.0380208 0.0429688
2 0.6825521 0.3871094 0.0265625 0.0570312
3 0.5216146 0.2691406 0.0255208 0.0351562
4 0.6184896 0.3250000 0.0203125 0.0578125
1 0.7010417 0.5363281 0.0343750 0.0539063
1 0.6625000 0.8167969 0.0416667 0.0429688
1 0.3200521 0.5140625 0.0265625 0.0375000
0 0.4062500 0.2554688 0.0375000 0.0546875
1 0.5380208 0.6074219 0.0218750 0.0460938
5 0.4473958 0.6875000 0.0447917 0.0281250
5 0.3179688 0.1941406 0.0473958 0.0414062
1 0.4682292 0.7132812 0.0239583 0.0593750
1 0.3182292 0.5382813 0.0479167 0.0328125
4 0.3940104 0.0664062 0.0296875 0.0484375
4 0.6106771 0.6679688 0.0244792 0.0734375
1 0.5606771 0.2707031 0.0401042 0.0304687
2 0.5867187 0.5375000 0.0442708 0.0468750
0 0.6322917 0.9460937 0.0239583 0.0515625
4 0.6171875 0.5367188 0.0468750 0.0312500
1 0.4023438 0.3320312 0.0390625 0.0390625
2 0.2341146 0.5601563 0.0296875 0.0640625
2 0.6763021 0.6378906 0.0296875 0.0320312
5 0.5778646 0.3378906 0.0328125 0.0414062
5 0.4903646 0.4699219 0.0348958 0.0304687
1 0.2302083 0.3398438 0.0281250 0.0343750
2 0.7041667 0.4136719 0.0333333 0.0554687
3 0.5945312 0.1816406 0.0473958 0.0460938
1 0.6838542 0.5257812 0.0500000 0.0343750
2 0.3002604 0.3585937 0.0411458 0.0375000
4 0.4036458 0.8042969 0.0395833 0.0320312
0 0.4109375 0.5539063 0.0218750 0.0578125
10 0.7127604 0.5652344 0.0432292 0.0429688
9 0.5466146 0.5441406 0.0307292 0.0476562
8 0.5106771 0.1496094 0.0432292 0.0617188
9 0.4947917 0.5113281 0.0291667 0.0664062
10 0.5007812 0.2929688 0.0369792 0.0421875
10 0.4671875 0.8007812 0.0406250 0.0500000
7 0.7929688 0.5656250 0.0390625 0.0453125
9 0.3611979 0.1460937 0.0411458 0.0531250
7 0.3153646 0.6800781 0.0276042 0.0664062
11 0.5690104 0.3750000 0.0421875 0.0421875
7 0.7424479 0.6683594 0.0380208 0.0539063
6 0.7148438 0.6523438 0.0411458 0.0609375
7 0.6403646 0.5433594 0.0296875 0.0554687
11 0.6648437 0.5890625 0.0421875 0.0453125
11 0.6718750 0.4816406 0.0302083 0.0539063
11 0.5963542 0.4273438 0.0416667 0.0640625
