0 0.6268229 0.7210937 0.0265625 0.0203125
2 0.5505208 0.3250000 0.0166667 0.0328125
0 0.6666667 0.5660156 0.0208333 0.0195312
4 0.5385417 0.4472656 0.0239583 0.0179687
1 0.6763021 0.5351562 0.0234375 0.0171875
0 0.4658854 0.6718750 0.0234375 0.0156250
2 0.4640625 0.3664062 0.0177083 0.0203125
5 0.6773438 0.4230469 0.0276042 0.0195312
1 0.2986979 0.2480469 0.0265625 0.0226562
5 0.5299479 0.3015625 0.0244792 0.0203125
3 0.5018229 0.3812500 0.0151042 0.0281250
3 0.3036458 0.6218750 0.0104167 0.0375000
1 0.3210938 0.6726562 0.0151042 0.0187500
1 0.4507813 0.7179688 0.0203125 0.0203125
0 0.5880208 0.8097656 0.0270833 0.0179687
1 0.3820312 0.6281250 0.0276042 0.0187500
3 0.3617187 0.8519531 0.0109375 0.0382813
2 0.6421875 0.3500000 0.0187500 0.0187500
2 0.5828125 0.6882812 0.0125000 0.0390625
5 0.7815104 0.4500000 0.0203125 0.0265625
2 0.4552083 0.7589844 0.0229167 0.0210938
2 0.7908854 0.4511719 0.0276042 0.0242188
0 0.3494792 0.8332031 0.0177083 0.0367188
1 0.3778646 0.2988281 0.0203125 0.0273438
1 0.5354167 0.7992187 0.0260417 0.0203125
5 0.2828125 0.6867188 0.0281250 0.0187500
0 0.3054688 0.4363281 0.0223958 0.0195312
2 0.7104167 0.1796875 0.0177083 0.0156250
2 0.5523438 0.3925781 0.0119792 0.0382813
3 0.7106771 0.1484375 0.0265625 0.0171875
5 0.6260417 0.1800781 0.0156250 0.0226562
2 0.4197917 0.8308594 0.0218750 0.0226562
1 0.6203125 0.2917969 0.0166667 0.0398437
1 0.5432292 0.4167969 0.0239583 0.0148437
2 0.6669271 0.5667969 0.0265625 0.0210938
3 0.3812500 0.5582031 0.0114583 0.0414062
0 0.7132812 0.7335938 0.0213542 0.0203125
5 0.6911458 0.4835937 0.0270833 0.0187500
1 0.4664063 0.3054688 0.0234375 0.0187500
5 0.4348958 0.8726563 0.0125000 0.0281250
2 0.4338542 0.7535156 0.0197917 0.0257812
3 0.4989583 0.4179688 0.0135417 0.0203125
2 0.3565104 0.8074219 0.0234375 0.0242188
4 0.6346354 0.3101563 0.0244792 0.0250000
1 0.3479167 0.1820313 0.0218750 0.0140625
1 0.6098958 0.8175781 0.0125000 0.0351562
2 0.3390625 0.6476563 0.0291667 0.0250000
4 0.6036458 0.2542969 0.0229167 0.0210938
2 0.6341146 0.2398437 0.0234375 0.0234375
8 0.3325521 0.5542969 0.0213542 0.0414062
8 0.6510417 0.3402344 0.0239583 0.0226562
10 0.5052083 0.8925781 0.0239583 0.0351562
6 0.5710937 0.3015625 0.0244792 0.0328125
9 0.4377604 0.8980469 0.0223958 0.0414062
6 0.5950521 0.6472656 0.0244792 0.0320312
7 0.3682292 0.3964844 0.0218750 0.0382813
8 0.4408854 0.4734375 0.0171875 0.0312500
