5 0.5523438 0.5617188 0.0411458 0.0375000
3 0.6369792 0.4578125 0.0500000 0.0421875
1 0.4265625 0.2906250 0.0458333 0.0296875
2 0.5861979 0.3972656 0.0296875 0.0476562
5 0.4031250 0.1617187 0.0218750 0.0671875
3 0.3700521 0.9558594 0.0453125 0.0382813
1 0.6330729 0.2277344 0.0348958 0.0539063
2 0.5658854 0.7593750 0.0265625 0.0671875
3 0.4182292 0.4687500 0.0229167 0.0625000
3 0.2705729 0.5203125 0.0432292 0.0500000
0 0.7046875 0.4929688 0.0281250 0.0421875
1 0.3385417 0.1679688 0.0427083 0.0328125
0 0.5929688 0.7750000 0.0494792 0.0343750
1 0.2757812 0.3175781 0.0442708 0.0304687
1 0.5484375 0.3613281 0.0260417 0.0570312
4 0.5341146 0.5902344 0.0369792 0.0601563
5 0.3523438 0.7078125 0.0307292 0.0640625
1 0.7203125 0.4406250 0.0458333 0.0343750
4 0.5640625 0.5507812 0.0281250 0.0312500
0 0.4841146 0.3468750 0.0223958 0.0562500
5 0.6333333 0.4800781 0.0281250 0.0632812
4 0.5429688 0.4019531 0.0307292 0.0664062
3 0.5117188 0.4500000 0.0348958 0.0484375
2 0.5908854 0.8671875 0.0203125 0.0312500
1 0.2682292 0.7808594 0.0468750 0.0273438
1 0.6476563 0.7820312 0.0432292 0.0390625
3 0.3791667 0.5332031 0.0208333 0.0648438
4 0.4828125 0.7347656 0.0406250 0.0351562
2 0.7807292 0.3011719 0.0458333 0.0367188
9 0.6377604 0.4046875 0.0390625 0.0578125
11 0.2093750 0.7335938 0.0416667 0.0687500
9 0.3890625 0.4914062 0.0437500 0.0453125
11 0.6622396 0.5648437 0.0432292 0.0484375
6 0.6328125 0.3761719 0.0447917 0.0445313
