4 0.6486979 0.3957031 0.0307292 0.0367188
5 0.4513021 0.2765625 0.0359375 0.0281250
3 0.5247396 0.4832031 0.0171875 0.0242188
2 0.6307292 0.6113281 0.0385417 0.0289063
3 0.6197917 0.8644531 0.0166667 0.0507812
2 0.6776042 0.5992188 0.0260417 0.0343750
2 0.6872396 0.3515625 0.0390625 0.0406250
0 0.6604167 0.3292969 0.0333333 0.0414062
0 0.2419271 0.4285156 0.0348958 0.0273438
0 0.4539063 0.6218750 0.0203125 0.0406250
2 0.5348958 0.5843750 0.0333333 0.0375000
2 0.4257812 0.4488281 0.0223958 0.0351562
2 0.3786458 0.3675781 0.0208333 0.0414062
3 0.6783854 0.5656250 0.0359375 0.0296875
2 0.2729167 0.3210938 0.0375000 0.0265625
2 0.4585938 0.4632812 0.0286458 0.0406250
0 0.5934896 0.2714844 0.0213542 0.0570312
5 0.5015625 0.8613281 0.0239583 0.0460938
0 0.5802083 0.4421875 0.0187500 0.0453125
4 0.6330729 0.5472656 0.0369792 0.0273438
4 0.5979167 0.6015625 0.0354167 0.0296875
0 0.5174479 0.5148438 0.0296875 0.0359375
3 0.5971354 0.2753906 0.0286458 0.0335937
5 0.4945312 0.7656250 0.0307292 0.0312500
1 0.6302083 0.4292969 0.0375000 0.0382813
1 0.5830729 0.3472656 0.0255208 0.0445313
5 0.5289063 0.2691406 0.0234375 0.0414062
1 0.5690104 0.4246094 0.0296875 0.0289063
2 0.5140625 0.5562500 0.0218750 0.0343750
2 0.5601563 0.6222656 0.0317708 0.0367188
2 0.4244792 0.1972656 0.0197917 0.0554687
4 0.6455729 0.4074219 0.0234375 0.0273438
2 0.2841146 0.3234375 0.0390625 0.0296875
3 0.7088542 0.5691406 0.0385417 0.0351562
2 0.5765625 0.6867188 0.0218750 0.0359375
2 0.6179687 0.4410156 0.0338542 0.0273438
1 0.4942708 0.4261719 0.0291667 0.0382813
3 0.7125000 0.7335938 0.0395833 0.0343750
3 0.6679688 0.6734375 0.0380208 0.0281250
5 0.2565104 0.3234375 0.0182292 0.0328125
0 0.5984375 0.4890625 0.0375000 0.0421875
0 0.5940104 0.4316406 0.0338542 0.0335937
5 0.3638021 0.5214844 0.0265625 0.0476562
5 0.3440104 0.7187500 0.0140625 0.0562500
1 0.4111979 0.5511719 0.0401042 0.0320312
5 0.4210937 0.1167969 0.0317708 0.0476562
5 0.5510417 0.5339844 0.0385417 0.0257812
3 0.4343750 0.4652344 0.0208333 0.0304687
0 0.6335937 0.6296875 0.0182292 0.0328125
2 0.5270833 0.4632812 0.0239583 0.0375000
3 0.4674479 0.7656250 0.0338542 0.0484375
0 0.4195313 0.7625000 0.0265625 0.0343750
5 0.6268229 0.8441406 0.0390625 0.0242188
0 0.4700521 0.2792969 0.0348958 0.0273438
0 0.4309896 0.4449219 0.0171875 0.0507812
5 0.5966146 0.4742188 0.0369792 0.0234375
3 0.4854167 0.3734375 0.0302083 0.0296875
3 0.6750000 0.7308594 0.0333333 0.0351562
2 0.4908854 0.3015625 0.0213542 0.0421875
2 0.4739583 0.6089844 0.0239583 0.0648438
0 0.6585937 0.3945312 0.0390625 0.0296875
3 0.6294271 0.7164063 0.0401042 0.0312500
3 0.5479167 0.1703125 0.0208333 0.0531250
3 0.3565104 0.4218750 0.0411458 0.0375000
4 0.6976562 0.6726562 0.0286458 0.0421875
1 0.6609375 0.4781250 0.0385417 0.0312500
0 0.6809896 0.3343750 0.0390625 0.0234375
4 0.6937500 0.2492187 0.0260417 0.0546875
1 0.5848958 0.6601562 0.0375000 0.0281250
0 0.6114583 0.4621094 0.0197917 0.0273438
3 0.4348958 0.1566406 0.0208333 0.0304687
3 0.6486979 0.5335937 0.0192708 0.0281250
0 0.3570313 0.4757812 0.0359375 0.0265625
4 0.5083333 0.7546875 0.0218750 0.0343750
1 0.6658854 0.6824219 0.0307292 0.0289063
2 0.7145833 0.4910156 0.0406250 0.0320312
2 0.5067708 0.5578125 0.0343750 0.0312500
0 0.5776042 0.4707031 0.0333333 0.0273438
4 0.3802083 0.9839844 0.0239583 0.0304687
9 0.6776042 0.6039062 0.0322917 0.0359375
6 0.2205729 0.5761719 0.0317708 0.0445313
7 0.4072917 0.6320313 0.0322917 0.0437500
6 0.5213542 0.5906250 0.0354167 0.0343750
7 0.6828125 0.4984375 0.0364583 0.0343750
11 0.4651042 0.5996094 0.0291667 0.0382813
10 0.5424479 0.3980469 0.0296875 0.0382813
7 0.4333333 0.7500000 0.0229167 0.0531250
8 0.7549479 0.6792969 0.0359375 0.0367188
9 0.6843750 0.5343750 0.0302083 0.0500000
6 0.4505208 0.6488281 0.0354167 0.0414062
6 0.5250000 0.2105469 0.0322917 0.0414062
6 0.5802083 0.6585937 0.0270833 0.0531250
10 0.4932292 0.7164063 0.0229167 0.0375000
