1 0.1606771 0.2914062 0.1546875 0.1171875
0 0.5916667 0.9410156 0.1020833 0.1164063
3 0.5138021 0.0691406 0.0848958 0.1382812
2 0.6335937 0.6093750 0.1411458 0.1187500
1 0.7075521 0.3914063 0.1505208 0.1625000
1 0.5356771 0.1609375 0.1182292 0.1671875
4 0.5505208 0.2089844 0.1406250 0.1289062
5 0.2812500 0.5273438 0.1177083 0.1515625
0 0.3908854 0.3113281 0.0880208 0.1945312
2 0.6861979 0.4062500 0.0848958 0.1171875
2 0.6218750 0.3562500 0.1541667 0.1046875
0 0.3572917 0.2308594 0.0614583 0.2054688
4 0.6559896 0.2878906 0.0765625 0.0976562
0 0.4843750 0.2988281 0.1260417 0.1820313
6 0.6023437 0.6621094 0.1119792 0.1789062
9 0.6200521 0.5089844 0.1255208 0.1226562
11 0.7583333 0.4601562 0.1447917 0.1437500
8 0.7976562 0.4417969 0.0890625 0.1789062
11 0.4000000 0.2398437 0.0927083 0.2093750
6 0.5200521 0.5031250 0.1151042 0.1453125
6 0.4828125 0.8417969 0.0875000 0.2023437
10 0.5953125 0.9179688 0.1218750 0.1625000
9 0.8169271 0.4863281 0.1484375 0.1554687
10 0.6088542 0.7964844 0.1364583 0.1367188
6 0.2664063 0.8078125 0.1567708 0.1500000
9 0.6565104 0.4425781 0.0994792 0.1460937
11 0.5442708 0.4960938 0.1145833 0.1390625
9 0.7033854 0.5308594 0.1421875 0.1367188
6 0.2804687 0.4386719 0.1265625 0.1414063
