4 0.5744792 0.6500000 0.0197917 0.0281250
5 0.6033854 0.4023438 0.0119792 0.0250000
5 0.7648438 0.4734375 0.0255208 0.0203125
4 0.6497396 0.5695313 0.0244792 0.0156250
9 0.2570312 0.7097656 0.0244792 0.0242188
6 0.5390625 0.4183594 0.0145833 0.0210938
6 0.2695312 0.7816406 0.0151042 0.0320312
7 0.6546875 0.5921875 0.0156250 0.0250000
7 0.3570313 0.4496094 0.0234375 0.0226562
7 0.6247396 0.2492187 0.0151042 0.0281250
8 0.6828125 0.3242188 0.0156250 0.0343750
7 0.7190104 0.7656250 0.0223958 0.0218750
11 0.5713542 0.2730469 0.0197917 0.0335937
10 0.3177083 0.6398438 0.0166667 0.0328125
11 0.5908854 0.6152344 0.0140625 0.0289063
7 0.6757812 0.4093750 0.0244792 0.0234375
11 0.6138021 0.6386719 0.0223958 0.0210938
11 0.5593750 0.8914062 0.0166667 0.0359375
8 0.4773438 0.3804688 0.0151042 0.0250000
