2 0.4330729 0.5230469 0.0598958 0.0507812
1 0.4091146 0.5960937 0.0546875 0.0390625
0 0.4164062 0.2890625 0.0421875 0.0750000
4 0.5989583 0.7113281 0.0552083 0.0382813
0 0.2932292 0.4160156 0.0500000 0.0289063
5 0.3354167 0.2019531 0.0562500 0.0460938
4 0.5531250 0.5054688 0.0541667 0.0390625
0 0.6109375 0.4226563 0.0541667 0.0406250
4 0.5489583 0.6085938 0.0270833 0.0484375
2 0.4703125 0.7597656 0.0520833 0.0398437
5 0.4851563 0.4945312 0.0369792 0.0531250
1 0.6898437 0.3804688 0.0265625 0.0859375
3 0.5880208 0.5468750 0.0489583 0.0453125
4 0.2979167 0.4441406 0.0479167 0.0429688
4 0.7505208 0.1527344 0.0270833 0.0726563
0 0.4533854 0.2273438 0.0421875 0.0500000
0 0.5799479 0.5625000 0.0484375 0.0484375
3 0.5895833 0.2570312 0.0437500 0.0609375
5 0.4213542 0.6882812 0.0427083 0.0593750
2 0.3950521 0.6285156 0.0515625 0.0710937
2 0.7250000 0.4632812 0.0562500 0.0421875
3 0.6778646 0.8105469 0.0515625 0.0414062
3 0.6632813 0.6980469 0.0515625 0.0492187
4 0.4671875 0.8339844 0.0322917 0.0476562
3 0.6320313 0.7214844 0.0588542 0.0445313
3 0.6268229 0.5457031 0.0286458 0.0367188
3 0.6255208 0.2164062 0.0208333 0.0828125
2 0.5184896 0.7054687 0.0255208 0.0718750
3 0.6450521 0.6171875 0.0557292 0.0437500
1 0.5799479 0.5179687 0.0515625 0.0468750
5 0.3067708 0.5640625 0.0562500 0.0484375
1 0.5606771 0.3011719 0.0557292 0.0351562
5 0.4752604 0.3957031 0.0276042 0.0867187
5 0.7153646 0.3031250 0.0578125 0.0500000
4 0.3682292 0.6851563 0.0583333 0.0406250
5 0.4666667 0.7238281 0.0312500 0.0570312
3 0.4080729 0.5632812 0.0213542 0.0656250
2 0.6270833 0.2992187 0.0343750 0.0421875
0 0.4835937 0.5445313 0.0265625 0.0406250
5 0.6117187 0.8152344 0.0484375 0.0445313
3 0.4721354 0.4679687 0.0307292 0.0390625
4 0.4648438 0.3855469 0.0463542 0.0492187
1 0.6177083 0.7218750 0.0343750 0.0453125
4 0.3583333 0.4011719 0.0406250 0.0476562
5 0.5398437 0.3593750 0.0463542 0.0500000
3 0.2682292 0.6800781 0.0447917 0.0601563
1 0.6080729 0.7285156 0.0609375 0.0429688
1 0.4450521 0.8339844 0.0463542 0.0570312
2 0.5546875 0.4488281 0.0541667 0.0570312
4 0.2541667 0.5531250 0.0270833 0.0609375
1 0.5359375 0.7226562 0.0583333 0.0406250
5 0.6494792 0.7640625 0.0354167 0.0437500
5 0.2442708 0.4273438 0.0604167 0.0421875
3 0.6765625 0.5128906 0.0500000 0.0601563
5 0.4664063 0.1941406 0.0546875 0.0523438
5 0.3822917 0.5167969 0.0416667 0.0648438
3 0.2716146 0.5183594 0.0390625 0.0664062
0 0.5776042 0.3421875 0.0458333 0.0562500
2 0.4007812 0.6960937 0.0536458 0.0453125
3 0.6997396 0.3539062 0.0432292 0.0421875
4 0.4968750 0.1929687 0.0510417 0.0484375
2 0.3205729 0.7066406 0.0369792 0.0554687
5 0.5773438 0.5054688 0.0588542 0.0421875
3 0.6401042 0.3109375 0.0500000 0.0625000
4 0.5046875 0.3093750 0.0302083 0.0500000
4 0.4992187 0.6910156 0.0515625 0.0539063
4 0.6158854 0.7503906 0.0526042 0.0304687
4 0.6682292 0.4757812 0.0552083 0.0421875
4 0.6898437 0.6125000 0.0546875 0.0500000
1 0.6072917 0.5964844 0.0375000 0.0695313
5 0.3614583 0.5488281 0.0572917 0.0585938
2 0.4276042 0.7531250 0.0375000 0.0750000
4 0.4528646 0.2074219 0.0380208 0.0804688
0 0.6945313 0.5593750 0.0265625 0.0500000
4 0.3773437 0.4613281 0.0307292 0.0679687
0 0.3361979 0.3554688 0.0494792 0.0515625
8 0.6700521 0.2515625 0.0369792 0.0609375
7 0.4757812 0.6316406 0.0359375 0.0804688
10 0.6888021 0.5937500 0.0505208 0.0609375
6 0.6255208 0.8367187 0.0427083 0.0765625
6 0.6562500 0.2703125 0.0322917 0.0734375
9 0.7843750 0.8011719 0.0510417 0.0554687
7 0.6750000 0.6921875 0.0479167 0.0484375
7 0.3372396 0.3042969 0.0494792 0.0476562
10 0.4059896 0.2628906 0.0536458 0.0539063
6 0.6031250 0.2601562 0.0500000 0.0531250
