3 0.3333333 0.7218750 0.0208333 0.0515625
4 0.6520833 0.8074219 0.0322917 0.0304687
5 0.6799479 0.4644531 0.0317708 0.0226562
5 0.6018229 0.1097656 0.0307292 0.0304687
0 0.5039062 0.6339844 0.0151042 0.0476562
6 0.6177083 0.3304687 0.0322917 0.0312500
7 0.6328125 0.3230469 0.0270833 0.0367188
9 0.7039062 0.6054688 0.0307292 0.0343750
11 0.3544271 0.3445313 0.0182292 0.0281250
6 0.5520833 0.3093750 0.0312500 0.0296875
7 0.5736979 0.6800781 0.0317708 0.0320312
8 0.6604167 0.3234375 0.0302083 0.0359375
6 0.7091146 0.3074219 0.0296875 0.0335937
6 0.4908854 0.8714844 0.0255208 0.0398437
9 0.5085937 0.4207031 0.0182292 0.0414062
7 0.4177083 0.3367188 0.0302083 0.0328125
11 0.3713542 0.7609375 0.0197917 0.0421875
11 0.6348958 0.1496094 0.0208333 0.0414062
10 0.4854167 0.3851562 0.0260417 0.0437500
7 0.6463542 0.2992187 0.0270833 0.0281250
11 0.6067708 0.5867187 0.0250000 0.0281250
7 0.4510417 0.2722656 0.0218750 0.0445313
