3 0.5382813 0.5050781 0.0723958 0.0632812
2 0.6317708 0.3238281 0.0416667 0.0664062
2 0.5640625 0.7273437 0.0677083 0.0531250
3 0.3307292 0.1722656 0.0489583 0.0992187
5 0.5453125 0.4257812 0.0354167 0.0562500
1 0.5684896 0.7167969 0.0640625 0.0414062
0 0.7406250 0.4667969 0.0583333 0.0710937
2 0.4752604 0.5937500 0.0588542 0.0671875
1 0.3546875 0.8273438 0.0500000 0.0734375
4 0.6424479 0.4324219 0.0244792 0.0617188
5 0.6010417 0.3113281 0.0593750 0.0804688
1 0.5614583 0.7492188 0.0427083 0.0625000
4 0.6096354 0.5578125 0.0630208 0.0484375
3 0.4197917 0.9015625 0.0427083 0.0890625
1 0.5716146 0.2906250 0.0348958 0.1156250
5 0.5330729 0.4632812 0.0651042 0.0531250
0 0.4013021 0.6417969 0.0651042 0.0507812
4 0.4070313 0.3906250 0.0640625 0.0562500
4 0.3570313 0.5031250 0.0484375 0.0812500
3 0.5257812 0.3636719 0.0651042 0.0539063
4 0.6424479 0.6453125 0.0598958 0.0500000
5 0.3796875 0.1734375 0.0666667 0.0500000
3 0.5617188 0.0550781 0.0588542 0.0773438
4 0.3630208 0.3710938 0.0750000 0.0500000
0 0.6033854 0.6394531 0.0453125 0.0914062
1 0.5333333 0.5851563 0.0635417 0.0906250
5 0.3445313 0.5976562 0.0703125 0.0390625
3 0.4770833 0.8738281 0.0635417 0.0554687
2 0.4739583 0.5460938 0.0479167 0.0531250
4 0.4341146 0.3718750 0.0557292 0.0531250
4 0.5203125 0.3746094 0.0552083 0.0476562
5 0.5606771 0.8738281 0.0557292 0.0851563
5 0.5734375 0.3054688 0.0427083 0.0484375
0 0.6455729 0.5886719 0.0359375 0.0992187
2 0.3820312 0.7042969 0.0723958 0.0492187
1 0.5872396 0.7281250 0.0307292 0.0781250
4 0.7723958 0.7316406 0.0645833 0.0414062
2 0.5494792 0.4390625 0.0625000 0.0453125
1 0.5638021 0.8832031 0.0432292 0.0757812
3 0.2981771 0.7195312 0.0661458 0.0656250
5 0.7065104 0.7640625 0.0651042 0.0531250
4 0.3869792 0.3640625 0.0750000 0.0531250
2 0.2317708 0.4078125 0.0729167 0.0484375
11 0.4703125 0.6554688 0.0395833 0.0921875
6 0.6010417 0.5195312 0.0395833 0.0703125
9 0.6804687 0.4136719 0.0598958 0.0632812
6 0.2164062 0.3660156 0.0630208 0.0992187
7 0.7049479 0.6164063 0.0578125 0.0578125
8 0.5231771 0.6835938 0.0390625 0.0640625
11 0.7684896 0.2394531 0.0671875 0.0679687
7 0.4979167 0.3257813 0.0406250 0.0875000
6 0.3854167 0.8437500 0.0625000 0.0890625
8 0.5661458 0.2003906 0.0656250 0.0664062
6 0.6291667 0.3539062 0.0583333 0.0734375
11 0.6656250 0.6367188 0.0635417 0.0656250
9 0.5484375 0.5894531 0.0666667 0.0945312
7 0.6010417 0.7160156 0.0635417 0.0632812
6 0.6393229 0.4730469 0.0630208 0.0617188
10 0.6091146 0.2171875 0.0609375 0.0750000
7 0.2992187 0.4058594 0.0651042 0.0710937
11 0.6658854 0.6324219 0.0619792 0.0789062
