2 0.5059896 0.1601562 0.0546875 0.0828125
0 0.5179687 0.1472656 0.0453125 0.0820312
3 0.4976563 0.0460938 0.0578125 0.0609375
0 0.5507812 0.2605469 0.0369792 0.0804688
3 0.6716146 0.3824219 0.0546875 0.0664062
5 0.6877604 0.7449219 0.0578125 0.0398437
0 0.4046875 0.8406250 0.0322917 0.0437500
3 0.3497396 0.7390625 0.0359375 0.0843750
1 0.2960937 0.4738281 0.0401042 0.0867187
1 0.3226562 0.2667969 0.0609375 0.0492187
2 0.6083333 0.2003906 0.0614583 0.0445313
5 0.6166667 0.5320312 0.0666667 0.0515625
1 0.5455729 0.7859375 0.0442708 0.0609375
5 0.5281250 0.0289063 0.0281250 0.0578125
1 0.5255208 0.5902344 0.0635417 0.0492187
3 0.5747396 0.1980469 0.0390625 0.0632812
2 0.7226562 0.6433594 0.0661458 0.0507812
0 0.7317708 0.7183594 0.0635417 0.0429688
2 0.5393229 0.1925781 0.0588542 0.0460938
0 0.7492188 0.4980469 0.0546875 0.0648438
2 0.3533854 0.8562500 0.0661458 0.0468750
3 0.6226563 0.1527344 0.0421875 0.0445313
1 0.7359375 0.3683594 0.0604167 0.0445313
1 0.6809896 0.5019531 0.0286458 0.0585938
4 0.4723958 0.7097656 0.0385417 0.0773438
5 0.3453125 0.3664062 0.0489583 0.0781250
1 0.6835938 0.6160156 0.0630208 0.0445313
1 0.6234375 0.2734375 0.0322917 0.0703125
5 0.4231771 0.5503906 0.0536458 0.0445313
0 0.5807292 0.7644531 0.0500000 0.0789062
5 0.3755208 0.9117188 0.0500000 0.0687500
2 0.6510417 0.3957031 0.0354167 0.0710937
3 0.6518229 0.4843750 0.0661458 0.0515625
1 0.4317708 0.4019531 0.0427083 0.0898438
0 0.4544271 0.3257813 0.0588542 0.0343750
1 0.6492187 0.6839844 0.0567708 0.0398437
2 0.4549479 0.2292969 0.0546875 0.0648438
3 0.3445313 0.1230469 0.0588542 0.0523438
1 0.4247396 0.6664062 0.0546875 0.0531250
3 0.6429687 0.2710938 0.0421875 0.0812500
4 0.5442708 0.8449219 0.0593750 0.0429688
3 0.6085938 0.2750000 0.0526042 0.0437500
3 0.3278646 0.2351563 0.0494792 0.0609375
5 0.7809896 0.6738281 0.0682292 0.0507812
3 0.5083333 0.4902344 0.0343750 0.0695313
4 0.7997396 0.5097656 0.0348958 0.0679687
1 0.5546875 0.2757812 0.0343750 0.0953125
7 0.6494792 0.8132812 0.0552083 0.0593750
9 0.6484375 0.5894531 0.0572917 0.0554687
11 0.5955729 0.3421875 0.0567708 0.0812500
