0 0.6419271 0.7515625 0.0192708 0.0234375
1 0.2231771 0.3652344 0.0151042 0.0210938
2 0.6981771 0.8199219 0.0255208 0.0179687
1 0.6473958 0.1250000 0.0250000 0.0250000
4 0.5416667 0.5664062 0.0260417 0.0203125
0 0.4507813 0.7761719 0.0140625 0.0195312
0 0.5966146 0.5835938 0.0130208 0.0281250
4 0.6231771 0.5050781 0.0265625 0.0179687
3 0.4351563 0.7179688 0.0151042 0.0343750
3 0.7617188 0.6945313 0.0234375 0.0187500
0 0.3276042 0.5480469 0.0114583 0.0320312
0 0.4007812 0.3750000 0.0255208 0.0156250
2 0.4007812 0.8531250 0.0213542 0.0187500
1 0.5307292 0.4136719 0.0270833 0.0179687
1 0.5742188 0.5421875 0.0203125 0.0234375
4 0.4054687 0.3875000 0.0244792 0.0234375
1 0.5125000 0.2203125 0.0135417 0.0281250
5 0.4955729 0.5722656 0.0223958 0.0257812
0 0.4776042 0.5945312 0.0187500 0.0281250
3 0.2997396 0.2695312 0.0234375 0.0171875
11 0.3497396 0.4472656 0.0265625 0.0273438
