5 0.4007812 0.4410156 0.0244792 0.0476562
4 0.4575521 0.5332031 0.0223958 0.0679687
2 0.6815104 0.6550781 0.0192708 0.0632812
3 0.6578125 0.5636719 0.0364583 0.0398437
2 0.6505208 0.6875000 0.0322917 0.0531250
2 0.5552083 0.5175781 0.0447917 0.0414062
0 0.6950521 0.4695313 0.0411458 0.0296875
0 0.3052083 0.5265625 0.0416667 0.0375000
3 0.5828125 0.7652344 0.0322917 0.0507812
1 0.5338542 0.4371094 0.0385417 0.0476562
0 0.5117188 0.7601562 0.0296875 0.0546875
6 0.3434896 0.5859375 0.0348958 0.0421875
11 0.2994792 0.8609375 0.0437500 0.0437500
9 0.2856771 0.5664062 0.0380208 0.0437500
10 0.6630208 0.4734375 0.0333333 0.0609375
10 0.5653646 0.1808594 0.0317708 0.0539063
6 0.7567708 0.4085937 0.0354167 0.0406250
10 0.4421875 0.2578125 0.0406250 0.0421875
9 0.6244792 0.3277344 0.0385417 0.0507812
7 0.5973958 0.7136719 0.0437500 0.0492187
7 0.6122396 0.7199219 0.0276042 0.0617188
8 0.5815104 0.6203125 0.0265625 0.0515625
