4 0.4130208 0.2558594 0.0187500 0.0335937
0 0.7484375 0.3015625 0.0312500 0.0656250
3 0.4609375 0.2402344 0.0281250 0.0742188
5 0.5812500 0.5976562 0.0427083 0.0437500
0 0.4971354 0.1542969 0.0213542 0.0570312
1 0.4447917 0.2058594 0.0343750 0.0617188
1 0.5377604 0.6839844 0.0494792 0.0351562
4 0.5523438 0.1902344 0.0442708 0.0304687
5 0.4164062 0.6886719 0.0411458 0.0382813
0 0.5033854 0.6949219 0.0255208 0.0570312
0 0.2364583 0.4398437 0.0427083 0.0453125
3 0.5893229 0.2937500 0.0255208 0.0593750
4 0.6278646 0.6074219 0.0463542 0.0320312
0 0.5486979 0.6292969 0.0463542 0.0382813
3 0.6091146 0.3664062 0.0192708 0.0515625
1 0.6197917 0.2816406 0.0437500 0.0320312
3 0.7190104 0.5007812 0.0526042 0.0375000
1 0.3098958 0.6738281 0.0500000 0.0460938
0 0.5515625 0.3894531 0.0354167 0.0585938
0 0.4497396 0.6476563 0.0244792 0.0312500
0 0.3263021 0.8296875 0.0182292 0.0687500
3 0.6731771 0.4328125 0.0453125 0.0343750
2 0.5416667 0.2601562 0.0270833 0.0765625
2 0.5536458 0.6664062 0.0239583 0.0421875
0 0.3421875 0.5679688 0.0270833 0.0531250
2 0.5692708 0.8988281 0.0354167 0.0710937
1 0.3645833 0.4988281 0.0218750 0.0382813
2 0.6723958 0.3609375 0.0458333 0.0375000
4 0.5979167 0.3140625 0.0260417 0.0343750
2 0.6067708 0.7175781 0.0468750 0.0398437
4 0.4380208 0.7281250 0.0427083 0.0296875
3 0.2666667 0.5023437 0.0479167 0.0468750
3 0.6093750 0.8546875 0.0322917 0.0421875
4 0.6117187 0.8296875 0.0463542 0.0312500
2 0.4736979 0.2507813 0.0380208 0.0593750
2 0.5549479 0.4718750 0.0463542 0.0375000
5 0.3901042 0.4761719 0.0260417 0.0304687
4 0.6398438 0.7156250 0.0192708 0.0640625
5 0.3367188 0.5832031 0.0338542 0.0398437
2 0.6119792 0.6308594 0.0208333 0.0617188
5 0.6919271 0.7671875 0.0484375 0.0343750
0 0.5382813 0.7031250 0.0234375 0.0687500
3 0.6083333 0.6523438 0.0302083 0.0656250
1 0.5315104 0.3535156 0.0473958 0.0289063
4 0.4169271 0.4527344 0.0421875 0.0320312
4 0.3776042 0.2781250 0.0229167 0.0328125
3 0.5127604 0.4550781 0.0432292 0.0351562
2 0.3151042 0.3355469 0.0229167 0.0398437
2 0.3937500 0.1515625 0.0333333 0.0312500
3 0.5841146 0.2101562 0.0296875 0.0328125
5 0.4049479 0.4656250 0.0203125 0.0484375
1 0.5656250 0.2593750 0.0250000 0.0406250
0 0.5328125 0.7097656 0.0468750 0.0429688
1 0.6718750 0.4144531 0.0447917 0.0429688
1 0.6203125 0.8195313 0.0406250 0.0390625
3 0.5343750 0.7226562 0.0489583 0.0328125
1 0.6942708 0.5238281 0.0458333 0.0351562
3 0.7002604 0.4347656 0.0484375 0.0351562
0 0.5385417 0.6519531 0.0312500 0.0742188
4 0.6992188 0.3878906 0.0276042 0.0726563
10 0.6429687 0.2015625 0.0463542 0.0640625
8 0.5481771 0.8203125 0.0286458 0.0609375
10 0.5119792 0.4953125 0.0281250 0.0531250
9 0.4919271 0.8214844 0.0453125 0.0554687
9 0.6151042 0.1742188 0.0385417 0.0734375
9 0.7229167 0.8027344 0.0437500 0.0445313
7 0.3955729 0.7265625 0.0317708 0.0390625
9 0.6065104 0.5222656 0.0421875 0.0492187
7 0.3593750 0.5722656 0.0468750 0.0617188
10 0.6010417 0.8531250 0.0437500 0.0531250
10 0.4994792 0.7320313 0.0354167 0.0453125
8 0.3161458 0.5128906 0.0458333 0.0617188
9 0.6270833 0.8683594 0.0343750 0.0648438
11 0.5677083 0.2828125 0.0281250 0.0640625
6 0.4877604 0.8542969 0.0380208 0.0570312
11 0.7645833 0.3816406 0.0281250 0.0585938
9 0.5648437 0.4761719 0.0276042 0.0414062
9 0.5932292 0.2703125 0.0437500 0.0421875
