4 0.5601563 0.5238281 0.0484375 0.0335937
5 0.6010417 0.7367187 0.0218750 0.0562500
0 0.5000000 0.6660156 0.0416667 0.0414062
2 0.6765625 0.5746094 0.0239583 0.0414062
2 0.3135417 0.3308594 0.0500000 0.0320312
4 0.5911458 0.4871094 0.0468750 0.0320312
4 0.5958333 0.4464844 0.0343750 0.0398437
5 0.6658854 0.2718750 0.0213542 0.0406250
2 0.7226562 0.5679688 0.0484375 0.0437500
2 0.5539063 0.4824219 0.0265625 0.0492187
4 0.7416667 0.6722656 0.0437500 0.0460938
5 0.5966146 0.4601562 0.0390625 0.0453125
0 0.6606771 0.2082031 0.0369792 0.0382813
3 0.2700521 0.3015625 0.0255208 0.0312500
3 0.7026042 0.4453125 0.0468750 0.0406250
0 0.3666667 0.5449219 0.0229167 0.0398437
1 0.3757813 0.4355469 0.0265625 0.0539063
2 0.4390625 0.5925781 0.0291667 0.0398437
1 0.7822917 0.8578125 0.0322917 0.0453125
4 0.5403646 0.4906250 0.0421875 0.0359375
2 0.3265625 0.5875000 0.0437500 0.0328125
0 0.4492188 0.3781250 0.0223958 0.0609375
1 0.7065104 0.3445313 0.0494792 0.0390625
4 0.5752604 0.7765625 0.0317708 0.0250000
0 0.5916667 0.3125000 0.0208333 0.0609375
3 0.6661458 0.5210938 0.0447917 0.0328125
3 0.6273437 0.1585938 0.0390625 0.0312500
2 0.4312500 0.5667969 0.0187500 0.0367188
1 0.6182292 0.3187500 0.0447917 0.0312500
4 0.5539063 0.7273437 0.0223958 0.0343750
1 0.4447917 0.8199219 0.0447917 0.0492187
3 0.6638021 0.2738281 0.0359375 0.0476562
5 0.4677083 0.4027344 0.0343750 0.0382813
1 0.5609375 0.2242187 0.0416667 0.0250000
1 0.2679687 0.6070313 0.0213542 0.0328125
3 0.5268229 0.2140625 0.0276042 0.0609375
2 0.5268229 0.6097656 0.0286458 0.0664062
5 0.4520833 0.2640625 0.0239583 0.0390625
0 0.2625000 0.5218750 0.0458333 0.0312500
11 0.5304688 0.2980469 0.0390625 0.0523438
11 0.2750000 0.2730469 0.0291667 0.0664062
11 0.3489583 0.6320313 0.0343750 0.0593750
10 0.4057292 0.1640625 0.0364583 0.0609375
7 0.4192708 0.5195312 0.0375000 0.0687500
7 0.5377604 0.2945313 0.0380208 0.0484375
7 0.6981771 0.8917969 0.0296875 0.0679687
10 0.5588542 0.5957031 0.0354167 0.0460938
7 0.3497396 0.4382813 0.0348958 0.0640625
10 0.5890625 0.6417969 0.0427083 0.0414062
6 0.6502604 0.6167969 0.0432292 0.0445313
10 0.6653646 0.2328125 0.0421875 0.0421875
8 0.4546875 0.5144531 0.0364583 0.0398437
8 0.6096354 0.5453125 0.0307292 0.0625000
10 0.5989583 0.8378906 0.0437500 0.0507812
7 0.4236979 0.2835937 0.0432292 0.0421875
6 0.2221354 0.4523437 0.0463542 0.0484375
8 0.4567708 0.4906250 0.0385417 0.0421875
7 0.5239583 0.8089844 0.0312500 0.0648438
