4 0.3950521 0.3410156 0.0255208 0.0664062
1 0.5236979 0.1917969 0.0421875 0.0429688
2 0.4401042 0.6890625 0.0197917 0.0609375
4 0.5072917 0.3507812 0.0239583 0.0281250
1 0.5838542 0.6812500 0.0187500 0.0531250
4 0.7096354 0.3343750 0.0223958 0.0703125
1 0.7039062 0.3628906 0.0223958 0.0367188
1 0.6010417 0.8468750 0.0333333 0.0437500
2 0.5244792 0.6210938 0.0281250 0.0718750
1 0.6890625 0.4191406 0.0218750 0.0382813
3 0.5088542 0.5628906 0.0281250 0.0523438
4 0.4302083 0.2667969 0.0427083 0.0445313
0 0.4283854 0.5921875 0.0453125 0.0312500
4 0.4606771 0.6250000 0.0296875 0.0593750
2 0.5421875 0.3945312 0.0250000 0.0531250
4 0.5713542 0.3097656 0.0239583 0.0617188
4 0.6010417 0.4628906 0.0416667 0.0304687
1 0.3820312 0.8863281 0.0244792 0.0617188
4 0.6046875 0.3808594 0.0416667 0.0351562
5 0.2937500 0.5859375 0.0395833 0.0531250
5 0.2598958 0.3277344 0.0447917 0.0367188
3 0.3567708 0.8304687 0.0447917 0.0437500
4 0.3002604 0.6746094 0.0317708 0.0523438
3 0.6971354 0.6718750 0.0380208 0.0296875
5 0.4164062 0.4343750 0.0223958 0.0671875
1 0.3955729 0.3226562 0.0380208 0.0343750
3 0.6268229 0.5250000 0.0442708 0.0296875
3 0.6130208 0.7597656 0.0489583 0.0335937
0 0.5351562 0.5429688 0.0421875 0.0281250
4 0.5398437 0.2226562 0.0421875 0.0296875
4 0.4177083 0.8746094 0.0260417 0.0507812
5 0.5401042 0.8109375 0.0322917 0.0265625
0 0.4713542 0.4316406 0.0239583 0.0570312
1 0.6658854 0.3359375 0.0338542 0.0546875
4 0.4010417 0.5117188 0.0270833 0.0281250
2 0.6833333 0.4027344 0.0260417 0.0601563
5 0.3632812 0.6691406 0.0421875 0.0414062
0 0.7039062 0.5558594 0.0421875 0.0351562
4 0.6320313 0.5511719 0.0442708 0.0351562
1 0.3971354 0.6621094 0.0286458 0.0523438
0 0.5593750 0.5207031 0.0239583 0.0367188
5 0.2679687 0.3597656 0.0369792 0.0320312
4 0.3281250 0.8085938 0.0250000 0.0625000
5 0.6763021 0.5617188 0.0213542 0.0390625
0 0.7325521 0.5890625 0.0328125 0.0609375
1 0.7799479 0.3074219 0.0442708 0.0289063
4 0.3789062 0.2917969 0.0473958 0.0304687
4 0.4455729 0.7679687 0.0317708 0.0421875
1 0.6375000 0.3402344 0.0218750 0.0367188
4 0.6822917 0.5511719 0.0354167 0.0398437
2 0.5552083 0.3929687 0.0343750 0.0515625
5 0.5158854 0.2328125 0.0265625 0.0671875
4 0.5005208 0.1324219 0.0385417 0.0304687
5 0.5289063 0.3503906 0.0286458 0.0632812
1 0.4625000 0.5242187 0.0364583 0.0500000
2 0.5591146 0.3183594 0.0369792 0.0523438
1 0.6283854 0.3097656 0.0411458 0.0304687
2 0.6289062 0.2570312 0.0307292 0.0578125
9 0.5127604 0.7730469 0.0421875 0.0695313
7 0.4609375 0.1082031 0.0354167 0.0601563
9 0.5169271 0.8765625 0.0276042 0.0671875
7 0.6226563 0.3050781 0.0369792 0.0398437
