5 0.3434896 0.7347656 0.0244792 0.0273438
4 0.3531250 0.6730469 0.0281250 0.0242188
2 0.5151042 0.3867188 0.0302083 0.0218750
4 0.4346354 0.5832031 0.0276042 0.0226562
3 0.3770833 0.5160156 0.0291667 0.0210938
3 0.6252604 0.3675781 0.0286458 0.0210938
3 0.3268229 0.2781250 0.0255208 0.0187500
3 0.6611979 0.5750000 0.0244792 0.0296875
0 0.3880208 0.6863281 0.0218750 0.0335937
1 0.4356771 0.3476562 0.0234375 0.0203125
4 0.5731771 0.4527344 0.0140625 0.0351562
1 0.5018229 0.2687500 0.0223958 0.0218750
1 0.4276042 0.7105469 0.0239583 0.0273438
5 0.5531250 0.2589844 0.0135417 0.0289063
0 0.5953125 0.8460937 0.0291667 0.0234375
5 0.5783854 0.7859375 0.0213542 0.0328125
5 0.3466146 0.4359375 0.0140625 0.0406250
1 0.5648437 0.7957031 0.0192708 0.0320312
3 0.5361979 0.4464844 0.0244792 0.0226562
0 0.5773438 0.4933594 0.0276042 0.0164063
3 0.4822917 0.6484375 0.0156250 0.0312500
3 0.4802083 0.8621094 0.0187500 0.0367188
4 0.3906250 0.5472656 0.0114583 0.0335937
3 0.5809896 0.7632813 0.0151042 0.0437500
4 0.3200521 0.4906250 0.0307292 0.0234375
1 0.5505208 0.8269531 0.0291667 0.0195312
1 0.5166667 0.5906250 0.0197917 0.0406250
4 0.5604167 0.4085937 0.0166667 0.0234375
3 0.6125000 0.6292969 0.0114583 0.0242188
3 0.4257812 0.5417969 0.0234375 0.0195312
2 0.7348958 0.4226563 0.0114583 0.0250000
4 0.4343750 0.3246094 0.0260417 0.0195312
4 0.7197917 0.5226563 0.0135417 0.0312500
3 0.4947917 0.5242187 0.0270833 0.0203125
5 0.4486979 0.3656250 0.0265625 0.0187500
0 0.6289062 0.2820313 0.0130208 0.0343750
0 0.7302083 0.3761719 0.0260417 0.0273438
0 0.6414062 0.7546875 0.0276042 0.0171875
4 0.5156250 0.7132812 0.0156250 0.0218750
0 0.7835937 0.4675781 0.0244792 0.0335937
3 0.5382813 0.0558594 0.0265625 0.0273438
1 0.5164062 0.9679688 0.0192708 0.0375000
5 0.5049479 0.6234375 0.0171875 0.0375000
4 0.3968750 0.3394531 0.0187500 0.0289063
4 0.5940104 0.0910156 0.0140625 0.0367188
4 0.5536458 0.4718750 0.0145833 0.0250000
2 0.7096354 0.3914063 0.0296875 0.0218750
4 0.6687500 0.6187500 0.0093750 0.0265625
4 0.4216146 0.4882812 0.0255208 0.0265625
1 0.4289062 0.1222656 0.0171875 0.0320312
1 0.6994792 0.3511719 0.0229167 0.0367188
0 0.5489583 0.5304688 0.0250000 0.0296875
3 0.6710938 0.7496094 0.0130208 0.0335937
4 0.5018229 0.7359375 0.0140625 0.0265625
2 0.4307292 0.1300781 0.0260417 0.0273438
3 0.7054687 0.5089844 0.0151042 0.0320312
5 0.6239583 0.5820312 0.0270833 0.0218750
2 0.5736979 0.5253906 0.0244792 0.0179687
2 0.6541667 0.4972656 0.0239583 0.0273438
5 0.7372396 0.6460938 0.0223958 0.0218750
1 0.4710937 0.4429688 0.0276042 0.0187500
5 0.3223958 0.2765625 0.0177083 0.0218750
0 0.6833333 0.5691406 0.0260417 0.0226562
2 0.3799479 0.2050781 0.0130208 0.0226562
3 0.6015625 0.3074219 0.0208333 0.0320312
0 0.6286458 0.3964844 0.0270833 0.0210938
5 0.3523438 0.2207031 0.0223958 0.0367188
4 0.6289062 0.6070313 0.0192708 0.0328125
4 0.5960937 0.7582031 0.0161458 0.0289063
2 0.4187500 0.6023437 0.0281250 0.0187500
4 0.6473958 0.4632812 0.0135417 0.0281250
3 0.6953125 0.7312500 0.0281250 0.0203125
1 0.7109375 0.8074219 0.0187500 0.0320312
4 0.5257812 0.8050781 0.0223958 0.0257812
6 0.4950521 0.2714844 0.0203125 0.0382813
9 0.7250000 0.7687500 0.0177083 0.0375000
11 0.2596354 0.6531250 0.0213542 0.0296875
10 0.3601563 0.2937500 0.0276042 0.0265625
10 0.4726562 0.5640625 0.0255208 0.0265625
8 0.3463542 0.6113281 0.0281250 0.0273438
11 0.5932292 0.6664062 0.0187500 0.0281250
6 0.6278646 0.4859375 0.0234375 0.0250000
10 0.5153646 0.3894531 0.0223958 0.0242188
7 0.5986979 0.4492188 0.0161458 0.0328125
6 0.4794271 0.5953125 0.0223958 0.0281250
9 0.3658854 0.6238281 0.0244792 0.0242188
11 0.6854167 0.4878906 0.0250000 0.0320312
7 0.4361979 0.5355469 0.0182292 0.0304687
10 0.5065104 0.6960937 0.0265625 0.0265625
11 0.4171875 0.2144531 0.0156250 0.0367188
10 0.5447917 0.7527344 0.0229167 0.0351562
6 0.3747396 0.5382813 0.0255208 0.0281250
10 0.6221354 0.6183594 0.0255208 0.0257812
