2 0.6231771 0.8390625 0.0776042 0.0437500
3 0.3708333 0.6003906 0.0572917 0.0632812
1 0.5885417 0.2835937 0.0666667 0.0531250
0 0.3880208 0.4183594 0.0770833 0.0679687
4 0.6752604 0.2468750 0.0796875 0.0765625
0 0.3619792 0.6132812 0.0479167 0.0703125
2 0.6109375 0.5941406 0.0781250 0.0570312
1 0.2973958 0.4367187 0.0572917 0.0718750
5 0.6515625 0.5574219 0.0802083 0.0523438
1 0.4656250 0.6535156 0.0354167 0.1023437
5 0.6015625 0.9406250 0.0458333 0.1171875
3 0.4239583 0.2519531 0.0479167 0.1148437
4 0.5705729 0.7519531 0.0651042 0.0804688
4 0.2778646 0.6687500 0.0796875 0.0687500
4 0.7205729 0.1937500 0.0401042 0.1328125
3 0.5997396 0.6851563 0.0473958 0.0796875
4 0.6846354 0.3222656 0.0755208 0.0523438
1 0.4807292 0.4644531 0.0562500 0.0554687
4 0.5554687 0.0484375 0.0557292 0.0968750
2 0.6177083 0.5191406 0.0718750 0.0710937
3 0.3638021 0.4347656 0.0786458 0.0632812
4 0.5822917 0.2179687 0.0416667 0.1343750
0 0.5263021 0.4269531 0.0421875 0.0789062
3 0.2721354 0.5824219 0.0807292 0.0570312
2 0.7468750 0.7531250 0.0760417 0.0687500
1 0.3822917 0.3105469 0.0489583 0.0601563
3 0.6036458 0.1484375 0.0781250 0.0500000
1 0.6916667 0.4242187 0.0822917 0.0468750
1 0.7421875 0.4179688 0.0656250 0.0562500
0 0.3281250 0.5000000 0.0875000 0.0625000
3 0.3015625 0.6875000 0.0802083 0.0703125
1 0.5544271 0.8996094 0.0473958 0.0539063
3 0.3500000 0.0574219 0.0468750 0.1148437
0 0.7398438 0.6707031 0.0869792 0.0554687
0 0.4989583 0.5570312 0.0468750 0.1078125
4 0.5484375 0.2500000 0.0666667 0.0984375
4 0.5049479 0.5097656 0.0401042 0.0757812
4 0.4377604 0.7609375 0.0442708 0.1125000
5 0.3333333 0.7023438 0.0468750 0.1218750
3 0.6197917 0.6507812 0.0437500 0.1000000
4 0.4960938 0.3128906 0.0734375 0.0898438
4 0.6614583 0.6863281 0.0812500 0.0554687
4 0.6036458 0.5785156 0.0822917 0.0617188
4 0.3513021 0.3640625 0.0838542 0.0812500
2 0.6317708 0.4546875 0.0364583 0.0671875
2 0.4346354 0.6707031 0.0765625 0.0789062
4 0.7187500 0.4230469 0.0760417 0.0648438
3 0.5127604 0.4007812 0.0630208 0.0890625
5 0.3565104 0.9109375 0.0473958 0.0953125
4 0.6466146 0.5515625 0.0828125 0.0531250
0 0.5143229 0.6082031 0.0463542 0.0976562
5 0.7132812 0.5953125 0.0692708 0.0640625
2 0.5763021 0.6015625 0.0786458 0.0781250
4 0.5799479 0.2675781 0.0744792 0.0492187
2 0.5835938 0.1093750 0.0796875 0.0578125
4 0.6265625 0.5433594 0.0625000 0.0601563
2 0.6442708 0.7917969 0.0708333 0.1164063
3 0.3901042 0.5882812 0.0854167 0.0609375
0 0.6179687 0.4910156 0.0859375 0.0492187
8 0.4502604 0.2046875 0.0723958 0.0718750
10 0.4466146 0.3015625 0.0536458 0.1109375
6 0.5567708 0.7378906 0.0677083 0.0851563
10 0.5036458 0.7300781 0.0562500 0.1320312
7 0.7263021 0.8203125 0.0755208 0.0890625
