2 0.7101563 0.3308594 0.0463542 0.0648438
3 0.4843750 0.5667969 0.0302083 0.0554687
1 0.7057292 0.4996094 0.0552083 0.0570312
2 0.4005208 0.6101562 0.0375000 0.0437500
2 0.7348958 0.6820312 0.0406250 0.0671875
1 0.2997396 0.6800781 0.0286458 0.0898438
5 0.7312500 0.6257812 0.0531250 0.0640625
1 0.5684896 0.4496094 0.0526042 0.0367188
5 0.4901042 0.3058594 0.0354167 0.0882813
3 0.2906250 0.5683594 0.0239583 0.0710937
1 0.4471354 0.8214844 0.0473958 0.0695313
2 0.5789062 0.6328125 0.0515625 0.0359375
3 0.6953125 0.6214844 0.0458333 0.0429688
5 0.6273437 0.4886719 0.0432292 0.0507812
1 0.3460937 0.5816406 0.0515625 0.0476562
2 0.6010417 0.4042969 0.0260417 0.0570312
0 0.4630208 0.5851563 0.0270833 0.0500000
0 0.4869792 0.2710938 0.0489583 0.0562500
3 0.7210937 0.4058594 0.0380208 0.0585938
5 0.5520833 0.8394531 0.0583333 0.0429688
4 0.6640625 0.3632812 0.0375000 0.0578125
0 0.4026042 0.7613281 0.0552083 0.0382813
3 0.7606771 0.4648438 0.0390625 0.0546875
1 0.5195312 0.7898437 0.0411458 0.0593750
0 0.4968750 0.4105469 0.0312500 0.0492187
2 0.5229167 0.7265625 0.0385417 0.0687500
3 0.5062500 0.4343750 0.0281250 0.0484375
4 0.6729167 0.2898438 0.0562500 0.0375000
5 0.4770833 0.3527344 0.0375000 0.0664062
1 0.2851562 0.2773438 0.0536458 0.0437500
4 0.5598958 0.4300781 0.0468750 0.0632812
1 0.5252604 0.4417969 0.0463542 0.0523438
5 0.4867187 0.3492188 0.0265625 0.0859375
2 0.6632813 0.3582031 0.0598958 0.0414062
0 0.6872396 0.7675781 0.0557292 0.0429688
2 0.5304688 0.2171875 0.0546875 0.0484375
3 0.4184896 0.5476562 0.0484375 0.0375000
1 0.6617188 0.7046875 0.0317708 0.0515625
3 0.6770833 0.5515625 0.0500000 0.0656250
0 0.5630208 0.4773438 0.0520833 0.0406250
1 0.7783854 0.3679688 0.0359375 0.0484375
7 0.6880208 0.3335938 0.0520833 0.0703125
7 0.3833333 0.7371094 0.0364583 0.0601563
8 0.5125000 0.2992187 0.0333333 0.0546875
9 0.3455729 0.6746094 0.0515625 0.0507812
10 0.6289062 0.7328125 0.0536458 0.0671875
8 0.4153646 0.6511719 0.0473958 0.0757812
8 0.6484375 0.5871094 0.0572917 0.0648438
10 0.5921875 0.6019531 0.0364583 0.0601563
11 0.6500000 0.7210937 0.0552083 0.0734375
11 0.6697917 0.3632812 0.0458333 0.0687500
10 0.2046875 0.7113281 0.0593750 0.0554687
7 0.6716146 0.2613281 0.0473958 0.0773438
8 0.6828125 0.2984375 0.0572917 0.0750000
11 0.5265625 0.1417969 0.0552083 0.0820312
