0 0.4359375 0.6855469 0.0760417 0.1085938
4 0.6114583 0.4660156 0.0500000 0.1617187
2 0.7427083 0.3804688 0.1156250 0.1031250
3 0.6080729 0.1574219 0.0619792 0.1789062
4 0.6216146 0.6328125 0.1067708 0.1328125
2 0.5820312 0.3929687 0.0557292 0.1750000
3 0.4093750 0.4722656 0.1187500 0.1039063
2 0.4190104 0.6867188 0.0640625 0.1703125
5 0.6403646 0.4582031 0.1067708 0.0773438
1 0.4505208 0.5191406 0.0937500 0.1039063
5 0.5911458 0.8320312 0.0510417 0.0828125
0 0.3880208 0.5546875 0.0572917 0.0890625
1 0.3630208 0.3664062 0.0604167 0.1046875
1 0.3643229 0.4468750 0.0755208 0.0718750
3 0.7229167 0.3792969 0.0468750 0.1523438
2 0.6406250 0.6269531 0.1125000 0.0804688
2 0.7010417 0.1656250 0.0750000 0.1359375
5 0.7875000 0.2253906 0.0552083 0.1476562
0 0.2622396 0.5539063 0.0953125 0.1265625
0 0.4000000 0.1968750 0.0645833 0.1687500
3 0.5127604 0.6867188 0.0515625 0.1421875
3 0.4838542 0.7378906 0.0916667 0.1054688
5 0.7997396 0.3617187 0.1296875 0.0984375
2 0.3757813 0.3367188 0.0640625 0.1546875
5 0.5210938 0.5007812 0.0723958 0.1359375
2 0.6377604 0.5703125 0.0703125 0.1218750
2 0.7583333 0.3468750 0.0958333 0.1296875
3 0.7406250 0.4128906 0.1031250 0.0617188
1 0.5020833 0.7789063 0.1020833 0.1187500
1 0.6031250 0.2320312 0.0635417 0.1062500
1 0.2893229 0.3593750 0.0911458 0.1187500
1 0.6195312 0.4253906 0.1140625 0.0945312
5 0.6453125 0.3625000 0.1052083 0.0984375
3 0.4158854 0.6531250 0.0671875 0.1031250
4 0.7401042 0.6367188 0.1135417 0.0859375
3 0.2515625 0.1808594 0.0531250 0.1695312
4 0.6609375 0.5125000 0.1031250 0.0734375
4 0.5348958 0.3636719 0.0520833 0.0726563
3 0.5341146 0.4671875 0.0869792 0.1125000
5 0.6947917 0.1925781 0.1260417 0.0851563
4 0.5341146 0.2507813 0.1192708 0.1125000
1 0.4914062 0.7816406 0.0734375 0.1148437
2 0.2671875 0.5757813 0.0822917 0.1765625
1 0.6666667 0.6835938 0.0645833 0.1265625
0 0.6989583 0.4449219 0.1062500 0.0820312
3 0.6432292 0.3214844 0.1187500 0.0835937
2 0.5736979 0.3328125 0.0838542 0.1437500
5 0.6552083 0.5976562 0.0604167 0.1468750
5 0.4541667 0.2476562 0.0822917 0.1656250
2 0.3153646 0.5691406 0.1067708 0.0695313
4 0.4877604 0.2621094 0.0630208 0.1507813
3 0.5833333 0.6210938 0.0729167 0.1640625
1 0.6945313 0.8363281 0.1130208 0.0929688
3 0.5500000 0.5871094 0.0677083 0.0726563
2 0.6296875 0.8246094 0.1166667 0.0804688
4 0.3916667 0.7328125 0.0708333 0.1375000
0 0.7757812 0.8351563 0.1026042 0.1140625
1 0.4276042 0.2273438 0.1145833 0.0859375
3 0.6385417 0.6750000 0.0958333 0.1078125
3 0.7132812 0.5230469 0.0598958 0.1070312
1 0.4078125 0.3683594 0.0989583 0.1289062
5 0.6390625 0.6792969 0.0625000 0.0867187
2 0.6481771 0.9160156 0.1203125 0.1070312
0 0.2906250 0.5195312 0.1072917 0.0875000
0 0.6359375 0.1046875 0.0937500 0.0984375
4 0.5617188 0.6394531 0.0869792 0.1757812
2 0.5843750 0.5519531 0.1093750 0.0835937
2 0.3848958 0.7695312 0.0937500 0.0890625
4 0.4760417 0.2375000 0.0614583 0.1875000
2 0.6507812 0.7136719 0.1286458 0.0929688
3 0.6893229 0.6292969 0.0880208 0.1195313
2 0.4705729 0.4699219 0.1182292 0.1179687
2 0.6598958 0.6062500 0.0708333 0.0921875
3 0.6622396 0.6832031 0.0494792 0.1539062
1 0.6596354 0.7742187 0.0723958 0.1531250
3 0.5635417 0.6449219 0.0812500 0.0992187
5 0.6947917 0.8164062 0.1093750 0.0734375
0 0.8328125 0.7382812 0.1114583 0.1093750
8 0.3442708 0.6101562 0.0885417 0.1593750
8 0.2966146 0.0335937 0.0713542 0.0671875
8 0.3658854 0.1585938 0.0869792 0.1734375
6 0.8231771 0.5097656 0.1046875 0.1351563
10 0.4794271 0.1675781 0.0807292 0.1585938
7 0.6757812 0.3402344 0.1046875 0.1476562
6 0.6768229 0.3949219 0.0703125 0.1601562
6 0.3453125 0.1988281 0.1093750 0.1695312
10 0.6200521 0.3570313 0.1005208 0.1406250
9 0.6601562 0.6617188 0.1088542 0.1265625
