4 0.4059896 0.1648438 0.0598958 0.0875000
3 0.6861979 0.7371094 0.1036458 0.0804688
0 0.5148438 0.5371094 0.1026042 0.1007813
5 0.5513021 0.8371094 0.1026042 0.1085938
0 0.5598958 0.2625000 0.0510417 0.1593750
3 0.6580729 0.4519531 0.0953125 0.0726563
0 0.3721354 0.6007813 0.1151042 0.0953125
1 0.6736979 0.5093750 0.0484375 0.0640625
3 0.5130208 0.4898438 0.0791667 0.0937500
2 0.2820313 0.5332031 0.1182292 0.0789062
2 0.7078125 0.4265625 0.1041667 0.0765625
0 0.4869792 0.3414063 0.0718750 0.0921875
2 0.3015625 0.8792969 0.0447917 0.1601562
1 0.3921875 0.4281250 0.1125000 0.0750000
1 0.4239583 0.3230469 0.0885417 0.1117188
4 0.5705729 0.4957031 0.1057292 0.0726563
0 0.6205729 0.7441406 0.0942708 0.0570312
4 0.3565104 0.6601562 0.0859375 0.1093750
4 0.6101562 0.7183594 0.0661458 0.0960938
3 0.3757813 0.2515625 0.0578125 0.0921875
2 0.7278646 0.5320312 0.0630208 0.1109375
2 0.4651042 0.3820312 0.0447917 0.1046875
1 0.6757812 0.6171875 0.0973958 0.0750000
3 0.7244792 0.5179687 0.1093750 0.0750000
1 0.6591146 0.4046875 0.1109375 0.0953125
2 0.6406250 0.4796875 0.0510417 0.1156250
1 0.5979167 0.5625000 0.0843750 0.1062500
0 0.4195313 0.4132812 0.0671875 0.1296875
3 0.6708333 0.2429688 0.0760417 0.1187500
3 0.4445312 0.5914063 0.0744792 0.1515625
3 0.7968750 0.5589844 0.1020833 0.1148437
2 0.3921875 0.6863281 0.1052083 0.0882813
3 0.6216146 0.4523437 0.0567708 0.1437500
1 0.3346354 0.3769531 0.1171875 0.0851563
4 0.4174479 0.4910156 0.0526042 0.0851563
5 0.3927083 0.2187500 0.0947917 0.0593750
1 0.4119792 0.2652344 0.0531250 0.1414063
1 0.6380208 0.7421875 0.0520833 0.0812500
4 0.4664063 0.7992187 0.0755208 0.1265625
1 0.3325521 0.5062500 0.0661458 0.0843750
3 0.6643229 0.7339844 0.0515625 0.1523438
3 0.6630208 0.4417969 0.0822917 0.0976562
4 0.4174479 0.8390625 0.0911458 0.1296875
0 0.3033854 0.7054687 0.1078125 0.0734375
2 0.4380208 0.6660156 0.0666667 0.1257813
3 0.7312500 0.5605469 0.0989583 0.1164063
0 0.5546875 0.4953125 0.0989583 0.0828125
0 0.7463542 0.7363281 0.1062500 0.0867187
0 0.5106771 0.2628906 0.0776042 0.1304687
2 0.5338542 0.1156250 0.0697917 0.1031250
3 0.3403646 0.8261719 0.0557292 0.1664063
5 0.7489583 0.3253906 0.0895833 0.0820312
0 0.7135417 0.5257812 0.1093750 0.0812500
2 0.5533854 0.4035156 0.0598958 0.1523438
1 0.7315104 0.4218750 0.1098958 0.0890625
2 0.7229167 0.4941406 0.0989583 0.1070312
1 0.4812500 0.2003906 0.0552083 0.1414063
1 0.5924479 0.5816406 0.1140625 0.0835937
4 0.3744792 0.3437500 0.0666667 0.1140625
5 0.5531250 0.1941406 0.0927083 0.1414063
0 0.6132812 0.3898437 0.0776042 0.0953125
1 0.2518229 0.6105469 0.0442708 0.1039063
1 0.4742188 0.8328125 0.0567708 0.0812500
3 0.6893229 0.2011719 0.0536458 0.1085938
2 0.5023437 0.3265625 0.0755208 0.0984375
1 0.2231771 0.3070312 0.0526042 0.1453125
0 0.2606771 0.6296875 0.0817708 0.1187500
5 0.5403646 0.4078125 0.0557292 0.1468750
5 0.3348958 0.4355469 0.0500000 0.0789062
3 0.4335938 0.7863281 0.0536458 0.0632812
5 0.4421875 0.3027344 0.0947917 0.1195313
5 0.6130208 0.2886719 0.0822917 0.0757812
4 0.5958333 0.6562500 0.0937500 0.0609375
2 0.4947917 0.5492187 0.1093750 0.0796875
3 0.2208333 0.3898437 0.1062500 0.0859375
3 0.6531250 0.8085938 0.1114583 0.0828125
1 0.6940104 0.6554688 0.1151042 0.0781250
9 0.5020833 0.7464844 0.0812500 0.1476562
9 0.4380208 0.4988281 0.0843750 0.0914062
7 0.3033854 0.1058594 0.0640625 0.1523438
8 0.7148438 0.7714844 0.0932292 0.0929688
11 0.4825521 0.1871094 0.0921875 0.1335938
8 0.4278646 0.2484375 0.0838542 0.1531250
9 0.2281250 0.3800781 0.1000000 0.1023437
9 0.7479167 0.5574219 0.1114583 0.1164063
10 0.6046875 0.0804688 0.0791667 0.1421875
