4 0.6924479 0.6792969 0.0265625 0.0195312
3 0.5651042 0.7464844 0.0260417 0.0179687
1 0.7125000 0.5718750 0.0229167 0.0312500
3 0.3500000 0.2500000 0.0229167 0.0187500
1 0.6559896 0.6699219 0.0119792 0.0179687
4 0.6244792 0.4109375 0.0135417 0.0296875
0 0.5171875 0.5539063 0.0166667 0.0343750
2 0.4377604 0.4292969 0.0119792 0.0242188
1 0.3934896 0.5937500 0.0265625 0.0203125
5 0.7091146 0.4242187 0.0234375 0.0156250
1 0.7585937 0.3933594 0.0151042 0.0257812
5 0.4640625 0.5765625 0.0239583 0.0187500
2 0.2932292 0.6945313 0.0156250 0.0390625
1 0.3236979 0.4632812 0.0234375 0.0171875
5 0.5421875 0.4277344 0.0260417 0.0195312
4 0.6841146 0.8468750 0.0192708 0.0203125
3 0.5421875 0.4875000 0.0125000 0.0375000
3 0.6651042 0.1765625 0.0135417 0.0343750
1 0.4755208 0.8562500 0.0145833 0.0343750
2 0.4380208 0.1972656 0.0156250 0.0226562
0 0.5656250 0.7437500 0.0229167 0.0140625
0 0.5406250 0.4054687 0.0187500 0.0156250
2 0.5468750 0.5617188 0.0239583 0.0187500
0 0.6302083 0.3066406 0.0208333 0.0179687
4 0.3744792 0.2363281 0.0104167 0.0179687
2 0.2630208 0.4578125 0.0125000 0.0296875
1 0.3471354 0.3093750 0.0213542 0.0250000
4 0.3218750 0.2593750 0.0145833 0.0218750
4 0.4403646 0.5679688 0.0109375 0.0187500
3 0.4604167 0.0812500 0.0156250 0.0312500
1 0.5822917 0.4261719 0.0135417 0.0273438
5 0.6119792 0.7808594 0.0260417 0.0210938
1 0.4963542 0.7824219 0.0125000 0.0382813
1 0.3723958 0.4691406 0.0218750 0.0320312
1 0.4263021 0.7683594 0.0140625 0.0195312
0 0.5789062 0.7613281 0.0171875 0.0367188
3 0.4242187 0.5949219 0.0171875 0.0226562
2 0.4843750 0.8093750 0.0239583 0.0171875
1 0.3914063 0.5468750 0.0151042 0.0312500
5 0.4588542 0.6457031 0.0156250 0.0351562
3 0.3710938 0.5210938 0.0182292 0.0265625
0 0.6502604 0.4496094 0.0276042 0.0195312
4 0.6302083 0.4984375 0.0104167 0.0234375
2 0.4447917 0.7910156 0.0197917 0.0320312
2 0.7739583 0.3886719 0.0239583 0.0179687
5 0.4049479 0.5683594 0.0182292 0.0195312
5 0.5544271 0.2308594 0.0255208 0.0179687
0 0.7135417 0.5148438 0.0145833 0.0250000
1 0.5494792 0.8339844 0.0145833 0.0195312
1 0.5591146 0.4867187 0.0130208 0.0328125
2 0.3393229 0.7128906 0.0119792 0.0257812
5 0.3333333 0.1699219 0.0125000 0.0226562
1 0.6015625 0.4437500 0.0145833 0.0171875
2 0.7739583 0.5695313 0.0250000 0.0250000
2 0.6486979 0.5335937 0.0109375 0.0328125
3 0.6648437 0.7222656 0.0244792 0.0164063
1 0.7130208 0.4652344 0.0104167 0.0195312
0 0.4307292 0.5777344 0.0187500 0.0164063
2 0.5744792 0.5058594 0.0239583 0.0273438
3 0.7088542 0.6875000 0.0114583 0.0156250
4 0.7018229 0.8320312 0.0130208 0.0328125
2 0.3328125 0.6972656 0.0145833 0.0382813
0 0.5169271 0.4437500 0.0161458 0.0390625
9 0.4393229 0.8027344 0.0161458 0.0351562
11 0.4955729 0.0937500 0.0234375 0.0234375
7 0.5088542 0.2207031 0.0208333 0.0210938
11 0.4721354 0.6105469 0.0161458 0.0273438
8 0.3221354 0.3597656 0.0213542 0.0210938
6 0.4476562 0.6449219 0.0223958 0.0273438
10 0.6382813 0.7296875 0.0161458 0.0375000
11 0.5572917 0.5824219 0.0229167 0.0226562
8 0.4122396 0.5007812 0.0140625 0.0328125
