2 0.4947917 0.6082031 0.0145833 0.0398437
0 0.4013021 0.4800781 0.0265625 0.0320312
4 0.6976562 0.4789062 0.0234375 0.0343750
1 0.6052083 0.7281250 0.0270833 0.0187500
2 0.3713542 0.3738281 0.0208333 0.0382813
4 0.4973958 0.5332031 0.0197917 0.0226562
5 0.5135417 0.5011719 0.0208333 0.0382813
3 0.5979167 0.3441406 0.0281250 0.0179687
3 0.3924479 0.8312500 0.0265625 0.0218750
1 0.5005208 0.2546875 0.0260417 0.0328125
3 0.5971354 0.8046875 0.0140625 0.0296875
5 0.4497396 0.8925781 0.0276042 0.0226562
4 0.4598958 0.8773437 0.0281250 0.0296875
1 0.4416667 0.4761719 0.0281250 0.0210938
5 0.5997396 0.5792969 0.0151042 0.0429688
5 0.3083333 0.5394531 0.0166667 0.0414062
0 0.6768229 0.6914062 0.0286458 0.0203125
5 0.5664062 0.9136719 0.0151042 0.0398437
4 0.8007812 0.5347656 0.0223958 0.0335937
3 0.4484375 0.6250000 0.0250000 0.0296875
4 0.5583333 0.1132812 0.0145833 0.0218750
1 0.3984375 0.3765625 0.0229167 0.0203125
2 0.3713542 0.2789063 0.0208333 0.0328125
0 0.5875000 0.4113281 0.0229167 0.0195312
1 0.2856771 0.7210937 0.0182292 0.0343750
4 0.4156250 0.3261719 0.0156250 0.0210938
0 0.5135417 0.3339844 0.0145833 0.0414062
1 0.7039062 0.6335937 0.0265625 0.0156250
2 0.4666667 0.8300781 0.0166667 0.0460938
0 0.5216146 0.5851563 0.0255208 0.0312500
1 0.5460938 0.5300781 0.0223958 0.0335937
3 0.2799479 0.3660156 0.0234375 0.0179687
4 0.5528646 0.3308594 0.0182292 0.0320312
2 0.7026042 0.8218750 0.0291667 0.0187500
1 0.5416667 0.5183594 0.0218750 0.0320312
5 0.4502604 0.8468750 0.0192708 0.0281250
1 0.4744792 0.4246094 0.0281250 0.0179687
1 0.6791667 0.5558594 0.0260417 0.0195312
1 0.5346354 0.5527344 0.0286458 0.0195312
2 0.6856771 0.4839844 0.0255208 0.0210938
3 0.7520833 0.5558594 0.0270833 0.0210938
4 0.5736979 0.5074219 0.0244792 0.0195312
2 0.2708333 0.4683594 0.0260417 0.0179687
5 0.6937500 0.8035156 0.0250000 0.0210938
1 0.6815104 0.5886719 0.0234375 0.0195312
0 0.3341146 0.6578125 0.0182292 0.0250000
1 0.7197917 0.4339844 0.0302083 0.0210938
2 0.4164062 0.7457031 0.0276042 0.0195312
4 0.3468750 0.4292969 0.0197917 0.0335937
5 0.4799479 0.4832031 0.0140625 0.0273438
5 0.6083333 0.6933594 0.0291667 0.0226562
1 0.5669271 0.7066406 0.0286458 0.0242188
1 0.6718750 0.5937500 0.0208333 0.0328125
1 0.5007812 0.6246094 0.0098958 0.0195312
0 0.4679687 0.3859375 0.0276042 0.0187500
2 0.4986979 0.4929688 0.0203125 0.0296875
0 0.3640625 0.6542969 0.0270833 0.0242188
2 0.6028646 0.2886719 0.0307292 0.0195312
5 0.7101563 0.7597656 0.0276042 0.0195312
3 0.6570312 0.4632812 0.0265625 0.0234375
2 0.6109375 0.4546875 0.0270833 0.0187500
4 0.4424479 0.2593750 0.0098958 0.0390625
5 0.5760417 0.5257812 0.0166667 0.0312500
1 0.4010417 0.5855469 0.0156250 0.0445313
0 0.4252604 0.0812500 0.0265625 0.0265625
4 0.5955729 0.5980469 0.0234375 0.0164063
0 0.3052083 0.4050781 0.0260417 0.0257812
3 0.6919271 0.7242188 0.0296875 0.0203125
3 0.6846354 0.4855469 0.0286458 0.0195312
5 0.4687500 0.3101563 0.0135417 0.0265625
4 0.4231771 0.2914062 0.0244792 0.0328125
0 0.6140625 0.2550781 0.0125000 0.0429688
5 0.5007812 0.1707031 0.0265625 0.0210938
4 0.5031250 0.3175781 0.0281250 0.0179687
5 0.7158854 0.5109375 0.0151042 0.0406250
7 0.4916667 0.3058594 0.0166667 0.0289063
11 0.3447917 0.4519531 0.0260417 0.0351562
6 0.7395833 0.5019531 0.0250000 0.0289063
11 0.7046875 0.4417969 0.0177083 0.0273438
