2 0.4713542 0.3921875 0.0500000 0.0718750
4 0.7263021 0.7500000 0.0578125 0.1062500
2 0.4502604 0.5417969 0.0494792 0.0664062
5 0.3463542 0.3074219 0.0833333 0.0914062
2 0.7205729 0.6578125 0.0796875 0.0656250
2 0.3919271 0.7046875 0.0463542 0.1171875
5 0.5934896 0.6984375 0.0807292 0.0531250
1 0.2554688 0.4113281 0.0890625 0.0726563
0 0.3664062 0.5433594 0.0442708 0.0601563
0 0.3273437 0.3402344 0.0453125 0.0632812
3 0.7255208 0.2226562 0.0375000 0.1218750
1 0.4747396 0.4343750 0.0369792 0.1234375
0 0.5333333 0.7972656 0.0729167 0.0570312
1 0.6059896 0.4503906 0.0682292 0.0632812
3 0.4645833 0.1089844 0.0802083 0.0570312
4 0.5283854 0.3472656 0.0682292 0.0695313
2 0.6822917 0.5371094 0.0968750 0.0695313
5 0.4505208 0.6375000 0.0843750 0.0562500
1 0.3471354 0.3886719 0.0515625 0.0851563
3 0.5315104 0.2746094 0.0526042 0.1007813
0 0.4049479 0.6289062 0.0401042 0.0734375
5 0.5093750 0.3500000 0.0739583 0.0500000
2 0.8218750 0.2386719 0.0531250 0.0492187
0 0.5489583 0.4210937 0.0854167 0.0843750
4 0.5570312 0.7867188 0.0484375 0.1218750
1 0.3484375 0.8093750 0.0927083 0.0593750
1 0.6424479 0.1128906 0.0526042 0.0820312
0 0.6903646 0.4375000 0.0963542 0.0656250
2 0.4559896 0.2039063 0.0359375 0.0765625
1 0.6455729 0.2593750 0.0463542 0.0656250
4 0.4364583 0.5101562 0.0906250 0.0828125
4 0.4109375 0.4628906 0.0656250 0.1039063
0 0.5778646 0.7367187 0.0848958 0.0843750
3 0.5528646 0.5121094 0.0859375 0.0695313
3 0.4286458 0.3531250 0.0322917 0.0687500
5 0.5763021 0.5199219 0.0796875 0.0445313
3 0.6419271 0.4726562 0.0442708 0.0828125
1 0.5302083 0.8265625 0.0458333 0.1140625
4 0.6341146 0.2296875 0.0838542 0.0656250
0 0.6286458 0.7433594 0.0562500 0.0679687
2 0.7020833 0.4019531 0.0427083 0.0804688
4 0.5906250 0.4949219 0.0781250 0.0726563
0 0.5776042 0.1738281 0.0781250 0.0726563
5 0.3877604 0.0750000 0.0838542 0.0890625
4 0.5460938 0.7937500 0.0890625 0.0625000
5 0.5296875 0.4578125 0.0802083 0.0640625
5 0.4257812 0.1605469 0.0661458 0.1070312
0 0.5658854 0.5472656 0.0953125 0.0679687
0 0.3539062 0.1550781 0.0588542 0.0570312
1 0.6296875 0.4820313 0.0677083 0.0937500
2 0.5395833 0.7339844 0.0500000 0.1351563
0 0.5755208 0.8480469 0.0500000 0.1085938
8 0.5611979 0.1539062 0.0557292 0.0906250
