1 0.6992188 0.4964844 0.0244792 0.0148437
5 0.3276042 0.7140625 0.0197917 0.0187500
1 0.5372396 0.4695313 0.0203125 0.0171875
4 0.6044271 0.4691406 0.0286458 0.0195312
1 0.5700521 0.2277344 0.0234375 0.0226562
1 0.5416667 0.2937500 0.0125000 0.0171875
1 0.5588542 0.3789062 0.0260417 0.0234375
5 0.6091146 0.3371094 0.0213542 0.0257812
4 0.5140625 0.6101562 0.0208333 0.0218750
5 0.4539063 0.5699219 0.0255208 0.0210938
4 0.6731771 0.5691406 0.0223958 0.0164063
2 0.5505208 0.5132813 0.0239583 0.0281250
1 0.4971354 0.3281250 0.0151042 0.0375000
4 0.4875000 0.4242187 0.0260417 0.0234375
3 0.6437500 0.2125000 0.0250000 0.0250000
3 0.7367187 0.4613281 0.0223958 0.0242188
5 0.3846354 0.8132812 0.0223958 0.0234375
4 0.5307292 0.8320312 0.0229167 0.0203125
1 0.6515625 0.4074219 0.0145833 0.0242188
3 0.7143229 0.3187500 0.0140625 0.0406250
0 0.5359375 0.0656250 0.0156250 0.0328125
5 0.4609375 0.3359375 0.0177083 0.0250000
5 0.3578125 0.3738281 0.0208333 0.0257812
3 0.4825521 0.3886719 0.0130208 0.0179687
4 0.6914062 0.6230469 0.0244792 0.0164063
1 0.4888021 0.7847656 0.0130208 0.0257812
1 0.6643229 0.7542969 0.0255208 0.0195312
2 0.6315104 0.5425781 0.0244792 0.0195312
2 0.3539062 0.3367188 0.0276042 0.0218750
0 0.4989583 0.2265625 0.0250000 0.0171875
1 0.4007812 0.2390625 0.0140625 0.0203125
3 0.6606771 0.1179687 0.0161458 0.0406250
4 0.3385417 0.3785156 0.0197917 0.0351562
5 0.4861979 0.2167969 0.0151042 0.0289063
3 0.3369792 0.6410156 0.0156250 0.0398437
0 0.5786458 0.3785156 0.0135417 0.0335937
4 0.5414062 0.1117188 0.0255208 0.0187500
5 0.3895833 0.7703125 0.0145833 0.0359375
5 0.3039062 0.2191406 0.0276042 0.0179687
0 0.3507812 0.4335938 0.0265625 0.0250000
1 0.6338542 0.2601562 0.0208333 0.0312500
0 0.4309896 0.6074219 0.0286458 0.0179687
2 0.4036458 0.5867187 0.0229167 0.0203125
3 0.6643229 0.8171875 0.0161458 0.0187500
4 0.4882812 0.4921875 0.0171875 0.0218750
1 0.5804687 0.6125000 0.0171875 0.0156250
3 0.7018229 0.4546875 0.0223958 0.0281250
0 0.4234375 0.3496094 0.0260417 0.0195312
4 0.5877604 0.5343750 0.0161458 0.0250000
3 0.5429688 0.5578125 0.0265625 0.0203125
3 0.4645833 0.4421875 0.0145833 0.0281250
3 0.6289062 0.2941406 0.0192708 0.0195312
0 0.5536458 0.7156250 0.0239583 0.0265625
1 0.5401042 0.3082031 0.0229167 0.0195312
5 0.4882812 0.0925781 0.0140625 0.0210938
1 0.5335937 0.3183594 0.0140625 0.0226562
1 0.5614583 0.6601562 0.0145833 0.0171875
4 0.6765625 0.3835938 0.0250000 0.0171875
4 0.6687500 0.3449219 0.0197917 0.0335937
1 0.6203125 0.2921875 0.0145833 0.0218750
3 0.4367187 0.3382812 0.0192708 0.0218750
0 0.2648437 0.3476562 0.0255208 0.0171875
1 0.6348958 0.6800781 0.0239583 0.0257812
2 0.5148438 0.1929687 0.0151042 0.0281250
1 0.7497396 0.4535156 0.0286458 0.0195312
3 0.6833333 0.4039063 0.0281250 0.0187500
4 0.4966146 0.6210938 0.0255208 0.0187500
4 0.4065104 0.9039063 0.0203125 0.0250000
2 0.5611979 0.6351562 0.0265625 0.0250000
0 0.3247396 0.4714844 0.0223958 0.0257812
7 0.3742187 0.6402344 0.0244792 0.0304687
