5 0.4166667 0.5839844 0.0437500 0.0414062
4 0.2648437 0.6519531 0.0317708 0.0273438
3 0.2937500 0.4863281 0.0364583 0.0429688
1 0.4934896 0.1464844 0.0255208 0.0320312
3 0.6843750 0.2105469 0.0239583 0.0632812
3 0.5257812 0.3007812 0.0411458 0.0359375
2 0.4299479 0.6925781 0.0348958 0.0507812
5 0.4700521 0.8105469 0.0265625 0.0585938
3 0.4440104 0.4625000 0.0432292 0.0312500
0 0.4674479 0.7238281 0.0286458 0.0539063
3 0.6247396 0.5289063 0.0411458 0.0281250
2 0.6565104 0.2449219 0.0296875 0.0414062
4 0.4242187 0.5753906 0.0473958 0.0304687
4 0.6460938 0.5960937 0.0338542 0.0406250
5 0.6369792 0.3964844 0.0479167 0.0304687
2 0.6690104 0.8644531 0.0328125 0.0570312
5 0.4734375 0.9007812 0.0197917 0.0390625
4 0.5765625 0.6292969 0.0364583 0.0445313
2 0.3924479 0.6605469 0.0421875 0.0289063
5 0.4611979 0.5464844 0.0244792 0.0570312
1 0.5783854 0.2425781 0.0338542 0.0382813
4 0.5184896 0.1964844 0.0380208 0.0429688
0 0.5205729 0.5648437 0.0296875 0.0390625
4 0.4622396 0.4136719 0.0223958 0.0507812
1 0.5940104 0.6503906 0.0380208 0.0351562
5 0.8221354 0.3308594 0.0338542 0.0320312
3 0.6286458 0.3394531 0.0281250 0.0585938
3 0.3856771 0.9167969 0.0255208 0.0398437
5 0.4835937 0.8339844 0.0276042 0.0414062
2 0.5614583 0.5429688 0.0437500 0.0312500
3 0.7382812 0.2531250 0.0463542 0.0312500
3 0.4541667 0.1250000 0.0395833 0.0375000
0 0.5744792 0.6179687 0.0270833 0.0390625
5 0.5338542 0.7410156 0.0270833 0.0320312
2 0.5812500 0.6218750 0.0354167 0.0437500
2 0.6263021 0.4851563 0.0421875 0.0281250
0 0.5145833 0.3761719 0.0416667 0.0289063
0 0.3666667 0.3695312 0.0385417 0.0468750
2 0.3325521 0.4308594 0.0411458 0.0320312
5 0.5963542 0.7953125 0.0197917 0.0484375
3 0.5906250 0.8093750 0.0364583 0.0312500
5 0.3656250 0.7167969 0.0364583 0.0398437
4 0.5164062 0.0984375 0.0307292 0.0609375
4 0.7744792 0.7832031 0.0447917 0.0289063
0 0.5479167 0.7910156 0.0208333 0.0429688
3 0.5270833 0.2535156 0.0291667 0.0710937
2 0.6190104 0.8394531 0.0213542 0.0632812
4 0.2890625 0.5738281 0.0406250 0.0507812
0 0.6653646 0.7441406 0.0380208 0.0335937
2 0.5184896 0.3820312 0.0203125 0.0437500
1 0.6200521 0.2332031 0.0265625 0.0414062
3 0.5562500 0.3894531 0.0281250 0.0523438
3 0.6981771 0.4796875 0.0390625 0.0468750
3 0.6588542 0.9066406 0.0437500 0.0367188
2 0.2971354 0.6207031 0.0380208 0.0351562
2 0.7026042 0.6929688 0.0385417 0.0312500
5 0.7554688 0.6414062 0.0348958 0.0390625
0 0.2427083 0.4574219 0.0291667 0.0460938
0 0.5263021 0.8113281 0.0223958 0.0523438
1 0.6296875 0.5648437 0.0385417 0.0296875
0 0.4533854 0.4656250 0.0192708 0.0468750
3 0.3726563 0.1105469 0.0265625 0.0648438
5 0.2296875 0.2769531 0.0343750 0.0476562
4 0.5979167 0.2855469 0.0270833 0.0335937
4 0.5492187 0.5984375 0.0203125 0.0515625
2 0.7098958 0.8511719 0.0406250 0.0351562
4 0.6018229 0.8144531 0.0265625 0.0429688
3 0.4414062 0.6605469 0.0286458 0.0570312
4 0.6945313 0.2890625 0.0401042 0.0265625
3 0.7005208 0.5042969 0.0416667 0.0289063
5 0.4171875 0.4242187 0.0343750 0.0437500
0 0.3627604 0.5402344 0.0432292 0.0257812
1 0.5942708 0.0824219 0.0281250 0.0585938
3 0.3059896 0.6265625 0.0359375 0.0312500
5 0.7518229 0.3527344 0.0307292 0.0570312
1 0.6593750 0.3816406 0.0395833 0.0273438
6 0.5554687 0.7246094 0.0432292 0.0523438
8 0.5421875 0.7531250 0.0270833 0.0609375
10 0.5916667 0.0906250 0.0395833 0.0546875
6 0.4260417 0.7269531 0.0427083 0.0414062
10 0.4447917 0.4292969 0.0291667 0.0414062
8 0.4299479 0.1476562 0.0421875 0.0437500
11 0.5195312 0.7656250 0.0286458 0.0671875
11 0.6445312 0.2503906 0.0390625 0.0539063
6 0.6247396 0.6105469 0.0411458 0.0476562
6 0.6239583 0.4257812 0.0416667 0.0437500
11 0.5463542 0.4808594 0.0406250 0.0445313
10 0.4325521 0.3531250 0.0276042 0.0640625
11 0.4554687 0.5828125 0.0244792 0.0546875
11 0.5460938 0.6542969 0.0401042 0.0632812
9 0.4742188 0.7777344 0.0307292 0.0601563
10 0.4153646 0.6851563 0.0369792 0.0609375
