3 0.4479167 0.2171875 0.0645833 0.0718750
2 0.5895833 0.1636719 0.0656250 0.0570312
5 0.5429688 0.6937500 0.0317708 0.1109375
1 0.4846354 0.1859375 0.0401042 0.0828125
1 0.6575521 0.2007812 0.0380208 0.0718750
0 0.5156250 0.6105469 0.0427083 0.1070312
4 0.5861979 0.4980469 0.0651042 0.0539063
5 0.1716146 0.6917969 0.0734375 0.0601563
3 0.4351563 0.3003906 0.0380208 0.0773438
5 0.6750000 0.7816406 0.0281250 0.0585938
3 0.3166667 0.4632812 0.0677083 0.0593750
0 0.3776042 0.5996094 0.0645833 0.0820312
0 0.4739583 0.8105469 0.0437500 0.1101562
4 0.5401042 0.8871094 0.0583333 0.0679687
1 0.4208333 0.2308594 0.0385417 0.0554687
0 0.5765625 0.6269531 0.0604167 0.0445313
1 0.6283854 0.4175781 0.0453125 0.0835937
1 0.4111979 0.6996094 0.0484375 0.0851563
2 0.6671875 0.3707031 0.0625000 0.0554687
5 0.6880208 0.7464844 0.0687500 0.0648438
1 0.5802083 0.3878906 0.0416667 0.0476562
3 0.5338542 0.6402344 0.0395833 0.1148437
4 0.5963542 0.4121094 0.0489583 0.0882813
5 0.4937500 0.7429687 0.0312500 0.0421875
0 0.5864583 0.2625000 0.0750000 0.0484375
1 0.7401042 0.4156250 0.0697917 0.0718750
5 0.4812500 0.3320312 0.0562500 0.0593750
2 0.5192708 0.6808594 0.0427083 0.0648438
4 0.5127604 0.3054688 0.0734375 0.0468750
0 0.5414062 0.8875000 0.0630208 0.0406250
4 0.5799479 0.6746094 0.0776042 0.0539063
5 0.5242187 0.3539062 0.0578125 0.0625000
5 0.7510417 0.4226563 0.0510417 0.1046875
5 0.5825521 0.3386719 0.0453125 0.0804688
4 0.7257813 0.3339844 0.0401042 0.0929688
5 0.6841146 0.2339844 0.0619792 0.0679687
2 0.3622396 0.6332031 0.0546875 0.0757812
0 0.6473958 0.1796875 0.0593750 0.0718750
3 0.5416667 0.4675781 0.0354167 0.0992187
2 0.4067708 0.4324219 0.0593750 0.0617188
2 0.4906250 0.1691406 0.0656250 0.0539063
0 0.6117187 0.5730469 0.0651042 0.0460938
4 0.4343750 0.5882812 0.0385417 0.1015625
5 0.4098958 0.2519531 0.0343750 0.0492187
5 0.5026042 0.7578125 0.0656250 0.0500000
0 0.5648437 0.8187500 0.0682292 0.0484375
5 0.5096354 0.6300781 0.0567708 0.0601563
2 0.5580729 0.7839844 0.0348958 0.1054688
0 0.4598958 0.3343750 0.0677083 0.0609375
4 0.6486979 0.3378906 0.0463542 0.0820312
5 0.5039062 0.2671875 0.0338542 0.1015625
0 0.5177083 0.3207031 0.0489583 0.0476562
5 0.6903646 0.3097656 0.0369792 0.0898438
2 0.5640625 0.8117188 0.0354167 0.0890625
5 0.4632812 0.2433594 0.0703125 0.0570312
4 0.3802083 0.5464844 0.0333333 0.1101562
3 0.6427083 0.5195312 0.0593750 0.0468750
0 0.3098958 0.2382812 0.0510417 0.0953125
1 0.7359375 0.0789062 0.0677083 0.0546875
4 0.4239583 0.2828125 0.0427083 0.1171875
1 0.5531250 0.1531250 0.0354167 0.0562500
2 0.6854167 0.5820312 0.0281250 0.0640625
3 0.3031250 0.3761719 0.0708333 0.0523438
1 0.4661458 0.6128906 0.0447917 0.0476562
1 0.6354167 0.8503906 0.0645833 0.0539063
2 0.4997396 0.2691406 0.0640625 0.0617188
3 0.5440104 0.5066406 0.0640625 0.0539063
4 0.6278646 0.2675781 0.0328125 0.0570312
1 0.3356771 0.5097656 0.0390625 0.0757812
6 0.3463542 0.8937500 0.0416667 0.0953125
6 0.5583333 0.5449219 0.0572917 0.0710937
11 0.3721354 0.7867188 0.0609375 0.1109375
10 0.4927083 0.6839844 0.0437500 0.0945312
9 0.7799479 0.6890625 0.0682292 0.0671875
6 0.6419271 0.7500000 0.0588542 0.0609375
10 0.4049479 0.5488281 0.0536458 0.0898438
7 0.5057292 0.1125000 0.0593750 0.0703125
6 0.2385417 0.2617188 0.0645833 0.0625000
11 0.5395833 0.4332031 0.0687500 0.0929688
11 0.4164062 0.4578125 0.0651042 0.0640625
6 0.6398438 0.4585938 0.0505208 0.0906250
6 0.5354167 0.8160156 0.0552083 0.0679687
9 0.6486979 0.4335938 0.0463542 0.0640625
10 0.3716146 0.2488281 0.0619792 0.0601563
10 0.3697917 0.1281250 0.0447917 0.0968750
9 0.4020833 0.6437500 0.0458333 0.0875000
9 0.6223958 0.2867188 0.0697917 0.0687500
