4 0.5898438 0.3894531 0.0244792 0.0210938
0 0.5380208 0.4859375 0.0197917 0.0359375
5 0.3437500 0.7589844 0.0197917 0.0335937
2 0.4065104 0.3140625 0.0192708 0.0375000
2 0.4554687 0.7917969 0.0130208 0.0382813
4 0.2851562 0.7152344 0.0244792 0.0195312
3 0.5708333 0.5468750 0.0250000 0.0187500
4 0.4687500 0.6578125 0.0145833 0.0375000
4 0.7507812 0.3683594 0.0171875 0.0242188
3 0.4888021 0.5976562 0.0182292 0.0421875
2 0.5020833 0.6871094 0.0270833 0.0273438
1 0.6786458 0.6632813 0.0291667 0.0234375
4 0.6140625 0.3550781 0.0250000 0.0164063
1 0.3796875 0.3226562 0.0177083 0.0156250
1 0.6210938 0.3531250 0.0130208 0.0390625
3 0.3979167 0.4566406 0.0197917 0.0320312
3 0.4039063 0.4468750 0.0171875 0.0359375
5 0.4338542 0.4617188 0.0302083 0.0296875
0 0.5895833 0.5183594 0.0270833 0.0164063
2 0.5940104 0.6269531 0.0182292 0.0195312
2 0.4703125 0.4335938 0.0125000 0.0187500
2 0.5815104 0.6503906 0.0286458 0.0210938
5 0.6236979 0.2980469 0.0286458 0.0289063
4 0.6947917 0.4835937 0.0125000 0.0187500
3 0.6294271 0.9125000 0.0276042 0.0203125
4 0.7138021 0.4226563 0.0244792 0.0171875
2 0.5312500 0.3042969 0.0156250 0.0414062
3 0.2776042 0.7667969 0.0260417 0.0195312
4 0.6315104 0.6164063 0.0296875 0.0203125
4 0.5690104 0.7316406 0.0286458 0.0195312
5 0.5419271 0.2050781 0.0244792 0.0210938
3 0.6164063 0.3574219 0.0276042 0.0195312
4 0.5239583 0.3214844 0.0166667 0.0351562
0 0.3778646 0.3378906 0.0255208 0.0179687
4 0.3846354 0.3972656 0.0140625 0.0226562
3 0.5731771 0.2718750 0.0244792 0.0234375
8 0.5414062 0.6011719 0.0223958 0.0273438
6 0.5460938 0.4414062 0.0182292 0.0359375
9 0.6627604 0.4714844 0.0265625 0.0257812
