1 0.7250000 0.3761719 0.0666667 0.0492187
3 0.7109375 0.4531250 0.0614583 0.0656250
1 0.6513021 0.8203125 0.0411458 0.0828125
1 0.3864583 0.6683594 0.0697917 0.0429688
3 0.5497396 0.8179688 0.0463542 0.0906250
2 0.4000000 0.8968750 0.0531250 0.0750000
2 0.7244792 0.4214844 0.0677083 0.0601563
2 0.5015625 0.6718750 0.0343750 0.0890625
1 0.5942708 0.5878906 0.0312500 0.0726563
4 0.6710938 0.2148438 0.0359375 0.0562500
2 0.4669271 0.7093750 0.0286458 0.0953125
2 0.6877604 0.5804687 0.0526042 0.0453125
5 0.7304688 0.5105469 0.0338542 0.0492187
1 0.4070313 0.7621094 0.0276042 0.0523438
5 0.5138021 0.4343750 0.0630208 0.0421875
4 0.4611979 0.2957031 0.0598958 0.0695313
3 0.3546875 0.7105469 0.0260417 0.0664062
3 0.5315104 0.4785156 0.0244792 0.0507812
1 0.2536458 0.4191406 0.0604167 0.0507812
1 0.4856771 0.6851563 0.0609375 0.0468750
5 0.5143229 0.3660156 0.0557292 0.0414062
5 0.3703125 0.4433594 0.0552083 0.0460938
3 0.5130208 0.6886719 0.0656250 0.0460938
2 0.3424479 0.5035156 0.0651042 0.0382813
5 0.4833333 0.7398438 0.0468750 0.0375000
2 0.4257812 0.6496094 0.0692708 0.0570312
0 0.4848958 0.5792969 0.0343750 0.0851563
3 0.6848958 0.4484375 0.0322917 0.0765625
4 0.3755208 0.1324219 0.0583333 0.0460938
5 0.5354167 0.7675781 0.0656250 0.0445313
1 0.6596354 0.3414063 0.0453125 0.0671875
4 0.5921875 0.1660156 0.0291667 0.0820312
3 0.3971354 0.2898438 0.0661458 0.0500000
5 0.3380208 0.6718750 0.0291667 0.0968750
0 0.3062500 0.1480469 0.0656250 0.0492187
4 0.4132812 0.5667969 0.0432292 0.0960938
1 0.5216146 0.5718750 0.0557292 0.0390625
2 0.2156250 0.6226563 0.0343750 0.0828125
1 0.2091146 0.5011719 0.0567708 0.0632812
1 0.3419271 0.7339844 0.0286458 0.0398437
4 0.5059896 0.2351563 0.0432292 0.0640625
1 0.5703125 0.4066406 0.0312500 0.0851563
3 0.6263021 0.7472656 0.0328125 0.0507812
0 0.4242187 0.7714844 0.0432292 0.0601563
1 0.5625000 0.7000000 0.0645833 0.0453125
0 0.3552083 0.1152344 0.0531250 0.0460938
3 0.4380208 0.2539062 0.0614583 0.0421875
5 0.4778646 0.9121094 0.0567708 0.0414062
1 0.5294271 0.3066406 0.0453125 0.0742188
2 0.6263021 0.6406250 0.0557292 0.0625000
1 0.6619792 0.5132813 0.0458333 0.0890625
2 0.5213542 0.4156250 0.0604167 0.0406250
1 0.4463542 0.8128906 0.0562500 0.0507812
1 0.4882812 0.9054688 0.0276042 0.0656250
2 0.5476562 0.5269531 0.0401042 0.0726563
3 0.5135417 0.2320312 0.0583333 0.0421875
5 0.2192708 0.3699219 0.0635417 0.0585938
6 0.6497396 0.6109375 0.0651042 0.0718750
8 0.3570313 0.6976562 0.0369792 0.0562500
11 0.3994792 0.1988281 0.0552083 0.0617188
6 0.7304688 0.4941406 0.0598958 0.0679687
10 0.3200521 0.5804687 0.0609375 0.0609375
7 0.4205729 0.6468750 0.0390625 0.0937500
8 0.3736979 0.2640625 0.0578125 0.0593750
9 0.5369792 0.6621094 0.0364583 0.0554687
7 0.7046875 0.3746094 0.0583333 0.0570312
10 0.6859375 0.7480469 0.0572917 0.0679687
