4 0.5778646 0.2636719 0.0880208 0.0601563
1 0.4820313 0.4730469 0.0973958 0.0664062
4 0.7268229 0.5703125 0.0703125 0.0625000
1 0.5695313 0.2144531 0.0828125 0.0539063
0 0.2726562 0.7062500 0.0755208 0.0734375
2 0.6432292 0.7324219 0.0572917 0.1179687
3 0.3187500 0.3402344 0.0656250 0.0648438
4 0.6604167 0.5097656 0.0760417 0.0617188
1 0.3473958 0.4472656 0.0854167 0.0804688
0 0.3684896 0.4742188 0.0546875 0.0937500
5 0.6010417 0.6316406 0.0593750 0.1117188
5 0.4473958 0.6144531 0.0427083 0.1007813
2 0.5375000 0.4136719 0.0500000 0.1445312
0 0.4096354 0.6171875 0.0442708 0.1265625
4 0.5335937 0.4910156 0.0484375 0.0695313
5 0.4536458 0.3308594 0.0447917 0.0757812
2 0.6317708 0.5824219 0.0947917 0.0710937
2 0.5356771 0.3722656 0.0744792 0.0710937
2 0.4325521 0.2042969 0.0473958 0.1351563
5 0.3726563 0.7515625 0.0828125 0.0703125
0 0.2875000 0.4007812 0.0947917 0.0843750
1 0.3580729 0.7937500 0.0911458 0.0953125
5 0.3247396 0.5871094 0.0578125 0.1148437
4 0.3098958 0.5656250 0.0854167 0.0562500
2 0.5359375 0.9011719 0.0645833 0.1164063
1 0.6291667 0.6679688 0.0812500 0.0671875
3 0.2760417 0.6968750 0.0843750 0.0625000
4 0.3588542 0.3429687 0.0447917 0.1218750
5 0.3562500 0.3574219 0.0541667 0.0976562
1 0.7429687 0.6281250 0.0953125 0.0687500
0 0.5799479 0.6824219 0.0651042 0.0726563
1 0.5377604 0.2226562 0.0557292 0.1171875
0 0.5747396 0.4761719 0.0744792 0.0664062
4 0.7127604 0.5699219 0.0880208 0.0679687
3 0.3414063 0.5406250 0.0901042 0.0593750
0 0.5781250 0.6015625 0.0802083 0.0687500
2 0.3013021 0.4453125 0.0953125 0.0656250
4 0.6776042 0.2949219 0.0447917 0.0617188
3 0.6841146 0.2648437 0.0703125 0.0593750
0 0.4088542 0.7242188 0.0791667 0.0546875
2 0.6231771 0.4011719 0.0432292 0.1195313
2 0.3927083 0.6929688 0.0822917 0.0546875
9 0.6671875 0.7968750 0.0531250 0.1281250
11 0.3679688 0.6281250 0.0557292 0.1031250
11 0.5630208 0.2109375 0.0520833 0.0859375
7 0.2393229 0.6347656 0.0848958 0.0898438
9 0.4651042 0.6554688 0.0500000 0.0937500
10 0.6190104 0.4976563 0.0505208 0.0828125
6 0.3523438 0.2808594 0.0807292 0.1320312
7 0.5036458 0.1488281 0.0552083 0.1210938
9 0.5320312 0.3148437 0.0765625 0.0937500
6 0.5940104 0.6847656 0.0630208 0.1117188
8 0.6033854 0.2464844 0.0765625 0.0851563
10 0.3937500 0.7218750 0.0562500 0.1000000
11 0.6312500 0.2652344 0.0593750 0.1289062
7 0.2820313 0.2722656 0.0828125 0.1195313
11 0.4507813 0.2257812 0.0515625 0.1125000
