4 0.3283854 0.1906250 0.1328125 0.1859375
5 0.5088542 0.7210937 0.1291667 0.1890625
2 0.4614583 0.2343750 0.1489583 0.1375000
3 0.7085938 0.3136719 0.1369792 0.1351563
4 0.6778646 0.7906250 0.1442708 0.1921875
3 0.5648437 0.3742187 0.0682292 0.2296875
2 0.2531250 0.0792969 0.1520833 0.1039063
1 0.6700521 0.4539063 0.1265625 0.1046875
2 0.6289062 0.2839844 0.1505208 0.1257813
2 0.6591146 0.5925781 0.1380208 0.1664063
2 0.2835937 0.9121094 0.0723958 0.1742188
0 0.3041667 0.5125000 0.0916667 0.1500000
2 0.7213542 0.2894531 0.1583333 0.1007813
4 0.4500000 0.6230469 0.1166667 0.1820313
0 0.6750000 0.3511719 0.1250000 0.2023437
0 0.4768229 0.8847656 0.0828125 0.1414063
3 0.6398438 0.6378906 0.1411458 0.0945312
2 0.5703125 0.6597656 0.1364583 0.1273438
5 0.6856771 0.3007812 0.0932292 0.1468750
0 0.8307292 0.5281250 0.1083333 0.1921875
4 0.2854167 0.6843750 0.1468750 0.1062500
5 0.6518229 0.3371094 0.0723958 0.1992188
4 0.5432292 0.6164063 0.1083333 0.2125000
2 0.7955729 0.5183594 0.1661458 0.1132812
1 0.6427083 0.1351563 0.1406250 0.1796875
11 0.5726562 0.6800781 0.1223958 0.1695312
11 0.2192708 0.8878906 0.1593750 0.1570313
11 0.3062500 0.1011719 0.0927083 0.2023437
10 0.5046875 0.0953125 0.1250000 0.1906250
9 0.3932292 0.5820312 0.1291667 0.1296875
8 0.5231771 0.7925781 0.1036458 0.2132813
7 0.7309896 0.4101562 0.1494792 0.1453125
10 0.3679688 0.4414062 0.1078125 0.1328125
