3 0.6088542 0.7347656 0.0781250 0.0585938
3 0.3312500 0.1664063 0.0791667 0.0687500
2 0.5106771 0.7070312 0.0640625 0.0703125
1 0.5627604 0.5433594 0.0338542 0.1132812
1 0.4804688 0.6273437 0.0609375 0.0484375
1 0.7213542 0.2265625 0.0854167 0.0625000
4 0.2789063 0.8250000 0.0796875 0.0515625
2 0.6833333 0.2265625 0.0479167 0.0703125
5 0.3869792 0.2406250 0.0854167 0.0640625
3 0.4799479 0.4554687 0.0463542 0.1078125
1 0.2776042 0.3882813 0.0864583 0.0640625
2 0.7158854 0.6980469 0.0765625 0.0648438
2 0.5903646 0.3148437 0.0390625 0.1203125
0 0.5505208 0.4117188 0.0895833 0.0687500
2 0.4354167 0.7574219 0.0479167 0.1164063
3 0.7843750 0.3878906 0.0802083 0.0632812
0 0.3807292 0.1210938 0.0802083 0.0578125
2 0.3617187 0.7507812 0.0494792 0.0859375
3 0.7575521 0.4695313 0.0776042 0.0703125
0 0.5799479 0.2335937 0.0765625 0.0625000
0 0.5677083 0.0667969 0.0614583 0.1085938
1 0.3802083 0.1542969 0.0510417 0.1132812
2 0.7463542 0.5191406 0.0864583 0.0632812
5 0.3234375 0.5714844 0.0562500 0.0851563
4 0.4921875 0.3750000 0.0541667 0.0546875
5 0.5369792 0.7343750 0.0625000 0.0718750
0 0.6273437 0.6328125 0.0473958 0.0875000
5 0.6484375 0.2398437 0.0750000 0.0468750
2 0.3380208 0.6417969 0.0895833 0.0695313
4 0.3734375 0.3468750 0.0302083 0.0937500
5 0.3864583 0.3171875 0.0479167 0.1031250
4 0.2997396 0.2511719 0.0401042 0.0601563
4 0.6778646 0.6882812 0.0848958 0.0578125
5 0.6187500 0.1285156 0.0510417 0.0960938
0 0.3619792 0.2144531 0.0760417 0.0617188
0 0.3033854 0.6265625 0.0432292 0.1093750
5 0.3924479 0.7425781 0.0734375 0.0539063
1 0.5468750 0.1890625 0.0416667 0.1265625
0 0.7494792 0.3183594 0.0770833 0.0648438
1 0.3369792 0.7679687 0.0760417 0.0421875
4 0.6317708 0.3226562 0.0687500 0.0484375
3 0.7638021 0.3671875 0.0838542 0.0625000
1 0.4565104 0.3730469 0.0317708 0.0617188
0 0.4153646 0.8933594 0.0765625 0.0492187
5 0.5763021 0.4320312 0.0442708 0.1203125
3 0.6013021 0.4996094 0.0682292 0.0882813
5 0.3195312 0.5261719 0.0651042 0.0648438
0 0.6111979 0.6355469 0.0411458 0.1257813
5 0.4492188 0.6574219 0.0401042 0.1242188
0 0.4268229 0.6101562 0.0588542 0.0796875
0 0.5390625 0.3175781 0.0614583 0.0773438
1 0.3742187 0.3898437 0.0432292 0.0984375
2 0.4809896 0.3410156 0.0473958 0.0664062
2 0.4398437 0.4847656 0.0390625 0.0585938
4 0.5460938 0.5546875 0.0765625 0.0937500
2 0.3752604 0.3976562 0.0526042 0.0750000
5 0.4453125 0.5648437 0.0427083 0.0468750
2 0.6630208 0.2246094 0.0635417 0.0648438
3 0.3552083 0.5371094 0.0770833 0.0585938
0 0.4351563 0.3167969 0.0786458 0.0570312
1 0.3059896 0.2070312 0.0526042 0.1203125
3 0.6312500 0.7234375 0.0604167 0.0625000
1 0.6223958 0.8167969 0.0625000 0.0960938
4 0.5007812 0.4136719 0.0755208 0.0570312
2 0.2375000 0.6890625 0.0593750 0.0937500
3 0.7283854 0.5988281 0.0828125 0.0632812
7 0.6541667 0.8171875 0.0468750 0.1031250
9 0.5914063 0.4281250 0.0651042 0.1062500
11 0.4281250 0.3453125 0.0625000 0.0812500
10 0.6018229 0.4246094 0.0526042 0.0960938
7 0.6885417 0.7562500 0.0802083 0.0781250
8 0.6028646 0.7183594 0.0734375 0.0726563
9 0.5932292 0.6402344 0.0572917 0.1070312
6 0.6820312 0.4226563 0.0505208 0.0703125
