5 0.3744792 0.2230469 0.0156250 0.0492187
3 0.7257813 0.6492187 0.0296875 0.0296875
0 0.6729167 0.1214844 0.0302083 0.0226562
3 0.6666667 0.3195312 0.0364583 0.0312500
4 0.6013021 0.4550781 0.0307292 0.0273438
0 0.5210938 0.6089844 0.0223958 0.0289063
2 0.4812500 0.1476562 0.0208333 0.0421875
0 0.2851562 0.5687500 0.0244792 0.0390625
2 0.4197917 0.6480469 0.0197917 0.0210938
5 0.3445313 0.8261719 0.0151042 0.0367188
2 0.3447917 0.6257812 0.0166667 0.0328125
3 0.7182292 0.5246094 0.0333333 0.0304687
3 0.4059896 0.6085938 0.0171875 0.0265625
4 0.7960938 0.5183594 0.0296875 0.0304687
0 0.3549479 0.4527344 0.0328125 0.0273438
3 0.6606771 0.4089844 0.0213542 0.0335937
5 0.3218750 0.3464844 0.0250000 0.0273438
5 0.5825521 0.2613281 0.0192708 0.0460938
5 0.3143229 0.5097656 0.0317708 0.0351562
1 0.6221354 0.2351563 0.0140625 0.0390625
5 0.5080729 0.4406250 0.0192708 0.0468750
3 0.5166667 0.4972656 0.0333333 0.0320312
0 0.4385417 0.6273437 0.0312500 0.0250000
0 0.3973958 0.9421875 0.0197917 0.0250000
1 0.4619792 0.5164062 0.0135417 0.0421875
3 0.6182292 0.2394531 0.0218750 0.0226562
2 0.7447917 0.4328125 0.0302083 0.0312500
5 0.4307292 0.2312500 0.0322917 0.0250000
0 0.2869792 0.3121094 0.0208333 0.0460938
3 0.5958333 0.6585937 0.0187500 0.0234375
4 0.3260417 0.3320312 0.0281250 0.0281250
3 0.7325521 0.4882812 0.0161458 0.0281250
0 0.4072917 0.6023437 0.0156250 0.0234375
5 0.4869792 0.7296875 0.0322917 0.0187500
0 0.4697917 0.6710938 0.0218750 0.0343750
1 0.3263021 0.4992187 0.0265625 0.0390625
3 0.5726562 0.6171875 0.0276042 0.0250000
0 0.6695313 0.7906250 0.0234375 0.0250000
5 0.4252604 0.4179688 0.0328125 0.0250000
1 0.5307292 0.2425781 0.0312500 0.0210938
2 0.4572917 0.6656250 0.0218750 0.0390625
0 0.4377604 0.2226562 0.0213542 0.0203125
0 0.6559896 0.2101562 0.0276042 0.0343750
2 0.5679688 0.1304687 0.0161458 0.0453125
4 0.7906250 0.5832031 0.0260417 0.0210938
5 0.7401042 0.5855469 0.0197917 0.0445313
2 0.3229167 0.2121094 0.0166667 0.0476562
2 0.5481771 0.6859375 0.0265625 0.0312500
0 0.5130208 0.5859375 0.0187500 0.0234375
3 0.6539063 0.5164062 0.0328125 0.0250000
5 0.6726562 0.6609375 0.0307292 0.0218750
5 0.7041667 0.4347656 0.0333333 0.0257812
1 0.4674479 0.3296875 0.0203125 0.0484375
3 0.3127604 0.6417969 0.0338542 0.0242188
5 0.5809896 0.1812500 0.0223958 0.0515625
5 0.2546875 0.5679688 0.0322917 0.0265625
5 0.5934896 0.7007813 0.0286458 0.0218750
5 0.4875000 0.6746094 0.0281250 0.0226562
5 0.4979167 0.7042969 0.0208333 0.0398437
0 0.3213542 0.2925781 0.0229167 0.0414062
4 0.4919271 0.4730469 0.0182292 0.0320312
4 0.5088542 0.0960938 0.0145833 0.0453125
3 0.3914063 0.2054688 0.0255208 0.0234375
2 0.2700521 0.5046875 0.0286458 0.0359375
0 0.5554687 0.4636719 0.0130208 0.0414062
9 0.4096354 0.3187500 0.0338542 0.0359375
7 0.6007813 0.3808594 0.0244792 0.0429688
10 0.3098958 0.6214844 0.0187500 0.0367188
6 0.6268229 0.2660156 0.0286458 0.0335937
11 0.7085938 0.3003906 0.0192708 0.0382813
10 0.7200521 0.5847656 0.0223958 0.0429688
6 0.3028646 0.6378906 0.0307292 0.0289063
6 0.5283854 0.3605469 0.0296875 0.0351562
9 0.6588542 0.3906250 0.0281250 0.0312500
7 0.5822917 0.6113281 0.0281250 0.0289063
7 0.3979167 0.5984375 0.0260417 0.0437500
11 0.5135417 0.7109375 0.0270833 0.0281250
6 0.5861979 0.7402344 0.0286458 0.0289063
7 0.5828125 0.3187500 0.0270833 0.0468750
8 0.5734375 0.6476563 0.0270833 0.0328125
6 0.5039062 0.0816406 0.0244792 0.0460938
6 0.6658854 0.6941406 0.0182292 0.0273438
8 0.5880208 0.2457031 0.0208333 0.0460938
