2 0.4455729 0.9093750 0.0307292 0.0500000
2 0.6794271 0.4832031 0.0234375 0.0710937
3 0.5601563 0.7523437 0.0171875 0.0328125
2 0.6000000 0.2750000 0.0489583 0.0390625
3 0.4270833 0.6625000 0.0416667 0.0343750
4 0.4268229 0.4386719 0.0265625 0.0679687
4 0.5950521 0.4535156 0.0453125 0.0367188
3 0.4052083 0.1667969 0.0489583 0.0398437
1 0.6500000 0.6742187 0.0458333 0.0328125
3 0.2369792 0.4953125 0.0447917 0.0375000
1 0.5690104 0.7679687 0.0453125 0.0281250
5 0.4651042 0.3097656 0.0364583 0.0429688
3 0.5700521 0.7132812 0.0494792 0.0359375
4 0.3192708 0.3941406 0.0468750 0.0398437
5 0.6239583 0.1390625 0.0447917 0.0453125
5 0.6971354 0.5746094 0.0421875 0.0570312
2 0.4861979 0.6480469 0.0380208 0.0320312
0 0.3867188 0.7343750 0.0390625 0.0625000
1 0.6888021 0.3261719 0.0505208 0.0289063
1 0.3781250 0.5855469 0.0427083 0.0507812
3 0.7364583 0.5398437 0.0447917 0.0328125
0 0.5330729 0.6246094 0.0369792 0.0523438
2 0.4645833 0.2566406 0.0260417 0.0507812
3 0.5015625 0.4906250 0.0458333 0.0375000
1 0.4500000 0.2746094 0.0218750 0.0648438
5 0.3596354 0.3132813 0.0265625 0.0703125
0 0.5153646 0.6832031 0.0453125 0.0414062
1 0.6979167 0.4773438 0.0250000 0.0562500
5 0.2513021 0.5863281 0.0401042 0.0648438
1 0.3932292 0.5347656 0.0375000 0.0507812
5 0.5411458 0.7242188 0.0322917 0.0328125
1 0.5817708 0.3031250 0.0302083 0.0312500
2 0.5442708 0.5406250 0.0312500 0.0296875
2 0.4161458 0.8578125 0.0458333 0.0328125
0 0.7054687 0.5851563 0.0244792 0.0328125
1 0.2718750 0.2414062 0.0229167 0.0578125
4 0.3101563 0.4558594 0.0265625 0.0414062
1 0.6013021 0.4085937 0.0453125 0.0484375
7 0.5716146 0.2851562 0.0421875 0.0562500
10 0.7421875 0.5914063 0.0447917 0.0546875
6 0.1958333 0.7265625 0.0427083 0.0484375
10 0.6153646 0.1648438 0.0296875 0.0687500
7 0.7276042 0.4410156 0.0468750 0.0445313
9 0.4125000 0.2921875 0.0427083 0.0421875
7 0.4721354 0.4996094 0.0276042 0.0414062
8 0.6398438 0.2914062 0.0276042 0.0593750
11 0.5609375 0.3695312 0.0343750 0.0468750
9 0.5427083 0.1980469 0.0427083 0.0570312
9 0.4580729 0.7535156 0.0421875 0.0460938
8 0.5750000 0.4003906 0.0354167 0.0554687
8 0.4697917 0.4957031 0.0343750 0.0601563
6 0.2984375 0.3195312 0.0406250 0.0609375
8 0.3604167 0.4535156 0.0385417 0.0617188
6 0.6776042 0.6351562 0.0468750 0.0453125
9 0.4791667 0.4582031 0.0364583 0.0554687
