0 0.6109375 0.2253906 0.0708333 0.1460937
0 0.8281250 0.4804688 0.1114583 0.0984375
2 0.3671875 0.7281250 0.0604167 0.1171875
0 0.2260417 0.5644531 0.1052083 0.0898438
1 0.4119792 0.6589844 0.1010417 0.0945312
2 0.6140625 0.3406250 0.1166667 0.0843750
3 0.6005208 0.1199219 0.1031250 0.0898438
1 0.3648438 0.3230469 0.0838542 0.1648438
0 0.6013021 0.6542969 0.0651042 0.1320312
3 0.3203125 0.5273438 0.1031250 0.0812500
0 0.3565104 0.3914063 0.1067708 0.0734375
2 0.5739583 0.5742188 0.1156250 0.0921875
3 0.6929688 0.5796875 0.1015625 0.0687500
3 0.6145833 0.1464844 0.0802083 0.1054688
5 0.5546875 0.5945312 0.0666667 0.1125000
1 0.7143229 0.7246094 0.1078125 0.0804688
5 0.6841146 0.2332031 0.0546875 0.1710937
5 0.6554688 0.2957031 0.1057292 0.0835937
0 0.1820313 0.6835938 0.1036458 0.0937500
0 0.5557292 0.6296875 0.0510417 0.1531250
4 0.5901042 0.2003906 0.0833333 0.0960938
0 0.3901042 0.5941406 0.1072917 0.0882813
0 0.7361979 0.3640625 0.1046875 0.1000000
3 0.6093750 0.8257813 0.0760417 0.0781250
3 0.5932292 0.3433594 0.0958333 0.0820312
4 0.5588542 0.6441406 0.0666667 0.1492188
2 0.4486979 0.8847656 0.0734375 0.1570313
5 0.3166667 0.2328125 0.1104167 0.0781250
1 0.3947917 0.2343750 0.1020833 0.0750000
2 0.4289062 0.4660156 0.0671875 0.1648438
0 0.4197917 0.1414063 0.0854167 0.1484375
4 0.6679688 0.4210937 0.0744792 0.1265625
4 0.5565104 0.5847656 0.1015625 0.1242188
2 0.6958333 0.4625000 0.1062500 0.0687500
3 0.5239583 0.2261719 0.1177083 0.0742188
1 0.6223958 0.7789063 0.1145833 0.0765625
4 0.6049479 0.2941406 0.0536458 0.1007813
1 0.4869792 0.5414062 0.0635417 0.1109375
0 0.4919271 0.8757812 0.0713542 0.0828125
2 0.4052083 0.3511719 0.0739583 0.1226562
5 0.5893229 0.7820312 0.0901042 0.1328125
3 0.3578125 0.4839844 0.1000000 0.0898438
2 0.5114583 0.8277344 0.1114583 0.0914062
2 0.2606771 0.8664063 0.1171875 0.0828125
4 0.1627604 0.3292969 0.0661458 0.0820312
5 0.3835938 0.2777344 0.0838542 0.1179687
9 0.3244792 0.4316406 0.0739583 0.1226562
11 0.3651042 0.1675781 0.0677083 0.1023437
10 0.4411458 0.1445312 0.0854167 0.1296875
10 0.4989583 0.6617188 0.0989583 0.0968750
8 0.1911458 0.2312500 0.1072917 0.1109375
8 0.6148438 0.4406250 0.0973958 0.0953125
7 0.6604167 0.4566406 0.1166667 0.1164063
9 0.6794271 0.9230469 0.0880208 0.1523438
11 0.4197917 0.4890625 0.0958333 0.1140625
9 0.2934896 0.2679687 0.1036458 0.1062500
11 0.1856771 0.3582031 0.1026042 0.1117188
11 0.4752604 0.8125000 0.0880208 0.1453125
9 0.7976562 0.4390625 0.1036458 0.1375000
6 0.5276042 0.7289062 0.0635417 0.1234375
10 0.7281250 0.1457031 0.0791667 0.1539062
10 0.6067708 0.6050781 0.1031250 0.1226562
11 0.4700521 0.3937500 0.0661458 0.1234375
11 0.2559896 0.5539063 0.0838542 0.1312500
8 0.2776042 0.4250000 0.1020833 0.1000000
11 0.5880208 0.3832031 0.0958333 0.1320312
