3 0.5731771 0.8488281 0.0546875 0.0398437
3 0.3333333 0.6628906 0.0333333 0.0664062
0 0.4070313 0.7992187 0.0244792 0.0484375
1 0.3861979 0.7753906 0.0348958 0.0851563
2 0.8039063 0.4625000 0.0598958 0.0421875
0 0.6265625 0.2753906 0.0500000 0.0460938
1 0.5119792 0.3875000 0.0500000 0.0375000
2 0.4557292 0.1597656 0.0302083 0.0507812
5 0.4421875 0.6335937 0.0479167 0.0453125
2 0.7096354 0.6375000 0.0484375 0.0468750
4 0.7343750 0.6406250 0.0364583 0.0703125
2 0.4593750 0.5269531 0.0437500 0.0632812
4 0.4309896 0.4859375 0.0411458 0.0500000
4 0.6669271 0.6699219 0.0494792 0.0585938
4 0.5453125 0.7316406 0.0447917 0.0664062
4 0.5026042 0.4953125 0.0364583 0.0515625
4 0.8234375 0.4386719 0.0395833 0.0539063
3 0.7531250 0.6171875 0.0291667 0.0468750
4 0.5036458 0.6804687 0.0572917 0.0609375
4 0.6187500 0.7937500 0.0458333 0.0421875
0 0.3523438 0.6984375 0.0598958 0.0468750
1 0.2802083 0.6007813 0.0302083 0.0718750
4 0.6932292 0.4675781 0.0604167 0.0414062
5 0.2630208 0.2800781 0.0531250 0.0460938
4 0.2960937 0.7691406 0.0536458 0.0554687
1 0.4622396 0.8503906 0.0359375 0.0898438
2 0.4809896 0.1757812 0.0380208 0.0609375
2 0.3690104 0.4914062 0.0515625 0.0468750
0 0.5226563 0.6960937 0.0505208 0.0484375
4 0.4197917 0.6492187 0.0583333 0.0406250
1 0.5661458 0.4988281 0.0354167 0.0570312
1 0.6940104 0.8257813 0.0557292 0.0453125
0 0.5744792 0.2503906 0.0604167 0.0429688
5 0.4065104 0.7679687 0.0536458 0.0453125
5 0.6299479 0.3835938 0.0453125 0.0609375
0 0.6570312 0.4679687 0.0484375 0.0812500
4 0.5151042 0.7527344 0.0322917 0.0757812
3 0.5203125 0.2062500 0.0385417 0.0671875
2 0.5057292 0.5335937 0.0260417 0.0703125
1 0.8007812 0.2511719 0.0453125 0.0398437
0 0.6510417 0.1433594 0.0531250 0.0460938
2 0.5848958 0.5667969 0.0468750 0.0570312
2 0.5380208 0.4980469 0.0385417 0.0507812
0 0.5481771 0.4351563 0.0442708 0.0593750
0 0.2838542 0.7054687 0.0208333 0.0546875
1 0.3697917 0.3324219 0.0437500 0.0664062
3 0.3286458 0.5671875 0.0270833 0.0468750
3 0.4973958 0.9363281 0.0281250 0.0757812
2 0.6515625 0.8593750 0.0562500 0.0468750
3 0.6200521 0.4871094 0.0588542 0.0398437
0 0.4986979 0.4878906 0.0536458 0.0382813
2 0.6005208 0.6054688 0.0510417 0.0359375
3 0.5463542 0.3527344 0.0322917 0.0617188
1 0.6489583 0.6195312 0.0541667 0.0546875
2 0.5867187 0.7597656 0.0244792 0.0398437
5 0.5781250 0.5191406 0.0593750 0.0476562
3 0.6484375 0.3640625 0.0520833 0.0546875
4 0.5325521 0.7015625 0.0359375 0.0453125
0 0.3872396 0.5761719 0.0317708 0.0742188
2 0.5239583 0.4312500 0.0291667 0.0390625
4 0.5640625 0.6976562 0.0375000 0.0843750
5 0.4703125 0.4039063 0.0531250 0.0406250
1 0.5333333 0.6585937 0.0531250 0.0515625
10 0.6507812 0.5468750 0.0484375 0.0531250
10 0.6398438 0.2710938 0.0557292 0.0640625
6 0.7348958 0.2371094 0.0541667 0.0664062
7 0.3187500 0.5101562 0.0479167 0.0656250
7 0.5541667 0.5511719 0.0562500 0.0554687
8 0.4317708 0.5964844 0.0354167 0.0460938
9 0.3075521 0.4687500 0.0484375 0.0562500
7 0.4304688 0.4734375 0.0567708 0.0750000
8 0.4536458 0.2007812 0.0395833 0.0671875
11 0.7072917 0.7132812 0.0520833 0.0531250
8 0.7703125 0.4632812 0.0572917 0.0781250
11 0.3731771 0.3746094 0.0359375 0.0742188
8 0.5973958 0.6789063 0.0479167 0.0484375
9 0.4447917 0.8554688 0.0385417 0.0875000
8 0.5773438 0.3101563 0.0453125 0.0796875
10 0.6200521 0.6953125 0.0453125 0.0593750
