4 0.3671875 0.1585938 0.0177083 0.0234375
5 0.5781250 0.3656250 0.0281250 0.0234375
5 0.3164062 0.3742187 0.0276042 0.0218750
5 0.6205729 0.3843750 0.0213542 0.0234375
3 0.3192708 0.4343750 0.0291667 0.0187500
0 0.5125000 0.2289063 0.0270833 0.0218750
1 0.3536458 0.4957031 0.0197917 0.0320312
0 0.4640625 0.4375000 0.0166667 0.0281250
0 0.6205729 0.2761719 0.0255208 0.0226562
1 0.6109375 0.2402344 0.0156250 0.0429688
1 0.8041667 0.5578125 0.0260417 0.0218750
1 0.3052083 0.6582031 0.0145833 0.0210938
3 0.6859375 0.4890625 0.0270833 0.0312500
0 0.3414063 0.4644531 0.0171875 0.0226562
0 0.4000000 0.2421875 0.0239583 0.0187500
3 0.5940104 0.2835937 0.0171875 0.0250000
0 0.5919271 0.5070313 0.0192708 0.0156250
5 0.6125000 0.5941406 0.0260417 0.0242188
4 0.4130208 0.3484375 0.0302083 0.0203125
5 0.6208333 0.5527344 0.0302083 0.0226562
1 0.3666667 0.3570313 0.0156250 0.0453125
0 0.6395833 0.6984375 0.0250000 0.0203125
1 0.5898438 0.7578125 0.0213542 0.0359375
3 0.4880208 0.4847656 0.0135417 0.0257812
5 0.7804688 0.4984375 0.0276042 0.0203125
2 0.7078125 0.5878906 0.0281250 0.0242188
0 0.5356771 0.7031250 0.0192708 0.0406250
2 0.5203125 0.3562500 0.0177083 0.0234375
3 0.3354167 0.9675781 0.0250000 0.0226562
4 0.6869792 0.7898437 0.0291667 0.0234375
5 0.3367188 0.3722656 0.0296875 0.0226562
4 0.5947917 0.7707031 0.0135417 0.0445313
4 0.5442708 0.3207031 0.0208333 0.0320312
1 0.5104167 0.1824219 0.0156250 0.0195312
5 0.7283854 0.5210938 0.0286458 0.0234375
1 0.4632812 0.5527344 0.0161458 0.0179687
3 0.7565104 0.4464844 0.0296875 0.0273438
1 0.6604167 0.4570312 0.0135417 0.0187500
3 0.6585937 0.5296875 0.0276042 0.0218750
0 0.2895833 0.3003906 0.0302083 0.0226562
1 0.4578125 0.4375000 0.0187500 0.0250000
2 0.3976562 0.5246094 0.0213542 0.0273438
5 0.5278646 0.4234375 0.0307292 0.0218750
11 0.5356771 0.5910156 0.0234375 0.0335937
10 0.6250000 0.5523438 0.0187500 0.0281250
