2 0.2192708 0.5042969 0.0281250 0.0289063
4 0.2742188 0.7000000 0.0328125 0.0218750
5 0.4205729 0.4320312 0.0401042 0.0281250
2 0.4906250 0.7347656 0.0281250 0.0289063
0 0.5367188 0.6050781 0.0390625 0.0351562
5 0.6833333 0.5000000 0.0354167 0.0250000
0 0.4239583 0.1621094 0.0218750 0.0429688
0 0.6122396 0.2207031 0.0244792 0.0273438
0 0.4757812 0.3207031 0.0276042 0.0257812
0 0.6317708 0.2535156 0.0281250 0.0242188
5 0.3614583 0.3671875 0.0385417 0.0265625
3 0.5020833 0.7378906 0.0197917 0.0289063
3 0.3309896 0.4503906 0.0328125 0.0445313
4 0.4484375 0.2390625 0.0156250 0.0281250
2 0.4817708 0.3828125 0.0333333 0.0328125
5 0.5460938 0.2457031 0.0223958 0.0304687
1 0.5197917 0.5093750 0.0187500 0.0296875
5 0.5744792 0.2136719 0.0166667 0.0554687
3 0.5734375 0.2347656 0.0343750 0.0242188
6 0.7046875 0.3636719 0.0322917 0.0398437
11 0.5484375 0.6964844 0.0270833 0.0367188
11 0.4604167 0.4558594 0.0322917 0.0382813
