4 0.4335938 0.1445312 0.0140625 0.0218750
3 0.6802083 0.6371094 0.0218750 0.0257812
3 0.3809896 0.4582031 0.0151042 0.0210938
2 0.3171875 0.4683594 0.0322917 0.0257812
5 0.4682292 0.8382812 0.0197917 0.0203125
2 0.6359375 0.2585938 0.0270833 0.0296875
5 0.6609375 0.3601563 0.0312500 0.0265625
4 0.5960937 0.4593750 0.0182292 0.0328125
0 0.4145833 0.5828125 0.0145833 0.0375000
3 0.6226563 0.0484375 0.0203125 0.0468750
3 0.2713542 0.4574219 0.0322917 0.0242188
3 0.5289063 0.5566406 0.0213542 0.0335937
4 0.5669271 0.7769531 0.0203125 0.0382813
5 0.3744792 0.5457031 0.0197917 0.0242188
4 0.4453125 0.7550781 0.0302083 0.0226562
3 0.2890625 0.5562500 0.0312500 0.0250000
2 0.3049479 0.6492187 0.0307292 0.0250000
5 0.6580729 0.6160156 0.0171875 0.0351562
4 0.5546875 0.2257812 0.0145833 0.0312500
3 0.6494792 0.6589844 0.0145833 0.0445313
5 0.5005208 0.2171875 0.0322917 0.0234375
3 0.4981771 0.8125000 0.0234375 0.0437500
1 0.4640625 0.5660156 0.0322917 0.0226562
2 0.6289062 0.5281250 0.0296875 0.0234375
3 0.5877604 0.5722656 0.0213542 0.0398437
2 0.6960937 0.2386719 0.0171875 0.0445313
3 0.4429688 0.6644531 0.0203125 0.0507812
1 0.4343750 0.2679687 0.0166667 0.0359375
4 0.5927083 0.4093750 0.0281250 0.0281250
0 0.6000000 0.2398437 0.0156250 0.0390625
4 0.2848958 0.3652344 0.0322917 0.0195312
1 0.5492187 0.2363281 0.0203125 0.0429688
1 0.3109375 0.8312500 0.0156250 0.0453125
1 0.5236979 0.4457031 0.0140625 0.0226562
3 0.7369792 0.3511719 0.0291667 0.0257812
1 0.5815104 0.4039063 0.0192708 0.0328125
10 0.4966146 0.4238281 0.0182292 0.0367188
11 0.3705729 0.6375000 0.0234375 0.0390625
10 0.3580729 0.6617188 0.0296875 0.0359375
10 0.5153646 0.2332031 0.0171875 0.0398437
10 0.7127604 0.3210938 0.0265625 0.0265625
6 0.6778646 0.6535156 0.0286458 0.0273438
6 0.4213542 0.5625000 0.0197917 0.0390625
10 0.4174479 0.3007812 0.0286458 0.0312500
8 0.6817708 0.7656250 0.0291667 0.0281250
8 0.5341146 0.6656250 0.0265625 0.0296875
8 0.3656250 0.2285156 0.0187500 0.0351562
9 0.2552083 0.4140625 0.0302083 0.0421875
8 0.5523438 0.5488281 0.0192708 0.0429688
10 0.5093750 0.4460938 0.0260417 0.0375000
10 0.2458333 0.5371094 0.0260417 0.0304687
6 0.4570312 0.3035156 0.0234375 0.0320312
8 0.3002604 0.6398438 0.0307292 0.0296875
11 0.6989583 0.1867187 0.0302083 0.0296875
