5 0.5411458 0.2250000 0.0125000 0.0203125
5 0.3661458 0.8093750 0.0281250 0.0234375
3 0.6260417 0.2433594 0.0229167 0.0195312
2 0.5226563 0.6390625 0.0171875 0.0359375
1 0.5859375 0.7750000 0.0197917 0.0203125
1 0.6023437 0.8410156 0.0161458 0.0304687
1 0.6523438 0.5613281 0.0161458 0.0273438
1 0.5187500 0.8035156 0.0145833 0.0242188
0 0.3578125 0.3664062 0.0187500 0.0328125
1 0.5239583 0.2417969 0.0145833 0.0179687
3 0.5411458 0.6402344 0.0197917 0.0242188
0 0.6515625 0.2449219 0.0145833 0.0210938
1 0.4393229 0.1500000 0.0119792 0.0406250
3 0.3802083 0.5515625 0.0281250 0.0234375
1 0.5750000 0.3781250 0.0156250 0.0296875
0 0.3320312 0.1558594 0.0276042 0.0210938
4 0.6341146 0.3414063 0.0276042 0.0234375
1 0.2372396 0.4386719 0.0182292 0.0257812
5 0.7875000 0.5093750 0.0260417 0.0234375
1 0.4205729 0.6039062 0.0171875 0.0234375
1 0.6117187 0.0941406 0.0161458 0.0351562
0 0.7114583 0.4390625 0.0135417 0.0203125
0 0.5666667 0.5207031 0.0145833 0.0382813
5 0.5869792 0.2183594 0.0260417 0.0195312
2 0.6684896 0.6136719 0.0265625 0.0210938
1 0.6140625 0.7871094 0.0177083 0.0242188
3 0.6208333 0.2214844 0.0197917 0.0210938
3 0.5317708 0.3144531 0.0114583 0.0242188
2 0.5382813 0.7281250 0.0213542 0.0281250
3 0.6729167 0.8425781 0.0125000 0.0304687
2 0.6536458 0.4960938 0.0270833 0.0265625
0 0.5867187 0.4800781 0.0276042 0.0226562
5 0.6020833 0.6433594 0.0260417 0.0195312
2 0.3666667 0.4703125 0.0187500 0.0281250
4 0.7773438 0.3796875 0.0203125 0.0187500
2 0.4127604 0.5828125 0.0276042 0.0218750
4 0.3671875 0.2527344 0.0239583 0.0273438
2 0.3471354 0.6042969 0.0171875 0.0195312
5 0.5171875 0.6304688 0.0197917 0.0265625
3 0.6109375 0.4382813 0.0187500 0.0375000
0 0.7864583 0.5226563 0.0218750 0.0234375
7 0.3539062 0.4023438 0.0276042 0.0312500
6 0.6617188 0.3960938 0.0286458 0.0281250
9 0.6020833 0.7417969 0.0239583 0.0382813
9 0.6562500 0.6730469 0.0281250 0.0273438
6 0.4570312 0.8390625 0.0161458 0.0375000
11 0.4729167 0.6656250 0.0208333 0.0234375
8 0.4812500 0.2976563 0.0250000 0.0359375
7 0.6822917 0.4136719 0.0250000 0.0398437
8 0.3088542 0.3726563 0.0260417 0.0250000
9 0.7632813 0.5371094 0.0223958 0.0289063
8 0.5820312 0.2554688 0.0265625 0.0265625
7 0.3171875 0.4906250 0.0291667 0.0296875
8 0.2809896 0.4343750 0.0192708 0.0375000
10 0.6408854 0.3613281 0.0286458 0.0398437
11 0.6132812 0.4796875 0.0223958 0.0328125
9 0.4229167 0.5722656 0.0229167 0.0320312
10 0.5882812 0.6984375 0.0255208 0.0250000
11 0.4312500 0.4265625 0.0166667 0.0296875
9 0.3580729 0.7324219 0.0223958 0.0320312
