3 0.4473958 0.7875000 0.0427083 0.0765625
5 0.5765625 0.4000000 0.0531250 0.1062500
2 0.6609375 0.3457031 0.0781250 0.0554687
4 0.6513021 0.3105469 0.0630208 0.0757812
5 0.5575521 0.5992188 0.0432292 0.0703125
4 0.7005208 0.3585937 0.0677083 0.0921875
3 0.3205729 0.8101563 0.0848958 0.0625000
1 0.3359375 0.6617188 0.0354167 0.0671875
1 0.7213542 0.4449219 0.0500000 0.1164063
2 0.3231771 0.2984375 0.0703125 0.0718750
5 0.4270833 0.6691406 0.0583333 0.1164063
0 0.2713542 0.5097656 0.0875000 0.0601563
5 0.2656250 0.4308594 0.0395833 0.0679687
4 0.3723958 0.1515625 0.0468750 0.0578125
1 0.3841146 0.3343750 0.0463542 0.1296875
3 0.6598958 0.8003906 0.0427083 0.0695313
0 0.2479167 0.2023437 0.0687500 0.0703125
7 0.2671875 0.5238281 0.0802083 0.0789062
10 0.6911458 0.2957031 0.0666667 0.1210938
10 0.3895833 0.2542969 0.0802083 0.0851563
6 0.4648438 0.2527344 0.0755208 0.0742188
8 0.3510417 0.8167969 0.0541667 0.1226562
7 0.7075521 0.3332031 0.0494792 0.0742188
8 0.6617188 0.8101563 0.0765625 0.0765625
11 0.3492188 0.8585938 0.0661458 0.1250000
11 0.4606771 0.3597656 0.0505208 0.1210938
6 0.4403646 0.5125000 0.0807292 0.0781250
10 0.4463542 0.2234375 0.0687500 0.1281250
10 0.3919271 0.8656250 0.0776042 0.1046875
11 0.6703125 0.2476562 0.0729167 0.0843750
11 0.7328125 0.3625000 0.0541667 0.1187500
