0 0.3531250 0.5753906 0.0333333 0.0242188
0 0.3328125 0.3625000 0.0197917 0.0296875
0 0.5494792 0.8109375 0.0333333 0.0234375
5 0.7135417 0.1996094 0.0333333 0.0210938
3 0.3895833 0.5289063 0.0354167 0.0312500
4 0.4747396 0.4464844 0.0317708 0.0226562
2 0.6505208 0.5207031 0.0270833 0.0351562
0 0.4471354 0.5531250 0.0244792 0.0453125
0 0.5552083 0.5164062 0.0291667 0.0218750
2 0.4330729 0.3160156 0.0223958 0.0257812
3 0.3916667 0.2082031 0.0354167 0.0304687
3 0.5018229 0.8472656 0.0192708 0.0539063
0 0.2619792 0.6351562 0.0156250 0.0515625
0 0.5596354 0.2828125 0.0182292 0.0437500
0 0.2572917 0.2246094 0.0333333 0.0273438
1 0.4497396 0.7296875 0.0255208 0.0312500
5 0.3914063 0.4355469 0.0317708 0.0273438
0 0.4822917 0.7722656 0.0281250 0.0398437
4 0.7661458 0.4585938 0.0270833 0.0265625
4 0.5338542 0.8214844 0.0229167 0.0257812
6 0.3221354 0.6425781 0.0203125 0.0351562
10 0.4190104 0.3957031 0.0244792 0.0367188
7 0.7682292 0.5730469 0.0312500 0.0367188
8 0.6057292 0.7218750 0.0333333 0.0328125
11 0.4380208 0.7886719 0.0239583 0.0429688
6 0.4627604 0.5878906 0.0317708 0.0351562
9 0.6432292 0.3644531 0.0291667 0.0320312
10 0.7156250 0.3902344 0.0343750 0.0335937
11 0.6359375 0.8812500 0.0218750 0.0500000
11 0.3018229 0.3046875 0.0213542 0.0390625
8 0.5617188 0.7773438 0.0328125 0.0328125
11 0.7460938 0.6261719 0.0286458 0.0335937
6 0.6627604 0.7871094 0.0338542 0.0320312
10 0.3031250 0.7375000 0.0322917 0.0312500
11 0.6127604 0.4457031 0.0234375 0.0304687
