4 0.4809896 0.5226563 0.0255208 0.0156250
2 0.3039062 0.6242188 0.0171875 0.0218750
4 0.5356771 0.7957031 0.0161458 0.0179687
0 0.4794271 0.8886719 0.0192708 0.0195312
5 0.3424479 0.3761719 0.0119792 0.0257812
3 0.6059896 0.4824219 0.0109375 0.0164063
5 0.3843750 0.2324219 0.0229167 0.0148437
2 0.3934896 0.8707031 0.0109375 0.0351562
1 0.4166667 0.7289062 0.0187500 0.0250000
3 0.4408854 0.5035156 0.0130208 0.0179687
2 0.7304688 0.8363281 0.0255208 0.0179687
5 0.6049479 0.4992187 0.0255208 0.0203125
4 0.6666667 0.6031250 0.0250000 0.0187500
2 0.6127604 0.6496094 0.0244792 0.0179687
4 0.4856771 0.6078125 0.0223958 0.0234375
2 0.4661458 0.4558594 0.0208333 0.0148437
1 0.3898437 0.2804687 0.0130208 0.0359375
1 0.5359375 0.5039062 0.0239583 0.0218750
0 0.5747396 0.2789063 0.0255208 0.0171875
2 0.5445313 0.6273437 0.0161458 0.0218750
0 0.4471354 0.5343750 0.0161458 0.0218750
0 0.4484375 0.5078125 0.0229167 0.0171875
1 0.4250000 0.5304688 0.0166667 0.0203125
5 0.3494792 0.6617188 0.0093750 0.0359375
4 0.5458333 0.7039062 0.0187500 0.0203125
0 0.4260417 0.2214844 0.0208333 0.0242188
0 0.3916667 0.2199219 0.0208333 0.0226562
3 0.6257812 0.1687500 0.0182292 0.0187500
1 0.4593750 0.8183594 0.0145833 0.0414062
1 0.5778646 0.3527344 0.0140625 0.0320312
3 0.6799479 0.8203125 0.0234375 0.0140625
4 0.6885417 0.4523437 0.0239583 0.0218750
1 0.5539063 0.1105469 0.0151042 0.0351562
2 0.4893229 0.7851562 0.0171875 0.0250000
0 0.5002604 0.8191406 0.0234375 0.0179687
3 0.5213542 0.2382812 0.0187500 0.0281250
4 0.6286458 0.3519531 0.0239583 0.0242188
2 0.5971354 0.4402344 0.0151042 0.0304687
2 0.5026042 0.4757812 0.0114583 0.0328125
0 0.3984375 0.6703125 0.0145833 0.0281250
5 0.5677083 0.4515625 0.0260417 0.0234375
4 0.4223958 0.6601562 0.0187500 0.0156250
0 0.3825521 0.4515625 0.0265625 0.0218750
2 0.3494792 0.8781250 0.0166667 0.0375000
0 0.4888021 0.5011719 0.0192708 0.0195312
0 0.5914063 0.4484375 0.0192708 0.0171875
2 0.4578125 0.5503906 0.0166667 0.0242188
4 0.7127604 0.6257812 0.0192708 0.0171875
3 0.5591146 0.4343750 0.0223958 0.0203125
3 0.3700521 0.5753906 0.0265625 0.0195312
2 0.6122396 0.4027344 0.0265625 0.0195312
4 0.5442708 0.3250000 0.0187500 0.0187500
4 0.5872396 0.5046875 0.0171875 0.0281250
1 0.3442708 0.5937500 0.0260417 0.0234375
3 0.3195312 0.5593750 0.0223958 0.0234375
5 0.5445313 0.8812500 0.0140625 0.0359375
2 0.2651042 0.7449219 0.0239583 0.0195312
2 0.4138021 0.1242188 0.0151042 0.0203125
5 0.5929688 0.5707031 0.0213542 0.0273438
0 0.4161458 0.6441406 0.0156250 0.0179687
6 0.4908854 0.5269531 0.0161458 0.0242188
11 0.5002604 0.7144531 0.0171875 0.0367188
