5 0.3354167 0.9105469 0.1218750 0.0960938
5 0.4260417 0.3730469 0.1281250 0.1257813
1 0.3804688 0.6214844 0.1213542 0.0867187
0 0.2929688 0.7511719 0.1369792 0.0898438
4 0.4453125 0.5203125 0.1302083 0.1343750
5 0.4713542 0.6722656 0.0593750 0.2070312
4 0.5260417 0.3140625 0.0979167 0.1406250
5 0.3546875 0.7339844 0.0572917 0.1898438
1 0.7072917 0.0996094 0.0625000 0.1632812
1 0.3971354 0.2417969 0.0630208 0.2210938
5 0.6804687 0.7023438 0.1359375 0.1375000
2 0.3132813 0.6312500 0.0536458 0.1921875
0 0.4205729 0.3058594 0.0755208 0.1257813
0 0.6419271 0.8085938 0.1369792 0.0984375
0 0.7411458 0.5835938 0.0885417 0.1765625
1 0.7695312 0.6144531 0.0807292 0.1085938
3 0.4385417 0.1820313 0.0510417 0.1171875
2 0.4049479 0.3718750 0.1140625 0.1125000
3 0.3153646 0.2835937 0.0526042 0.1921875
4 0.6765625 0.6250000 0.0770833 0.1843750
5 0.5091146 0.2777344 0.0963542 0.1882813
1 0.6802083 0.0750000 0.0666667 0.1500000
2 0.5606771 0.3187500 0.0994792 0.0984375
5 0.8119792 0.6867188 0.1343750 0.1203125
4 0.6122396 0.1578125 0.1401042 0.1000000
1 0.5640625 0.6292969 0.1291667 0.0882813
2 0.4299479 0.9296875 0.0703125 0.1171875
1 0.7388021 0.7515625 0.1390625 0.0953125
3 0.2648437 0.2328125 0.1286458 0.0828125
2 0.4552083 0.0839844 0.0843750 0.1679688
4 0.7325521 0.5925781 0.1359375 0.0898438
4 0.7440104 0.3675781 0.1109375 0.1304687
2 0.5830729 0.2082031 0.1390625 0.1242188
3 0.6309896 0.5921875 0.0526042 0.1453125
4 0.4005208 0.6773438 0.0968750 0.0734375
0 0.6549479 0.1328125 0.0703125 0.2093750
11 0.4111979 0.4996094 0.0942708 0.1632812
9 0.3494792 0.2660156 0.0906250 0.1867187
10 0.6317708 0.5777344 0.1260417 0.1320312
6 0.5630208 0.4667969 0.0760417 0.1539062
7 0.7028646 0.2550781 0.1296875 0.1273438
8 0.4023438 0.8156250 0.0848958 0.1765625
6 0.6252604 0.6250000 0.1078125 0.1890625
8 0.5966146 0.3191406 0.0984375 0.1742188
10 0.7026042 0.2351563 0.0760417 0.1640625
7 0.5283854 0.9398437 0.0828125 0.1187500
7 0.7320313 0.9003906 0.1286458 0.1335938
