3 0.6226563 0.5183594 0.0411458 0.0289063
1 0.7385417 0.5992188 0.0385417 0.0359375
3 0.5476562 0.2343750 0.0286458 0.0640625
3 0.4125000 0.6968750 0.0364583 0.0390625
4 0.5067708 0.3476562 0.0281250 0.0468750
5 0.4869792 0.4886719 0.0250000 0.0335937
5 0.5046875 0.6644531 0.0229167 0.0304687
5 0.3234375 0.1812500 0.0333333 0.0312500
0 0.5674479 0.6753906 0.0286458 0.0476562
5 0.4078125 0.6765625 0.0218750 0.0328125
1 0.5549479 0.6503906 0.0411458 0.0289063
4 0.7346354 0.6503906 0.0359375 0.0414062
1 0.2588542 0.4570312 0.0239583 0.0656250
5 0.5325521 0.8828125 0.0401042 0.0390625
4 0.6184896 0.5460938 0.0421875 0.0265625
1 0.6976562 0.6949219 0.0390625 0.0289063
0 0.4236979 0.5734375 0.0432292 0.0296875
0 0.4880208 0.3003906 0.0406250 0.0335937
2 0.4841146 0.7335938 0.0296875 0.0359375
4 0.6270833 0.5902344 0.0458333 0.0320312
3 0.6036458 0.7031250 0.0437500 0.0328125
5 0.6630208 0.2343750 0.0343750 0.0609375
2 0.6666667 0.5394531 0.0333333 0.0632812
1 0.5661458 0.1562500 0.0447917 0.0343750
5 0.5135417 0.6921875 0.0333333 0.0562500
3 0.5799479 0.3761719 0.0317708 0.0648438
3 0.3122396 0.5085937 0.0401042 0.0531250
4 0.6020833 0.2617188 0.0250000 0.0593750
5 0.5630208 0.5109375 0.0302083 0.0437500
1 0.7018229 0.3261719 0.0317708 0.0617188
1 0.4151042 0.6167969 0.0468750 0.0367188
4 0.5630208 0.6332031 0.0333333 0.0398437
2 0.5716146 0.5011719 0.0494792 0.0382813
3 0.4763021 0.4953125 0.0380208 0.0453125
2 0.6768229 0.1789062 0.0369792 0.0281250
5 0.7260417 0.3277344 0.0364583 0.0351562
4 0.3468750 0.0953125 0.0239583 0.0546875
2 0.3276042 0.3003906 0.0437500 0.0367188
2 0.8143229 0.5640625 0.0276042 0.0375000
1 0.6463542 0.7656250 0.0281250 0.0328125
2 0.7091146 0.0996094 0.0453125 0.0320312
4 0.4502604 0.1488281 0.0317708 0.0367188
1 0.6783854 0.3222656 0.0411458 0.0382813
2 0.7429687 0.4945312 0.0494792 0.0437500
5 0.6424479 0.3886719 0.0380208 0.0445313
5 0.4781250 0.3457031 0.0166667 0.0304687
1 0.5627604 0.4484375 0.0369792 0.0437500
1 0.5953125 0.3355469 0.0250000 0.0507812
4 0.7679687 0.4882812 0.0401042 0.0515625
4 0.5916667 0.7730469 0.0447917 0.0367188
0 0.3122396 0.4269531 0.0213542 0.0304687
5 0.4028646 0.0566406 0.0223958 0.0664062
0 0.4872396 0.3371094 0.0223958 0.0445313
5 0.4710937 0.2488281 0.0244792 0.0710937
1 0.2213542 0.4886719 0.0447917 0.0335937
5 0.3393229 0.4031250 0.0442708 0.0406250
2 0.4718750 0.7984375 0.0395833 0.0312500
4 0.4627604 0.1609375 0.0338542 0.0500000
2 0.5971354 0.1992188 0.0390625 0.0562500
5 0.3033854 0.4320312 0.0317708 0.0640625
0 0.3958333 0.2070312 0.0197917 0.0718750
5 0.7781250 0.5261719 0.0354167 0.0320312
3 0.5841146 0.4472656 0.0473958 0.0382813
4 0.4585938 0.6539063 0.0390625 0.0453125
2 0.4356771 0.6863281 0.0442708 0.0351562
2 0.6083333 0.7867188 0.0427083 0.0437500
1 0.6270833 0.6984375 0.0458333 0.0343750
6 0.5984375 0.8195313 0.0333333 0.0640625
9 0.6268229 0.6820312 0.0432292 0.0484375
11 0.5093750 0.4277344 0.0322917 0.0632812
9 0.3072917 0.3441406 0.0364583 0.0414062
