0 0.4567708 0.1277344 0.0468750 0.1476562
2 0.7242188 0.7792969 0.1088542 0.0679687
3 0.6752604 0.8316406 0.0848958 0.1132812
1 0.5250000 0.6816406 0.0760417 0.1054688
0 0.4132812 0.2664063 0.0776042 0.1125000
3 0.3510417 0.6027344 0.0979167 0.0664062
1 0.6330729 0.3105469 0.0817708 0.1054688
2 0.4515625 0.5449219 0.0447917 0.0726563
2 0.5244792 0.4699219 0.0656250 0.0898438
1 0.7104167 0.6394531 0.1020833 0.0773438
4 0.4174479 0.3000000 0.1088542 0.0765625
3 0.6382813 0.6390625 0.0994792 0.0765625
5 0.4518229 0.7519531 0.0994792 0.0757812
4 0.7380208 0.7835937 0.0947917 0.0906250
4 0.5213542 0.0652344 0.0510417 0.1164063
1 0.7054687 0.9199219 0.1015625 0.0742188
4 0.5338542 0.5941406 0.0625000 0.0742188
0 0.3848958 0.6015625 0.0500000 0.1593750
5 0.5591146 0.0738281 0.0536458 0.1476562
5 0.2921875 0.7773438 0.1083333 0.0750000
0 0.3130208 0.6394531 0.0614583 0.0929688
4 0.4760417 0.5156250 0.0989583 0.0625000
0 0.3322917 0.6488281 0.1093750 0.0976562
5 0.2723958 0.5203125 0.1041667 0.0781250
0 0.3716146 0.6574219 0.0682292 0.0679687
0 0.5632812 0.9378906 0.0515625 0.1210938
1 0.6078125 0.2207031 0.0979167 0.1132812
2 0.3989583 0.3437500 0.0614583 0.1046875
1 0.2877604 0.5300781 0.0953125 0.1242188
4 0.6708333 0.6078125 0.0968750 0.0812500
3 0.6125000 0.5519531 0.0916667 0.0679687
4 0.6739583 0.7015625 0.0958333 0.0890625
0 0.7203125 0.2019531 0.0552083 0.1507813
1 0.5934896 0.7195312 0.0942708 0.0812500
1 0.5958333 0.7785156 0.1052083 0.0898438
1 0.5968750 0.5472656 0.0927083 0.0554687
3 0.5562500 0.6699219 0.0843750 0.1335938
5 0.6627604 0.5253906 0.0442708 0.1351563
0 0.7083333 0.7355469 0.0895833 0.1039063
3 0.2645833 0.3445313 0.1072917 0.0875000
2 0.2679687 0.5757813 0.0984375 0.0734375
5 0.5031250 0.5289063 0.0968750 0.0953125
3 0.3052083 0.8007812 0.1062500 0.0812500
3 0.6244792 0.5425781 0.0979167 0.0945312
3 0.3382812 0.8050781 0.0567708 0.1476562
3 0.3343750 0.7507812 0.0593750 0.1546875
2 0.3257813 0.1457031 0.1036458 0.0648438
1 0.4283854 0.0343750 0.0651042 0.0687500
3 0.3752604 0.4292969 0.0484375 0.1554687
0 0.3028646 0.1929687 0.0411458 0.1453125
2 0.7221354 0.3515625 0.0942708 0.0656250
3 0.5020833 0.8199219 0.1041667 0.0742188
2 0.4164062 0.9308594 0.1005208 0.0726563
2 0.3609375 0.7882813 0.0604167 0.0828125
0 0.5184896 0.6863281 0.0484375 0.0976562
5 0.5257812 0.5476562 0.0671875 0.1203125
3 0.4880208 0.4734375 0.0875000 0.0687500
7 0.3895833 0.0871094 0.0895833 0.0929688
11 0.7453125 0.2253906 0.1083333 0.1039063
6 0.4708333 0.8289062 0.0677083 0.1015625
8 0.2557292 0.4832031 0.1041667 0.1085938
6 0.5611979 0.5320312 0.0921875 0.1281250
8 0.5343750 0.0750000 0.0635417 0.1468750
8 0.5458333 0.7707031 0.0791667 0.0960938
11 0.6445312 0.4218750 0.0953125 0.1265625
9 0.8072917 0.5898438 0.1041667 0.1250000
11 0.5888021 0.2109375 0.1036458 0.1000000
7 0.6460938 0.7039062 0.0598958 0.1343750
7 0.5671875 0.7101563 0.0791667 0.1437500
8 0.5640625 0.9148437 0.0750000 0.1578125
6 0.6476563 0.3792969 0.0932292 0.1289062
11 0.6697917 0.6648437 0.1010417 0.0984375
8 0.6395833 0.3617187 0.0958333 0.1109375
