0 0.4268229 0.6582031 0.0296875 0.0539063
1 0.5247396 0.1316406 0.0317708 0.0585938
1 0.6554688 0.4261719 0.0526042 0.0367188
1 0.3072917 0.5367188 0.0312500 0.0562500
2 0.4236979 0.7644531 0.0567708 0.0382813
2 0.7559896 0.3687500 0.0328125 0.0765625
0 0.5674479 0.4917969 0.0348958 0.0398437
2 0.2354167 0.5527344 0.0281250 0.0460938
1 0.3700521 0.5382813 0.0494792 0.0375000
1 0.3218750 0.6851563 0.0510417 0.0421875
2 0.5171875 0.5000000 0.0541667 0.0421875
4 0.7541667 0.4019531 0.0572917 0.0351562
10 0.5507812 0.2523437 0.0328125 0.0640625
9 0.7570313 0.5515625 0.0536458 0.0515625
8 0.2515625 0.6816406 0.0322917 0.0742188
7 0.6778646 0.2960937 0.0463542 0.0765625
7 0.4130208 0.3039062 0.0510417 0.0531250
8 0.4239583 0.2089844 0.0354167 0.0507812
7 0.4942708 0.3003906 0.0489583 0.0617188
7 0.5393229 0.4214844 0.0505208 0.0492187
7 0.6934896 0.2234375 0.0484375 0.0609375
8 0.6346354 0.7183594 0.0484375 0.0539063
6 0.2846354 0.3203125 0.0484375 0.0500000
7 0.4213542 0.2464844 0.0322917 0.0742188
6 0.5406250 0.3589844 0.0437500 0.0476562
6 0.7346354 0.3699219 0.0536458 0.0507812
