2 0.2838542 0.6156250 0.0281250 0.0234375
1 0.5007812 0.6378906 0.0255208 0.0273438
3 0.5903646 0.1996094 0.0307292 0.0226562
0 0.7388021 0.5257812 0.0296875 0.0250000
5 0.5221354 0.7980469 0.0151042 0.0210938
5 0.4174479 0.6085938 0.0130208 0.0375000
5 0.2380208 0.2769531 0.0166667 0.0382813
0 0.5416667 0.7960938 0.0229167 0.0281250
1 0.4351563 0.6507812 0.0171875 0.0234375
0 0.5750000 0.5464844 0.0187500 0.0351562
4 0.6601562 0.3453125 0.0255208 0.0281250
1 0.7026042 0.3699219 0.0312500 0.0257812
4 0.5442708 0.7234375 0.0145833 0.0484375
0 0.5869792 0.2582031 0.0291667 0.0242188
2 0.6539063 0.3265625 0.0296875 0.0312500
1 0.6322917 0.7160156 0.0187500 0.0304687
5 0.4544271 0.2156250 0.0296875 0.0234375
2 0.5526042 0.5859375 0.0218750 0.0250000
1 0.3195312 0.1746094 0.0276042 0.0226562
2 0.5695313 0.5265625 0.0182292 0.0359375
4 0.7106771 0.4570312 0.0317708 0.0234375
1 0.3911458 0.6230469 0.0250000 0.0304687
3 0.4010417 0.4023438 0.0270833 0.0171875
0 0.6239583 0.5394531 0.0302083 0.0242188
5 0.4674479 0.8605469 0.0255208 0.0226562
2 0.6940104 0.7093750 0.0203125 0.0234375
0 0.6187500 0.2179687 0.0322917 0.0250000
2 0.5742188 0.5742188 0.0276042 0.0156250
3 0.3875000 0.5648437 0.0229167 0.0250000
4 0.6005208 0.7164063 0.0197917 0.0281250
4 0.5859375 0.6339844 0.0197917 0.0460938
1 0.3822917 0.0968750 0.0302083 0.0218750
5 0.3111979 0.3703125 0.0255208 0.0218750
1 0.5645833 0.3863281 0.0229167 0.0195312
5 0.2651042 0.6421875 0.0187500 0.0437500
2 0.4867187 0.9359375 0.0161458 0.0421875
4 0.6645833 0.6257812 0.0145833 0.0453125
1 0.5614583 0.4140625 0.0250000 0.0218750
3 0.4635417 0.5671875 0.0135417 0.0343750
3 0.3903646 0.0539063 0.0203125 0.0421875
5 0.3510417 0.5816406 0.0302083 0.0226562
0 0.7140625 0.6792969 0.0250000 0.0273438
4 0.4932292 0.6683594 0.0166667 0.0242188
2 0.5140625 0.8335938 0.0177083 0.0437500
5 0.7541667 0.5242187 0.0218750 0.0250000
0 0.5343750 0.5914063 0.0218750 0.0218750
4 0.4835937 0.9253906 0.0213542 0.0289063
3 0.5500000 0.9019531 0.0250000 0.0382813
2 0.5901042 0.7035156 0.0302083 0.0195312
1 0.3463542 0.7152344 0.0208333 0.0335937
2 0.6820312 0.4519531 0.0161458 0.0414062
3 0.4398437 0.6265625 0.0203125 0.0406250
2 0.5596354 0.4246094 0.0338542 0.0242188
0 0.5419271 0.3500000 0.0171875 0.0484375
5 0.5794271 0.3125000 0.0192708 0.0187500
3 0.5950521 0.6843750 0.0296875 0.0234375
2 0.5622396 0.5730469 0.0286458 0.0257812
4 0.6044271 0.2402344 0.0223958 0.0273438
5 0.4809896 0.2539062 0.0171875 0.0359375
3 0.6794271 0.7101563 0.0223958 0.0484375
8 0.7341146 0.5363281 0.0203125 0.0460938
6 0.5085937 0.4085937 0.0307292 0.0296875
9 0.5341146 0.7105469 0.0276042 0.0273438
6 0.5697917 0.7957031 0.0250000 0.0382813
11 0.4010417 0.7171875 0.0229167 0.0265625
7 0.5244792 0.6855469 0.0281250 0.0273438
9 0.6861979 0.4019531 0.0213542 0.0335937
6 0.7093750 0.5015625 0.0281250 0.0265625
6 0.6057292 0.1757812 0.0291667 0.0312500
