3 0.6177083 0.2632813 0.0375000 0.0281250
5 0.4242187 0.1804688 0.0380208 0.0296875
3 0.2989583 0.7503906 0.0281250 0.0289063
5 0.5002604 0.9058594 0.0286458 0.0304687
2 0.7585937 0.3675781 0.0411458 0.0429688
5 0.5161458 0.4164062 0.0312500 0.0406250
1 0.3585937 0.7394531 0.0348958 0.0304687
4 0.5200521 0.2023437 0.0171875 0.0546875
3 0.6638021 0.8234375 0.0244792 0.0296875
2 0.3583333 0.6652344 0.0218750 0.0273438
2 0.5791667 0.6757812 0.0281250 0.0546875
4 0.4375000 0.1914062 0.0302083 0.0562500
0 0.6895833 0.4046875 0.0375000 0.0328125
4 0.4200521 0.3746094 0.0244792 0.0554687
3 0.4643229 0.9253906 0.0213542 0.0460938
5 0.5867187 0.8199219 0.0234375 0.0570312
5 0.5455729 0.3355469 0.0296875 0.0242188
3 0.4898438 0.5714844 0.0380208 0.0242188
5 0.6348958 0.6046875 0.0364583 0.0468750
4 0.6200521 0.7929688 0.0296875 0.0500000
2 0.4802083 0.5171875 0.0333333 0.0296875
2 0.4671875 0.5250000 0.0291667 0.0312500
5 0.6651042 0.6109375 0.0375000 0.0343750
5 0.6721354 0.6550781 0.0390625 0.0273438
0 0.5216146 0.3867188 0.0401042 0.0281250
1 0.5541667 0.4695313 0.0281250 0.0312500
5 0.4520833 0.5460938 0.0312500 0.0406250
2 0.5447917 0.4054687 0.0197917 0.0593750
3 0.3244792 0.5355469 0.0427083 0.0273438
5 0.5171875 0.2312500 0.0416667 0.0296875
2 0.2890625 0.3906250 0.0395833 0.0265625
5 0.3510417 0.5355469 0.0385417 0.0273438
3 0.4041667 0.6660156 0.0364583 0.0445313
1 0.5565104 0.4230469 0.0390625 0.0335937
4 0.4132812 0.3894531 0.0369792 0.0273438
1 0.2859375 0.3613281 0.0354167 0.0382813
2 0.3283854 0.5132813 0.0171875 0.0218750
4 0.4111979 0.7042969 0.0213542 0.0632812
0 0.6476563 0.7062500 0.0369792 0.0390625
2 0.3932292 0.4691406 0.0354167 0.0398437
5 0.4393229 0.6652344 0.0348958 0.0492187
2 0.5731771 0.6589844 0.0380208 0.0507812
0 0.3611979 0.4292969 0.0223958 0.0539063
2 0.4328125 0.5363281 0.0197917 0.0351562
5 0.6671875 0.6269531 0.0270833 0.0367188
1 0.5539063 0.7968750 0.0244792 0.0312500
5 0.5255208 0.2585938 0.0322917 0.0312500
0 0.4234375 0.8203125 0.0427083 0.0265625
2 0.4632812 0.3878906 0.0328125 0.0492187
3 0.4601562 0.3191406 0.0161458 0.0335937
0 0.4565104 0.4390625 0.0265625 0.0437500
2 0.7369792 0.6195312 0.0437500 0.0296875
1 0.3526042 0.6710938 0.0375000 0.0265625
0 0.5343750 0.2941406 0.0218750 0.0539063
3 0.5640625 0.5480469 0.0302083 0.0289063
4 0.3184896 0.7187500 0.0286458 0.0578125
2 0.3367188 0.3062500 0.0255208 0.0609375
2 0.7216146 0.4054687 0.0192708 0.0296875
2 0.2968750 0.5722656 0.0375000 0.0273438
1 0.2510417 0.2570312 0.0416667 0.0359375
4 0.5916667 0.2460938 0.0312500 0.0328125
5 0.4552083 0.9132813 0.0333333 0.0468750
1 0.7320313 0.2222656 0.0432292 0.0257812
4 0.4502604 0.3484375 0.0182292 0.0531250
5 0.6755208 0.2320312 0.0406250 0.0312500
4 0.5625000 0.6730469 0.0375000 0.0226562
1 0.6229167 0.1988281 0.0218750 0.0304687
0 0.3804688 0.5894531 0.0369792 0.0351562
0 0.6971354 0.8621094 0.0192708 0.0570312
0 0.4239583 0.4890625 0.0291667 0.0406250
7 0.7015625 0.2207031 0.0291667 0.0601563
7 0.5078125 0.5679688 0.0333333 0.0562500
11 0.3903646 0.6785156 0.0348958 0.0382813
9 0.6273437 0.6156250 0.0369792 0.0375000
9 0.2888021 0.3531250 0.0359375 0.0375000
10 0.3742187 0.6554688 0.0390625 0.0468750
6 0.6919271 0.2414062 0.0380208 0.0531250
8 0.6973958 0.6011719 0.0385417 0.0367188
6 0.3218750 0.6105469 0.0302083 0.0445313
11 0.6205729 0.8382812 0.0380208 0.0375000
9 0.6760417 0.3671875 0.0302083 0.0468750
8 0.3125000 0.2632813 0.0406250 0.0406250
9 0.4924479 0.4257812 0.0234375 0.0531250
10 0.5531250 0.2625000 0.0270833 0.0609375
7 0.4799479 0.6054688 0.0265625 0.0453125
10 0.3442708 0.5671875 0.0385417 0.0625000
8 0.6997396 0.2753906 0.0317708 0.0632812
10 0.3945312 0.7785156 0.0223958 0.0429688
11 0.6533854 0.2941406 0.0380208 0.0523438
