0 0.6632813 0.3492188 0.0171875 0.0375000
1 0.4765625 0.2726562 0.0156250 0.0265625
1 0.4075521 0.5832031 0.0140625 0.0382813
3 0.6255208 0.2285156 0.0291667 0.0210938
0 0.4476562 0.2015625 0.0171875 0.0218750
5 0.5799479 0.5640625 0.0255208 0.0187500
5 0.3747396 0.7636719 0.0171875 0.0226562
2 0.5783854 0.4613281 0.0213542 0.0257812
1 0.5937500 0.2843750 0.0270833 0.0203125
5 0.5718750 0.6234375 0.0197917 0.0421875
0 0.3570313 0.4214844 0.0286458 0.0195312
5 0.5479167 0.2140625 0.0187500 0.0312500
2 0.5484375 0.8933594 0.0156250 0.0242188
1 0.4864583 0.8152344 0.0177083 0.0289063
2 0.5380208 0.7093750 0.0270833 0.0250000
2 0.5039062 0.7078125 0.0182292 0.0234375
1 0.4377604 0.7050781 0.0276042 0.0242188
1 0.4229167 0.4812500 0.0145833 0.0468750
2 0.6122396 0.8113281 0.0296875 0.0210938
4 0.6734375 0.6046875 0.0166667 0.0359375
2 0.5549479 0.3078125 0.0203125 0.0265625
0 0.7682292 0.5472656 0.0229167 0.0320312
0 0.4752604 0.4953125 0.0203125 0.0218750
4 0.5734375 0.5863281 0.0208333 0.0367188
1 0.6320313 0.5695313 0.0109375 0.0328125
4 0.6203125 0.8265625 0.0281250 0.0234375
2 0.6531250 0.6332031 0.0302083 0.0195312
5 0.5265625 0.6453125 0.0145833 0.0468750
2 0.6052083 0.5824219 0.0135417 0.0273438
5 0.6114583 0.5000000 0.0291667 0.0296875
5 0.3591146 0.2218750 0.0130208 0.0421875
3 0.5846354 0.5027344 0.0151042 0.0414062
5 0.5877604 0.3261719 0.0296875 0.0195312
4 0.4869792 0.6664062 0.0260417 0.0156250
1 0.5020833 0.7558594 0.0197917 0.0351562
3 0.2848958 0.7781250 0.0156250 0.0343750
2 0.5223958 0.2238281 0.0281250 0.0195312
3 0.3406250 0.3203125 0.0281250 0.0218750
4 0.2908854 0.5902344 0.0213542 0.0226562
2 0.3067708 0.2406250 0.0135417 0.0421875
7 0.5945312 0.7054687 0.0161458 0.0250000
7 0.6106771 0.6132812 0.0234375 0.0312500
10 0.3611979 0.4089844 0.0255208 0.0304687
11 0.6630208 0.4023438 0.0208333 0.0437500
11 0.7174479 0.7867188 0.0171875 0.0406250
11 0.3354167 0.3976562 0.0177083 0.0406250
10 0.5330729 0.8593750 0.0276042 0.0343750
6 0.4013021 0.4902344 0.0276042 0.0351562
10 0.6497396 0.8968750 0.0244792 0.0250000
8 0.5656250 0.4511719 0.0260417 0.0414062
11 0.6242188 0.2890625 0.0265625 0.0296875
7 0.6018229 0.2769531 0.0182292 0.0289063
