5 0.3997396 0.2675781 0.0286458 0.0210938
5 0.6604167 0.4445312 0.0281250 0.0265625
0 0.6375000 0.4875000 0.0229167 0.0296875
0 0.3093750 0.4695313 0.0218750 0.0218750
3 0.6617188 0.5242187 0.0161458 0.0281250
4 0.6877604 0.5554687 0.0223958 0.0234375
1 0.6716146 0.1753906 0.0265625 0.0164063
4 0.4643229 0.1769531 0.0151042 0.0429688
0 0.3611979 0.3050781 0.0223958 0.0320312
3 0.5901042 0.6843750 0.0229167 0.0171875
5 0.7434896 0.6242188 0.0171875 0.0234375
1 0.6046875 0.2390625 0.0229167 0.0234375
1 0.6398438 0.3796875 0.0244792 0.0203125
4 0.3911458 0.6199219 0.0250000 0.0179687
4 0.3953125 0.5449219 0.0239583 0.0179687
5 0.6445312 0.7820312 0.0182292 0.0359375
2 0.3221354 0.4851563 0.0182292 0.0234375
0 0.6221354 0.7671875 0.0276042 0.0187500
5 0.6023437 0.4414062 0.0213542 0.0265625
4 0.4528646 0.7882813 0.0182292 0.0250000
0 0.5299479 0.3531250 0.0234375 0.0281250
2 0.3351562 0.7351562 0.0119792 0.0359375
0 0.6354167 0.3210938 0.0260417 0.0171875
1 0.4278646 0.3355469 0.0182292 0.0320312
5 0.5593750 0.2601562 0.0145833 0.0359375
2 0.6609375 0.6402344 0.0208333 0.0242188
4 0.3851562 0.5230469 0.0223958 0.0179687
2 0.6861979 0.3000000 0.0244792 0.0265625
1 0.3544271 0.8179688 0.0276042 0.0187500
3 0.6195312 0.5523438 0.0244792 0.0187500
2 0.4945312 0.3136719 0.0171875 0.0289063
5 0.4283854 0.4378906 0.0203125 0.0242188
4 0.2190104 0.4968750 0.0130208 0.0218750
3 0.6989583 0.3230469 0.0260417 0.0257812
4 0.7380208 0.5488281 0.0239583 0.0304687
3 0.3799479 0.3324219 0.0234375 0.0148437
0 0.5661458 0.3277344 0.0229167 0.0320312
0 0.3557292 0.4457031 0.0197917 0.0210938
0 0.5041667 0.5093750 0.0135417 0.0218750
0 0.6299479 0.4859375 0.0244792 0.0218750
1 0.7130208 0.2878906 0.0250000 0.0179687
1 0.5276042 0.1781250 0.0187500 0.0390625
2 0.3783854 0.3191406 0.0182292 0.0257812
4 0.5388021 0.3699219 0.0223958 0.0164063
3 0.4117188 0.2027344 0.0140625 0.0351562
2 0.4052083 0.6164063 0.0166667 0.0328125
4 0.5773438 0.4683594 0.0109375 0.0304687
1 0.5731771 0.1390625 0.0276042 0.0187500
2 0.7911458 0.4347656 0.0270833 0.0242188
0 0.5549479 0.3835938 0.0130208 0.0281250
1 0.4341146 0.8355469 0.0151042 0.0304687
1 0.5971354 0.4882812 0.0151042 0.0187500
2 0.2023437 0.5382813 0.0223958 0.0218750
5 0.6229167 0.7292969 0.0260417 0.0242188
1 0.7018229 0.4035156 0.0203125 0.0273438
0 0.6000000 0.6203125 0.0156250 0.0218750
5 0.6018229 0.6753906 0.0213542 0.0335937
3 0.3291667 0.5636719 0.0250000 0.0164063
4 0.6802083 0.8496094 0.0197917 0.0257812
5 0.4455729 0.8859375 0.0171875 0.0406250
5 0.5799479 0.1925781 0.0182292 0.0351562
5 0.6945313 0.1792969 0.0276042 0.0179687
3 0.5903646 0.3687500 0.0223958 0.0234375
2 0.3716146 0.7191406 0.0161458 0.0289063
0 0.5322917 0.8347656 0.0114583 0.0164063
2 0.6054688 0.8816406 0.0255208 0.0164063
5 0.6255208 0.6031250 0.0145833 0.0359375
5 0.4510417 0.5390625 0.0250000 0.0171875
0 0.4919271 0.8386719 0.0234375 0.0195312
4 0.6231771 0.6515625 0.0182292 0.0421875
2 0.5882812 0.8332031 0.0255208 0.0179687
4 0.2354167 0.6937500 0.0135417 0.0421875
0 0.5101562 0.7527344 0.0234375 0.0257812
5 0.3057292 0.4117188 0.0104167 0.0281250
0 0.5885417 0.5828125 0.0197917 0.0343750
11 0.5408854 0.4281250 0.0171875 0.0281250
10 0.6315104 0.3179688 0.0151042 0.0328125
7 0.8013021 0.6664062 0.0234375 0.0218750
7 0.3807292 0.4167969 0.0239583 0.0226562
10 0.4570312 0.7882813 0.0255208 0.0296875
8 0.4195313 0.6855469 0.0192708 0.0320312
10 0.4911458 0.7375000 0.0197917 0.0250000
8 0.5583333 0.8148437 0.0197917 0.0328125
10 0.3460937 0.1687500 0.0234375 0.0234375
10 0.3244792 0.7843750 0.0156250 0.0296875
11 0.3432292 0.4527344 0.0270833 0.0304687
10 0.6330729 0.4265625 0.0161458 0.0234375
9 0.6908854 0.2019531 0.0234375 0.0289063
10 0.5768229 0.1566406 0.0234375 0.0257812
6 0.5843750 0.6300781 0.0270833 0.0304687
9 0.6645833 0.2687500 0.0145833 0.0343750
7 0.5364583 0.7402344 0.0239583 0.0367188
9 0.6039062 0.7835937 0.0161458 0.0375000
