2 0.5208333 0.7765625 0.0291667 0.0171875
3 0.6492187 0.2558594 0.0317708 0.0257812
3 0.5114583 0.3718750 0.0177083 0.0218750
0 0.3466146 0.8562500 0.0276042 0.0187500
1 0.5619792 0.6894531 0.0177083 0.0226562
4 0.5570312 0.3816406 0.0286458 0.0195312
1 0.5520833 0.3187500 0.0177083 0.0390625
5 0.6713542 0.5085937 0.0270833 0.0296875
3 0.5304688 0.3109375 0.0234375 0.0296875
3 0.6494792 0.2687500 0.0281250 0.0265625
0 0.6841146 0.4773438 0.0276042 0.0234375
4 0.5757813 0.8679687 0.0296875 0.0218750
4 0.4802083 0.5167969 0.0218750 0.0335937
0 0.4705729 0.9136719 0.0213542 0.0414062
1 0.5106771 0.7355469 0.0192708 0.0414062
3 0.5505208 0.5609375 0.0187500 0.0203125
0 0.5041667 0.3804688 0.0302083 0.0265625
0 0.3416667 0.3238281 0.0281250 0.0289063
4 0.6044271 0.2375000 0.0182292 0.0390625
5 0.6289062 0.6570312 0.0276042 0.0203125
4 0.6950521 0.5406250 0.0276042 0.0187500
3 0.7593750 0.4492188 0.0208333 0.0234375
1 0.5677083 0.1886719 0.0270833 0.0289063
0 0.4783854 0.5691406 0.0119792 0.0195312
4 0.3002604 0.5242187 0.0286458 0.0296875
4 0.6984375 0.7781250 0.0312500 0.0281250
0 0.5697917 0.4371094 0.0312500 0.0242188
3 0.4270833 0.7375000 0.0177083 0.0218750
4 0.3515625 0.7562500 0.0125000 0.0281250
3 0.4515625 0.1578125 0.0291667 0.0218750
2 0.5684896 0.3078125 0.0286458 0.0218750
5 0.4958333 0.8949219 0.0197917 0.0382813
2 0.5632812 0.5695313 0.0317708 0.0281250
1 0.5940104 0.6054688 0.0140625 0.0234375
1 0.4200521 0.2007812 0.0192708 0.0359375
4 0.7244792 0.2640625 0.0291667 0.0234375
4 0.5101562 0.4113281 0.0130208 0.0351562
1 0.7583333 0.2726562 0.0302083 0.0234375
4 0.3354167 0.5300781 0.0177083 0.0367188
5 0.5489583 0.4828125 0.0197917 0.0187500
5 0.2294271 0.4910156 0.0276042 0.0335937
5 0.4190104 0.8500000 0.0182292 0.0421875
4 0.6434896 0.5093750 0.0276042 0.0187500
2 0.2593750 0.3972656 0.0302083 0.0242188
3 0.4416667 0.2144531 0.0197917 0.0445313
0 0.6875000 0.7929688 0.0291667 0.0312500
4 0.4346354 0.6273437 0.0119792 0.0421875
2 0.6447917 0.3496094 0.0250000 0.0351562
0 0.3971354 0.3710938 0.0255208 0.0343750
3 0.5716146 0.5722656 0.0171875 0.0335937
0 0.6601562 0.5359375 0.0140625 0.0281250
5 0.5893229 0.3785156 0.0244792 0.0351562
4 0.6091146 0.1308594 0.0317708 0.0195312
4 0.7572917 0.6628906 0.0135417 0.0289063
4 0.6265625 0.2210938 0.0250000 0.0312500
7 0.2760417 0.6437500 0.0291667 0.0281250
10 0.2580729 0.2906250 0.0234375 0.0312500
8 0.3557292 0.7796875 0.0281250 0.0421875
6 0.4546875 0.2535156 0.0291667 0.0351562
10 0.5640625 0.6511719 0.0260417 0.0289063
7 0.2648437 0.7687500 0.0276042 0.0265625
9 0.6703125 0.8015625 0.0270833 0.0265625
11 0.3729167 0.6941406 0.0239583 0.0273438
7 0.6528646 0.3046875 0.0171875 0.0406250
8 0.6591146 0.6480469 0.0255208 0.0320312
6 0.5031250 0.4062500 0.0239583 0.0343750
6 0.5619792 0.3972656 0.0208333 0.0414062
6 0.3481771 0.4300781 0.0171875 0.0398437
8 0.5208333 0.3445313 0.0250000 0.0343750
10 0.7304688 0.4613281 0.0244792 0.0367188
