5 0.6377604 0.4535156 0.0473958 0.0882813
0 0.5645833 0.4535156 0.0427083 0.0820312
5 0.3166667 0.5773438 0.0656250 0.0640625
3 0.2718750 0.5292969 0.0625000 0.0445313
4 0.6231771 0.4406250 0.0307292 0.0609375
4 0.6908854 0.4066406 0.0328125 0.0914062
5 0.4226563 0.3757813 0.0619792 0.0390625
3 0.5588542 0.3074219 0.0625000 0.0460938
4 0.6260417 0.0542969 0.0614583 0.0585938
5 0.5388021 0.1753906 0.0463542 0.0710937
5 0.4513021 0.5285156 0.0411458 0.0773438
4 0.2096354 0.4253906 0.0578125 0.0632812
2 0.7091146 0.2898438 0.0671875 0.0359375
2 0.5859375 0.5468750 0.0281250 0.0453125
5 0.3223958 0.3398438 0.0260417 0.0593750
4 0.2953125 0.8050781 0.0635417 0.0445313
4 0.5442708 0.5417969 0.0572917 0.0398437
4 0.5572917 0.7910156 0.0510417 0.0382813
2 0.7458333 0.5964844 0.0510417 0.0726563
0 0.5994792 0.7777344 0.0375000 0.0445313
0 0.6302083 0.6308594 0.0375000 0.0492187
2 0.6231771 0.1996094 0.0286458 0.0476562
0 0.4406250 0.3585937 0.0541667 0.0718750
1 0.7307292 0.7652344 0.0291667 0.0898438
4 0.6638021 0.1523438 0.0328125 0.0843750
1 0.6500000 0.7023438 0.0697917 0.0500000
5 0.4830729 0.6117187 0.0505208 0.0406250
2 0.5007812 0.5929688 0.0598958 0.0468750
5 0.5231771 0.5980469 0.0661458 0.0414062
3 0.7533854 0.3515625 0.0671875 0.0453125
3 0.6333333 0.7699219 0.0531250 0.0398437
2 0.4622396 0.9261719 0.0411458 0.0460938
1 0.3679688 0.2746094 0.0390625 0.0726563
2 0.7088542 0.1617187 0.0625000 0.0421875
1 0.4596354 0.7378906 0.0390625 0.0554687
0 0.4070313 0.9125000 0.0546875 0.0890625
2 0.6976562 0.7367187 0.0651042 0.0453125
5 0.4481771 0.4437500 0.0588542 0.0375000
2 0.5843750 0.4875000 0.0625000 0.0656250
5 0.5890625 0.3781250 0.0416667 0.0437500
4 0.6723958 0.5628906 0.0635417 0.0460938
3 0.4348958 0.6789063 0.0562500 0.0468750
0 0.2361979 0.1394531 0.0328125 0.0992187
0 0.7609375 0.3855469 0.0489583 0.0804688
1 0.6026042 0.5519531 0.0270833 0.0789062
4 0.4846354 0.4585938 0.0473958 0.0468750
5 0.6442708 0.6949219 0.0604167 0.0523438
4 0.5554687 0.7476563 0.0338542 0.0843750
2 0.5473958 0.5089844 0.0302083 0.0585938
3 0.5901042 0.4957031 0.0562500 0.0570312
0 0.5854167 0.7238281 0.0666667 0.0492187
5 0.5289063 0.1191406 0.0286458 0.0632812
3 0.6937500 0.5140625 0.0583333 0.0375000
2 0.4166667 0.6625000 0.0593750 0.0421875
4 0.4281250 0.5269531 0.0291667 0.0773438
4 0.5013021 0.8710938 0.0338542 0.0812500
5 0.6549479 0.3207031 0.0640625 0.0382813
3 0.5739583 0.8097656 0.0645833 0.0601563
5 0.6692708 0.5328125 0.0645833 0.0484375
0 0.5132813 0.0308594 0.0421875 0.0617188
6 0.5684896 0.8074219 0.0567708 0.0710937
11 0.4979167 0.4082031 0.0406250 0.0867187
7 0.5471354 0.5492187 0.0432292 0.0765625
7 0.3481771 0.8273438 0.0526042 0.0562500
6 0.6153646 0.2406250 0.0390625 0.0546875
7 0.2776042 0.3156250 0.0614583 0.0640625
7 0.4877604 0.5464844 0.0442708 0.0648438
11 0.5755208 0.8257813 0.0395833 0.0843750
10 0.7138021 0.7042969 0.0578125 0.0570312
8 0.2888021 0.1609375 0.0411458 0.0765625
7 0.6369792 0.1371094 0.0604167 0.0570312
8 0.5283854 0.2976563 0.0567708 0.0562500
9 0.5075521 0.2722656 0.0567708 0.0554687
9 0.3283854 0.4343750 0.0411458 0.0718750
9 0.5528646 0.7113281 0.0359375 0.0867187
11 0.6479167 0.3238281 0.0583333 0.0570312
6 0.7536458 0.4468750 0.0635417 0.0625000
10 0.4609375 0.7695312 0.0593750 0.0796875
7 0.4291667 0.7843750 0.0552083 0.0562500
7 0.4971354 0.8722656 0.0463542 0.0601563
