3 0.6005208 0.7710938 0.0343750 0.0250000
5 0.7416667 0.5281250 0.0343750 0.0328125
1 0.4856771 0.2843750 0.0161458 0.0250000
3 0.5614583 0.4312500 0.0302083 0.0281250
0 0.5184896 0.5914063 0.0182292 0.0359375
2 0.5322917 0.4968750 0.0333333 0.0312500
4 0.5622396 0.4476562 0.0390625 0.0296875
0 0.4419271 0.7054687 0.0171875 0.0500000
1 0.7153646 0.6445312 0.0317708 0.0375000
0 0.2632813 0.3558594 0.0203125 0.0507812
4 0.7523437 0.4324219 0.0359375 0.0320312
4 0.6317708 0.5480469 0.0343750 0.0320312
3 0.5338542 0.2914062 0.0312500 0.0312500
0 0.5895833 0.1582031 0.0250000 0.0335937
2 0.5510417 0.6324219 0.0250000 0.0210938
1 0.6111979 0.6351562 0.0317708 0.0281250
2 0.4559896 0.3910156 0.0328125 0.0257812
2 0.6502604 0.5636719 0.0338542 0.0226562
0 0.7059896 0.6761719 0.0338542 0.0273438
2 0.2747396 0.4570312 0.0244792 0.0375000
5 0.6747396 0.2914062 0.0307292 0.0375000
5 0.7210937 0.4976563 0.0244792 0.0375000
2 0.4794271 0.3160156 0.0265625 0.0429688
5 0.5375000 0.5121094 0.0343750 0.0242188
2 0.5885417 0.4355469 0.0177083 0.0226562
4 0.7341146 0.5449219 0.0244792 0.0476562
3 0.4364583 0.7894531 0.0281250 0.0429688
2 0.5546875 0.5007812 0.0239583 0.0453125
2 0.3177083 0.3722656 0.0291667 0.0289063
2 0.6463542 0.6433594 0.0166667 0.0570312
1 0.4309896 0.1511719 0.0286458 0.0398437
5 0.6567708 0.2578125 0.0197917 0.0484375
5 0.6177083 0.4058594 0.0270833 0.0304687
5 0.6916667 0.6062500 0.0166667 0.0453125
0 0.6570312 0.4250000 0.0182292 0.0375000
2 0.4963542 0.7695312 0.0302083 0.0359375
2 0.4531250 0.1472656 0.0354167 0.0382813
3 0.5942708 0.4273438 0.0270833 0.0296875
0 0.4091146 0.5101562 0.0359375 0.0218750
10 0.4526042 0.8058594 0.0333333 0.0476562
9 0.4901042 0.7339844 0.0208333 0.0304687
6 0.3968750 0.6515625 0.0322917 0.0468750
8 0.5854167 0.3449219 0.0281250 0.0335937
7 0.5546875 0.7250000 0.0322917 0.0328125
11 0.3968750 0.6941406 0.0302083 0.0304687
11 0.5411458 0.6058594 0.0270833 0.0539063
10 0.5942708 0.5945312 0.0281250 0.0281250
6 0.5854167 0.6179687 0.0312500 0.0406250
6 0.3210938 0.3195312 0.0213542 0.0484375
