1 0.3390625 0.8234375 0.0375000 0.0296875
1 0.4359375 0.4066406 0.0218750 0.0523438
5 0.5796875 0.7300781 0.0250000 0.0398437
3 0.4296875 0.5042969 0.0385417 0.0351562
4 0.4979167 0.1593750 0.0322917 0.0281250
3 0.3809896 0.2781250 0.0328125 0.0421875
1 0.5010417 0.5917969 0.0322917 0.0523438
2 0.3700521 0.6703125 0.0244792 0.0578125
5 0.7057292 0.6160156 0.0406250 0.0335937
0 0.5252604 0.7175781 0.0307292 0.0554687
0 0.5273438 0.7933594 0.0234375 0.0445313
1 0.6515625 0.4398437 0.0385417 0.0281250
4 0.3934896 0.4984375 0.0182292 0.0625000
5 0.5682292 0.7023438 0.0312500 0.0281250
5 0.6364583 0.3007812 0.0208333 0.0500000
2 0.1861979 0.4804688 0.0401042 0.0250000
1 0.3669271 0.6738281 0.0255208 0.0460938
1 0.7546875 0.2796875 0.0208333 0.0562500
5 0.6000000 0.3054688 0.0406250 0.0281250
1 0.5161458 0.1593750 0.0208333 0.0656250
1 0.6364583 0.6808594 0.0364583 0.0351562
5 0.5276042 0.1285156 0.0218750 0.0554687
4 0.4192708 0.2457031 0.0260417 0.0585938
3 0.6773438 0.6222656 0.0401042 0.0382813
1 0.3312500 0.4421875 0.0364583 0.0359375
2 0.4098958 0.5109375 0.0416667 0.0328125
4 0.3682292 0.4847656 0.0375000 0.0289063
0 0.5500000 0.5246094 0.0395833 0.0414062
2 0.6958333 0.1671875 0.0447917 0.0312500
4 0.4695313 0.5558594 0.0453125 0.0398437
1 0.3611979 0.2910156 0.0203125 0.0304687
3 0.7010417 0.5828125 0.0395833 0.0265625
1 0.3052083 0.4160156 0.0354167 0.0335937
5 0.5671875 0.8390625 0.0427083 0.0296875
5 0.7138021 0.5128906 0.0265625 0.0367188
4 0.4903646 0.2656250 0.0244792 0.0296875
0 0.4877604 0.8160156 0.0328125 0.0460938
2 0.4257812 0.5046875 0.0432292 0.0359375
4 0.5328125 0.7199219 0.0218750 0.0304687
1 0.3216146 0.4957031 0.0255208 0.0617188
3 0.1794271 0.6324219 0.0380208 0.0414062
5 0.3708333 0.8734375 0.0239583 0.0593750
5 0.5864583 0.6375000 0.0281250 0.0437500
0 0.3289063 0.6519531 0.0390625 0.0351562
5 0.4929688 0.7351562 0.0182292 0.0640625
5 0.2867188 0.2953125 0.0463542 0.0312500
0 0.6479167 0.4605469 0.0406250 0.0398437
3 0.5013021 0.1707031 0.0307292 0.0617188
4 0.4109375 0.6957031 0.0197917 0.0335937
2 0.7390625 0.3437500 0.0343750 0.0328125
0 0.2067708 0.4941406 0.0375000 0.0460938
3 0.7421875 0.6531250 0.0416667 0.0359375
3 0.6604167 0.2773438 0.0177083 0.0390625
0 0.5000000 0.4347656 0.0229167 0.0320312
3 0.3494792 0.5023437 0.0406250 0.0265625
1 0.5973958 0.2777344 0.0281250 0.0460938
5 0.4916667 0.1390625 0.0270833 0.0515625
5 0.6031250 0.3441406 0.0468750 0.0320312
1 0.6872396 0.2214844 0.0421875 0.0289063
2 0.5078125 0.7015625 0.0416667 0.0500000
1 0.4421875 0.3757813 0.0177083 0.0593750
2 0.6856771 0.8941406 0.0255208 0.0414062
4 0.3882813 0.6230469 0.0401042 0.0414062
5 0.6278646 0.6195312 0.0411458 0.0312500
1 0.5723958 0.5699219 0.0395833 0.0382813
1 0.6091146 0.4445312 0.0338542 0.0484375
5 0.3492188 0.5910156 0.0276042 0.0367188
0 0.7682292 0.6054688 0.0437500 0.0406250
0 0.2796875 0.4253906 0.0427083 0.0382813
4 0.2901042 0.3410156 0.0229167 0.0648438
3 0.5380208 0.7527344 0.0312500 0.0476562
0 0.6950521 0.3308594 0.0359375 0.0367188
1 0.4919271 0.5679688 0.0390625 0.0250000
11 0.4830729 0.4261719 0.0421875 0.0429688
11 0.5062500 0.8140625 0.0312500 0.0453125
6 0.4653646 0.3367188 0.0411458 0.0406250
11 0.5914063 0.7039062 0.0359375 0.0406250
9 0.3635417 0.5546875 0.0270833 0.0562500
11 0.5502604 0.7972656 0.0369792 0.0367188
8 0.4830729 0.1734375 0.0401042 0.0421875
