3 0.7330729 0.8097656 0.0557292 0.1617187
0 0.6070313 0.8726563 0.0598958 0.1218750
3 0.5221354 0.6160156 0.0755208 0.1367188
1 0.7205729 0.6808594 0.0953125 0.0929688
0 0.5497396 0.3089844 0.0973958 0.0710937
2 0.4265625 0.8253906 0.0510417 0.1070312
4 0.6247396 0.6304688 0.0953125 0.0578125
4 0.6000000 0.3347656 0.0791667 0.0710937
1 0.4981771 0.2621094 0.0661458 0.1320312
3 0.6812500 0.6343750 0.0979167 0.0718750
4 0.4846354 0.3902344 0.0536458 0.0757812
3 0.3492188 0.2625000 0.0692708 0.1546875
0 0.3536458 0.4464844 0.0947917 0.1242188
2 0.5989583 0.6007813 0.1031250 0.0734375
2 0.5322917 0.4300781 0.0645833 0.0710937
0 0.4963542 0.7804688 0.0875000 0.1031250
4 0.3460937 0.7300781 0.0713542 0.0945312
0 0.4190104 0.2054688 0.0619792 0.1140625
1 0.5414062 0.7644531 0.0671875 0.1492188
4 0.7432292 0.6027344 0.0677083 0.0898438
5 0.2432292 0.3687500 0.0916667 0.0984375
0 0.5677083 0.1726563 0.0635417 0.1015625
4 0.4169271 0.6519531 0.1036458 0.0820312
1 0.4822917 0.3132813 0.0718750 0.1437500
4 0.5177083 0.1726563 0.0781250 0.0671875
1 0.4460938 0.9382812 0.0932292 0.1218750
0 0.6453125 0.5667969 0.0614583 0.0929688
0 0.5132813 0.3500000 0.0682292 0.0906250
4 0.3505208 0.3109375 0.0791667 0.0609375
2 0.5335937 0.5355469 0.0526042 0.1054688
3 0.7375000 0.5726562 0.0979167 0.0703125
3 0.6893229 0.7285156 0.0973958 0.0617188
4 0.2539062 0.5019531 0.0942708 0.0929688
1 0.5130208 0.2531250 0.0520833 0.1421875
2 0.7992187 0.3472656 0.1057292 0.0929688
2 0.5085937 0.4046875 0.0630208 0.1500000
1 0.6286458 0.2574219 0.0739583 0.1132812
5 0.5666667 0.1910156 0.1041667 0.1007813
2 0.3828125 0.2160156 0.0677083 0.1273438
3 0.6781250 0.2613281 0.0791667 0.1429688
4 0.5302083 0.3937500 0.0593750 0.1375000
0 0.5609375 0.4667969 0.0656250 0.0789062
9 0.3864583 0.4226563 0.0770833 0.1281250
7 0.3942708 0.2531250 0.0635417 0.1484375
6 0.6703125 0.2386719 0.0697917 0.1257813
9 0.5335937 0.6722656 0.0682292 0.1335938
