1 0.5166667 0.4039063 0.0281250 0.0546875
0 0.2489583 0.5011719 0.0552083 0.0679687
5 0.5479167 0.6250000 0.0489583 0.0906250
0 0.5210938 0.3773437 0.0734375 0.0546875
0 0.3786458 0.3855469 0.0333333 0.0882813
0 0.4565104 0.8457031 0.0536458 0.0679687
4 0.6346354 0.5500000 0.0484375 0.0765625
4 0.6466146 0.7738281 0.0328125 0.0945312
0 0.6911458 0.8117188 0.0645833 0.0421875
2 0.4255208 0.6460938 0.0312500 0.0546875
3 0.5669271 0.3683594 0.0276042 0.0804688
3 0.6906250 0.4765625 0.0614583 0.0453125
4 0.6247396 0.7035156 0.0463542 0.0632812
5 0.3611979 0.0824219 0.0671875 0.0460938
5 0.5557292 0.8535156 0.0656250 0.0710937
3 0.7393229 0.6582031 0.0713542 0.0648438
4 0.6494792 0.7312500 0.0656250 0.0515625
4 0.6190104 0.3050781 0.0411458 0.0632812
3 0.3888021 0.4308594 0.0359375 0.0523438
4 0.6968750 0.1734375 0.0531250 0.0609375
1 0.4046875 0.1242188 0.0552083 0.0484375
5 0.7130208 0.5933594 0.0635417 0.0585938
0 0.3718750 0.6066406 0.0437500 0.0882813
5 0.6190104 0.1683594 0.0671875 0.0492187
1 0.4203125 0.3500000 0.0447917 0.0609375
3 0.4945312 0.3406250 0.0307292 0.0937500
0 0.5630208 0.8171875 0.0614583 0.0609375
2 0.6250000 0.5394531 0.0635417 0.0492187
1 0.7919271 0.5074219 0.0765625 0.0585938
4 0.6778646 0.2675781 0.0661458 0.0492187
0 0.5802083 0.4183594 0.0677083 0.0507812
0 0.7557292 0.3007812 0.0656250 0.0546875
2 0.4747396 0.6480469 0.0380208 0.0632812
0 0.5664062 0.1542969 0.0390625 0.0679687
4 0.4174479 0.5414062 0.0463542 0.0906250
1 0.5343750 0.3730469 0.0458333 0.0617188
1 0.6067708 0.5425781 0.0677083 0.0554687
0 0.4505208 0.9378906 0.0385417 0.1007813
4 0.5739583 0.1988281 0.0708333 0.0460938
2 0.4947917 0.2890625 0.0677083 0.0484375
3 0.3773437 0.3882813 0.0567708 0.0484375
2 0.6278646 0.5523438 0.0557292 0.0500000
0 0.3708333 0.8589844 0.0614583 0.0726563
2 0.7968750 0.5273438 0.0625000 0.0531250
4 0.5916667 0.1851562 0.0447917 0.0515625
11 0.7078125 0.4421875 0.0656250 0.1015625
7 0.6682292 0.3917969 0.0416667 0.0929688
6 0.5861979 0.8167969 0.0432292 0.0601563
