4 0.6338542 0.5242187 0.0697917 0.0859375
3 0.6984375 0.0769531 0.0854167 0.0617188
3 0.5958333 0.8304687 0.0510417 0.1187500
3 0.5828125 0.4433594 0.0739583 0.0539063
1 0.4994792 0.4250000 0.0833333 0.0937500
1 0.4867187 0.1429688 0.0463542 0.1078125
4 0.4322917 0.8570313 0.0458333 0.1031250
5 0.4669271 0.3292969 0.0838542 0.0632812
0 0.4143229 0.3730469 0.0786458 0.0554687
3 0.4815104 0.5621094 0.0703125 0.0976562
4 0.5841146 0.5644531 0.0786458 0.0882813
1 0.4604167 0.7187500 0.0354167 0.0875000
4 0.4320312 0.1468750 0.0505208 0.1078125
2 0.7411458 0.4390625 0.0864583 0.0531250
4 0.4463542 0.4175781 0.0791667 0.0601563
4 0.6632813 0.2867188 0.0494792 0.0765625
5 0.6223958 0.5625000 0.0729167 0.0531250
2 0.4367187 0.2402344 0.0859375 0.0617188
3 0.3966146 0.6847656 0.0859375 0.0601563
4 0.4989583 0.4894531 0.0562500 0.0585938
4 0.3187500 0.2644531 0.0416667 0.0585938
4 0.5591146 0.0414062 0.0598958 0.0828125
2 0.3471354 0.3542969 0.0880208 0.0601563
5 0.6010417 0.4773438 0.0458333 0.0765625
2 0.4195313 0.2148438 0.0786458 0.0671875
0 0.4992187 0.1843750 0.0619792 0.1125000
1 0.6973958 0.7714844 0.0406250 0.0804688
0 0.7036458 0.6796875 0.0760417 0.0812500
2 0.3937500 0.5980469 0.0541667 0.1007813
0 0.5296875 0.2808594 0.0500000 0.1367188
4 0.5286458 0.3449219 0.0625000 0.0679687
0 0.5679688 0.4242187 0.0776042 0.0546875
0 0.6148438 0.7664062 0.0515625 0.0687500
2 0.4372396 0.2066406 0.0817708 0.0695313
2 0.7088542 0.3460937 0.0885417 0.0671875
3 0.5640625 0.3066406 0.0791667 0.0726563
5 0.2796875 0.6246094 0.0791667 0.0523438
4 0.5414062 0.4113281 0.0453125 0.0554687
4 0.2734375 0.5832031 0.0822917 0.0570312
0 0.7309896 0.5917969 0.0609375 0.0601563
1 0.4914062 0.8253906 0.0390625 0.1351563
0 0.3593750 0.5597656 0.0593750 0.0617188
3 0.5651042 0.3523438 0.0697917 0.1156250
5 0.2718750 0.4453125 0.0500000 0.0812500
5 0.5184896 0.9054688 0.0734375 0.0765625
3 0.5257812 0.4949219 0.0755208 0.0648438
1 0.5447917 0.2519531 0.0479167 0.1304687
4 0.6500000 0.3851562 0.0822917 0.0562500
4 0.5054688 0.3460937 0.0484375 0.0828125
2 0.7276042 0.7968750 0.0718750 0.0625000
4 0.3127604 0.5144531 0.0869792 0.0726563
5 0.2440104 0.3253906 0.0380208 0.1226562
2 0.5585938 0.5062500 0.0651042 0.0562500
3 0.4093750 0.2300781 0.0593750 0.1226562
1 0.2927083 0.2421875 0.0552083 0.0609375
3 0.7578125 0.6085938 0.0572917 0.1078125
1 0.6236979 0.7191406 0.0796875 0.0710937
2 0.7106771 0.1074219 0.0765625 0.0554687
3 0.7218750 0.6261719 0.0875000 0.0585938
3 0.1770833 0.3917969 0.0822917 0.0742188
10 0.7440104 0.3433594 0.0744792 0.0945312
6 0.2994792 0.4843750 0.0718750 0.1062500
8 0.3184896 0.6933594 0.0484375 0.1117188
11 0.4041667 0.5207031 0.0791667 0.1023437
11 0.3007812 0.5050781 0.0703125 0.0789062
7 0.4546875 0.4968750 0.0708333 0.1218750
9 0.5799479 0.2171875 0.0505208 0.1171875
10 0.6276042 0.0789062 0.0500000 0.1156250
9 0.3760417 0.5433594 0.0562500 0.1304687
9 0.6164063 0.8042969 0.0796875 0.0851563
6 0.5973958 0.7222656 0.0531250 0.1226562
7 0.3625000 0.3957031 0.0531250 0.0851563
10 0.3908854 0.3617187 0.0567708 0.0687500
11 0.4088542 0.6980469 0.0781250 0.0773438
10 0.3531250 0.4527344 0.0510417 0.0757812
6 0.5283854 0.2132813 0.0609375 0.1125000
