3 0.7848958 0.3488281 0.0250000 0.0242188
5 0.4500000 0.6167969 0.0135417 0.0179687
1 0.6765625 0.3296875 0.0208333 0.0281250
3 0.4161458 0.4648438 0.0135417 0.0250000
0 0.6273437 0.5605469 0.0234375 0.0195312
1 0.3411458 0.3671875 0.0260417 0.0187500
4 0.5786458 0.3710938 0.0218750 0.0156250
4 0.4468750 0.6710938 0.0218750 0.0156250
0 0.6760417 0.6250000 0.0239583 0.0234375
2 0.4213542 0.5781250 0.0166667 0.0187500
1 0.4997396 0.4148438 0.0119792 0.0343750
1 0.7606771 0.5468750 0.0171875 0.0281250
2 0.3250000 0.6417969 0.0208333 0.0148437
2 0.6890625 0.5617188 0.0208333 0.0156250
0 0.4114583 0.7945313 0.0197917 0.0312500
4 0.6781250 0.7632813 0.0177083 0.0171875
5 0.5882812 0.7585937 0.0223958 0.0218750
3 0.6575521 0.6328125 0.0213542 0.0203125
1 0.7299479 0.5636719 0.0130208 0.0304687
5 0.5393229 0.6921875 0.0244792 0.0171875
5 0.3510417 0.4355469 0.0229167 0.0179687
1 0.6484375 0.4121094 0.0125000 0.0351562
1 0.3750000 0.6039062 0.0218750 0.0156250
5 0.6023437 0.5480469 0.0182292 0.0226562
4 0.4710937 0.3753906 0.0244792 0.0179687
2 0.4598958 0.4429688 0.0166667 0.0296875
3 0.5679688 0.4613281 0.0119792 0.0210938
1 0.7054687 0.6453125 0.0255208 0.0171875
2 0.7591146 0.8351563 0.0213542 0.0140625
3 0.6335937 0.4558594 0.0140625 0.0195312
0 0.4031250 0.4246094 0.0145833 0.0242188
2 0.3794271 0.4925781 0.0192708 0.0242188
0 0.3674479 0.2363281 0.0203125 0.0210938
0 0.3341146 0.2382812 0.0140625 0.0203125
0 0.3138021 0.7035156 0.0171875 0.0164063
1 0.6291667 0.6257812 0.0135417 0.0171875
2 0.4127604 0.6171875 0.0234375 0.0156250
1 0.5726562 0.3757813 0.0130208 0.0328125
2 0.2932292 0.3195312 0.0218750 0.0265625
11 0.2804687 0.8460937 0.0223958 0.0218750
7 0.5757813 0.6738281 0.0192708 0.0195312
6 0.6997396 0.2347656 0.0223958 0.0242188
11 0.4031250 0.6171875 0.0208333 0.0296875
11 0.4507813 0.2839844 0.0161458 0.0367188
9 0.6786458 0.5757813 0.0208333 0.0250000
