5 0.4117188 0.5941406 0.0223958 0.0289063
4 0.5611979 0.1675781 0.0276042 0.0320312
4 0.6036458 0.7316406 0.0208333 0.0492187
3 0.5263021 0.6351562 0.0307292 0.0281250
2 0.6078125 0.4593750 0.0343750 0.0390625
1 0.4393229 0.5734375 0.0255208 0.0406250
5 0.5372396 0.4292969 0.0380208 0.0273438
0 0.7252604 0.2917969 0.0380208 0.0289063
0 0.3885417 0.6152344 0.0177083 0.0476562
1 0.6466146 0.1457031 0.0244792 0.0289063
1 0.7039062 0.4250000 0.0286458 0.0453125
3 0.4367187 0.7199219 0.0296875 0.0304687
0 0.5010417 0.3125000 0.0354167 0.0218750
5 0.6541667 0.5281250 0.0406250 0.0281250
1 0.6283854 0.5773438 0.0359375 0.0218750
4 0.5296875 0.4386719 0.0291667 0.0257812
5 0.4244792 0.2132813 0.0218750 0.0500000
3 0.4203125 0.5152344 0.0197917 0.0257812
1 0.4057292 0.5792969 0.0166667 0.0445313
2 0.5114583 0.4316406 0.0333333 0.0273438
4 0.5927083 0.6964844 0.0187500 0.0289063
0 0.6138021 0.7621094 0.0380208 0.0257812
3 0.4630208 0.7625000 0.0312500 0.0296875
0 0.6229167 0.2371094 0.0312500 0.0273438
2 0.4450521 0.6625000 0.0213542 0.0312500
2 0.5588542 0.3476562 0.0281250 0.0546875
5 0.5333333 0.6289062 0.0260417 0.0421875
4 0.3289063 0.4277344 0.0401042 0.0289063
4 0.4145833 0.4656250 0.0375000 0.0296875
3 0.6117187 0.6406250 0.0223958 0.0390625
3 0.4057292 0.6000000 0.0187500 0.0593750
1 0.4080729 0.3535156 0.0307292 0.0304687
1 0.3286458 0.3882813 0.0395833 0.0296875
4 0.6080729 0.7867188 0.0192708 0.0578125
4 0.4445312 0.4089844 0.0369792 0.0320312
2 0.5986979 0.5582031 0.0338542 0.0507812
3 0.6898437 0.7437500 0.0213542 0.0375000
2 0.5872396 0.8496094 0.0328125 0.0289063
4 0.2992187 0.3687500 0.0296875 0.0484375
0 0.6794271 0.3636719 0.0421875 0.0398437
3 0.3520833 0.1859375 0.0364583 0.0484375
0 0.4247396 0.3386719 0.0317708 0.0507812
2 0.5140625 0.4750000 0.0354167 0.0375000
2 0.4778646 0.8605469 0.0192708 0.0429688
5 0.3210938 0.5414062 0.0348958 0.0390625
5 0.3906250 0.3613281 0.0197917 0.0539063
0 0.5859375 0.2074219 0.0364583 0.0273438
3 0.3721354 0.6078125 0.0317708 0.0296875
2 0.6302083 0.4019531 0.0239583 0.0585938
0 0.4476562 0.5101562 0.0348958 0.0234375
5 0.5877604 0.4101562 0.0401042 0.0390625
3 0.5843750 0.4335938 0.0260417 0.0437500
1 0.3942708 0.3472656 0.0250000 0.0320312
2 0.6492187 0.4394531 0.0421875 0.0351562
3 0.3500000 0.3339844 0.0260417 0.0367188
1 0.4171875 0.0539063 0.0250000 0.0468750
1 0.5734375 0.7191406 0.0250000 0.0320312
2 0.5531250 0.2789063 0.0364583 0.0281250
5 0.5953125 0.3792969 0.0343750 0.0289063
3 0.6835938 0.3437500 0.0421875 0.0281250
3 0.3177083 0.4070313 0.0208333 0.0312500
0 0.5447917 0.5648437 0.0218750 0.0390625
1 0.6372396 0.5531250 0.0265625 0.0328125
3 0.3229167 0.5511719 0.0208333 0.0351562
4 0.5882812 0.8351563 0.0390625 0.0250000
1 0.5940104 0.4500000 0.0223958 0.0531250
6 0.6296875 0.4750000 0.0354167 0.0343750
7 0.5072917 0.6324219 0.0333333 0.0320312
6 0.6882812 0.3148437 0.0359375 0.0359375
8 0.5559896 0.6554688 0.0244792 0.0531250
11 0.5856771 0.3875000 0.0296875 0.0593750
11 0.4666667 0.6781250 0.0229167 0.0406250
8 0.3484375 0.3695312 0.0333333 0.0406250
9 0.6851563 0.6226563 0.0348958 0.0343750
