5 0.7140625 0.5792969 0.0562500 0.0414062
2 0.3721354 0.3765625 0.0380208 0.0484375
0 0.2494792 0.7324219 0.0645833 0.0351562
4 0.6692708 0.4980469 0.0604167 0.0601563
5 0.5265625 0.0234375 0.0479167 0.0468750
2 0.4278646 0.5480469 0.0598958 0.0523438
5 0.4682292 0.4972656 0.0281250 0.0570312
1 0.5966146 0.1894531 0.0557292 0.0351562
4 0.6382813 0.5480469 0.0546875 0.0492187
2 0.6778646 0.3515625 0.0578125 0.0406250
1 0.5226563 0.3093750 0.0307292 0.0437500
5 0.3822917 0.7980469 0.0520833 0.0554687
5 0.5559896 0.7136719 0.0588542 0.0476562
0 0.4341146 0.3539062 0.0588542 0.0406250
3 0.3546875 0.6289062 0.0375000 0.0484375
0 0.3460937 0.4875000 0.0598958 0.0500000
8 0.3854167 0.6710938 0.0468750 0.0828125
10 0.7526042 0.5019531 0.0343750 0.0507812
