2 0.5070313 0.6273437 0.0265625 0.0312500
2 0.4281250 0.5910156 0.0375000 0.0320312
3 0.6882812 0.2476562 0.0411458 0.0281250
0 0.6013021 0.6546875 0.0401042 0.0312500
5 0.3466146 0.1425781 0.0359375 0.0367188
0 0.3395833 0.3375000 0.0375000 0.0484375
2 0.4317708 0.6601562 0.0260417 0.0343750
0 0.7119792 0.6066406 0.0208333 0.0601563
3 0.4348958 0.7289062 0.0333333 0.0343750
0 0.2531250 0.4558594 0.0260417 0.0460938
3 0.6901042 0.7855469 0.0375000 0.0304687
0 0.6713542 0.3328125 0.0395833 0.0296875
2 0.5460938 0.7761719 0.0296875 0.0507812
4 0.6481771 0.4683594 0.0317708 0.0304687
5 0.4890625 0.8082031 0.0197917 0.0382813
3 0.4882812 0.9132813 0.0203125 0.0562500
3 0.4947917 0.4726562 0.0281250 0.0562500
4 0.5437500 0.6160156 0.0281250 0.0273438
5 0.4552083 0.0992187 0.0333333 0.0500000
2 0.4208333 0.7105469 0.0208333 0.0648438
3 0.2296875 0.6640625 0.0385417 0.0343750
3 0.4138021 0.4562500 0.0223958 0.0625000
0 0.5843750 0.3089844 0.0291667 0.0429688
2 0.5375000 0.6972656 0.0375000 0.0226562
3 0.6184896 0.5046875 0.0317708 0.0328125
1 0.7010417 0.3578125 0.0385417 0.0296875
3 0.6182292 0.5808594 0.0218750 0.0554687
0 0.4578125 0.4921875 0.0385417 0.0250000
0 0.5273438 0.4410156 0.0369792 0.0351562
3 0.3223958 0.4378906 0.0208333 0.0601563
4 0.4687500 0.6140625 0.0250000 0.0296875
2 0.5458333 0.6902344 0.0239583 0.0585938
0 0.5161458 0.5210938 0.0343750 0.0312500
4 0.3968750 0.5843750 0.0187500 0.0421875
0 0.5674479 0.4699219 0.0369792 0.0242188
5 0.5705729 0.2734375 0.0328125 0.0328125
4 0.5588542 0.2535156 0.0291667 0.0273438
1 0.4096354 0.2707031 0.0286458 0.0429688
3 0.5195312 0.6847656 0.0369792 0.0304687
3 0.6002604 0.1199219 0.0203125 0.0429688
1 0.4500000 0.6445312 0.0239583 0.0265625
5 0.4921875 0.2449219 0.0187500 0.0554687
7 0.7604167 0.6597656 0.0364583 0.0351562
