4 0.5854167 0.5882812 0.0250000 0.0218750
2 0.6966146 0.3390625 0.0286458 0.0203125
3 0.3690104 0.4765625 0.0244792 0.0171875
0 0.4815104 0.4230469 0.0151042 0.0226562
2 0.3781250 0.3085938 0.0114583 0.0187500
0 0.4695313 0.4566406 0.0151042 0.0179687
1 0.5450521 0.6539063 0.0223958 0.0250000
1 0.6458333 0.4992187 0.0250000 0.0234375
5 0.3528646 0.5632812 0.0234375 0.0328125
3 0.5067708 0.4332031 0.0270833 0.0242188
3 0.2119792 0.3492188 0.0135417 0.0390625
3 0.6005208 0.5621094 0.0239583 0.0226562
5 0.6138021 0.3722656 0.0223958 0.0257812
3 0.3914063 0.2953125 0.0171875 0.0390625
10 0.6671875 0.3843750 0.0177083 0.0359375
8 0.4020833 0.8648438 0.0250000 0.0359375
10 0.5979167 0.4941406 0.0229167 0.0226562
9 0.6617188 0.5281250 0.0255208 0.0250000
10 0.5388021 0.2210938 0.0192708 0.0296875
9 0.7289062 0.3492188 0.0234375 0.0234375
9 0.3252604 0.3125000 0.0265625 0.0296875
10 0.4075521 0.1726563 0.0171875 0.0390625
8 0.6317708 0.4523437 0.0239583 0.0234375
6 0.3203125 0.3531250 0.0197917 0.0375000
11 0.4398437 0.1886719 0.0171875 0.0320312
8 0.4062500 0.7257813 0.0260417 0.0421875
7 0.5177083 0.4339844 0.0281250 0.0273438
9 0.5796875 0.5121094 0.0187500 0.0273438
11 0.7033854 0.6121094 0.0223958 0.0351562
9 0.5166667 0.9507813 0.0187500 0.0375000
6 0.4005208 0.5558594 0.0187500 0.0335937
8 0.4057292 0.6957031 0.0239583 0.0351562
