4 0.5901042 0.7503906 0.0145833 0.0304687
2 0.3182292 0.6371094 0.0125000 0.0320312
4 0.4851563 0.6386719 0.0088542 0.0289063
0 0.6854167 0.6117187 0.0218750 0.0171875
4 0.5786458 0.8472656 0.0187500 0.0273438
5 0.4549479 0.3230469 0.0140625 0.0367188
1 0.3914063 0.6406250 0.0119792 0.0187500
1 0.2283854 0.5871094 0.0234375 0.0179687
4 0.5151042 0.7707031 0.0166667 0.0242188
4 0.2828125 0.3605469 0.0125000 0.0351562
1 0.4406250 0.6382813 0.0250000 0.0171875
8 0.6447917 0.2160156 0.0187500 0.0242188
6 0.5484375 0.5574219 0.0218750 0.0210938
9 0.7458333 0.7218750 0.0229167 0.0250000
7 0.5054688 0.3070312 0.0140625 0.0218750
10 0.4419271 0.7210937 0.0151042 0.0343750
11 0.4039063 0.3496094 0.0203125 0.0335937
10 0.4033854 0.8363281 0.0182292 0.0304687
11 0.6747396 0.4171875 0.0213542 0.0296875
7 0.6656250 0.2750000 0.0218750 0.0281250
