1 0.3138021 0.3046875 0.0203125 0.0437500
0 0.2984375 0.3113281 0.0250000 0.0335937
1 0.3760417 0.5332031 0.0250000 0.0289063
1 0.6695313 0.5628906 0.0223958 0.0304687
0 0.4138021 0.5718750 0.0307292 0.0328125
1 0.6015625 0.2382812 0.0208333 0.0453125
1 0.6015625 0.4019531 0.0229167 0.0460938
0 0.6799479 0.7191406 0.0328125 0.0226562
2 0.4385417 0.7980469 0.0291667 0.0320312
5 0.4203125 0.2046875 0.0239583 0.0421875
0 0.4333333 0.9257812 0.0197917 0.0453125
1 0.2835937 0.6949219 0.0192708 0.0304687
4 0.6950521 0.3925781 0.0328125 0.0320312
3 0.5828125 0.7968750 0.0333333 0.0203125
2 0.4825521 0.0839844 0.0307292 0.0226562
3 0.3804688 0.3914063 0.0171875 0.0515625
2 0.3726563 0.4421875 0.0213542 0.0281250
3 0.7408854 0.3078125 0.0276042 0.0328125
4 0.6083333 0.3042969 0.0145833 0.0398437
3 0.4541667 0.5304688 0.0177083 0.0406250
2 0.6661458 0.3167969 0.0229167 0.0335937
1 0.5794271 0.4671875 0.0328125 0.0250000
4 0.7026042 0.3933594 0.0208333 0.0242188
1 0.5934896 0.6906250 0.0192708 0.0406250
1 0.6299479 0.3910156 0.0203125 0.0257812
1 0.6656250 0.2757812 0.0166667 0.0203125
3 0.5992188 0.1710937 0.0192708 0.0437500
3 0.5885417 0.6191406 0.0302083 0.0320312
5 0.7205729 0.5875000 0.0161458 0.0187500
2 0.5013021 0.1214844 0.0182292 0.0492187
2 0.3070312 0.7203125 0.0192708 0.0484375
3 0.4432292 0.2437500 0.0197917 0.0218750
3 0.2971354 0.6007813 0.0265625 0.0312500
4 0.6580729 0.4261719 0.0119792 0.0273438
5 0.5130208 0.6746094 0.0302083 0.0257812
1 0.4270833 0.2835937 0.0281250 0.0265625
5 0.2763021 0.5230469 0.0307292 0.0195312
3 0.6208333 0.5062500 0.0291667 0.0203125
0 0.3065104 0.3503906 0.0161458 0.0257812
5 0.5281250 0.3527344 0.0302083 0.0304687
1 0.5986979 0.2312500 0.0255208 0.0453125
3 0.5500000 0.5085937 0.0239583 0.0421875
0 0.5416667 0.8988281 0.0270833 0.0335937
2 0.7072917 0.4093750 0.0312500 0.0359375
4 0.7184896 0.6300781 0.0286458 0.0273438
4 0.6710938 0.1425781 0.0151042 0.0429688
5 0.6257812 0.1945312 0.0307292 0.0265625
3 0.6471354 0.7750000 0.0255208 0.0250000
5 0.4276042 0.8148437 0.0312500 0.0218750
0 0.3067708 0.2941406 0.0312500 0.0242188
4 0.3505208 0.4839844 0.0156250 0.0445313
1 0.4088542 0.0851563 0.0166667 0.0234375
4 0.6346354 0.6480469 0.0317708 0.0242188
1 0.6500000 0.4242187 0.0291667 0.0406250
2 0.6096354 0.2667969 0.0296875 0.0195312
10 0.5255208 0.9250000 0.0270833 0.0312500
9 0.6455729 0.4812500 0.0276042 0.0328125
