0 0.3695312 0.2906250 0.0703125 0.0734375
4 0.7710938 0.7257813 0.0859375 0.0781250
0 0.4377604 0.6128906 0.0578125 0.1179687
3 0.4416667 0.5921875 0.0500000 0.1093750
2 0.4929688 0.6585937 0.0776042 0.0640625
2 0.3757813 0.2953125 0.0734375 0.0875000
4 0.5333333 0.2292969 0.0562500 0.1023437
3 0.4812500 0.0980469 0.0791667 0.0710937
2 0.5085937 0.1886719 0.0661458 0.0851563
2 0.2864583 0.4218750 0.0843750 0.0781250
1 0.4005208 0.0234375 0.0416667 0.0468750
4 0.4757812 0.4937500 0.0546875 0.1375000
5 0.5971354 0.2761719 0.0598958 0.1070312
2 0.6286458 0.5949219 0.0843750 0.0960938
4 0.6945313 0.3628906 0.0755208 0.1007813
1 0.4403646 0.8820313 0.0536458 0.1031250
5 0.4341146 0.7316406 0.0713542 0.1101562
4 0.4968750 0.4691406 0.0625000 0.1242188
2 0.5377604 0.5222656 0.0755208 0.0679687
4 0.4997396 0.5882812 0.0921875 0.0765625
1 0.4591146 0.1902344 0.0786458 0.0554687
5 0.6799479 0.7226562 0.0828125 0.0500000
5 0.6473958 0.7207031 0.0479167 0.1132812
1 0.2447917 0.4039063 0.0864583 0.0750000
1 0.4822917 0.6562500 0.0614583 0.0500000
1 0.6864583 0.2476562 0.0854167 0.0718750
5 0.7473958 0.4136719 0.0677083 0.0945312
4 0.6153646 0.8273438 0.0744792 0.1015625
4 0.4028646 0.2667969 0.0494792 0.1257813
0 0.5101562 0.7753906 0.0630208 0.0992187
1 0.4164062 0.3945312 0.0692708 0.0765625
2 0.4731771 0.6101562 0.0880208 0.0562500
1 0.5286458 0.7277344 0.0437500 0.1257813
0 0.4643229 0.5449219 0.0338542 0.0757812
4 0.5414062 0.4785156 0.0828125 0.0726563
5 0.3929687 0.9000000 0.0442708 0.1328125
5 0.3854167 0.6972656 0.0875000 0.0617188
5 0.4976563 0.1550781 0.0921875 0.0570312
1 0.3802083 0.4390625 0.0656250 0.1078125
3 0.3656250 0.4796875 0.0802083 0.0843750
5 0.6276042 0.5527344 0.0510417 0.1195313
3 0.5364583 0.6511719 0.0427083 0.1273438
2 0.7041667 0.2617188 0.0520833 0.0718750
1 0.5273438 0.0628906 0.0619792 0.1257813
4 0.6653646 0.4347656 0.0890625 0.0648438
5 0.3635417 0.2183594 0.0500000 0.1132812
11 0.5440104 0.4511719 0.0536458 0.0929688
10 0.5388021 0.9656250 0.0515625 0.0671875
6 0.5593750 0.4082031 0.0666667 0.0757812
6 0.4460938 0.8023438 0.0630208 0.1046875
