4 0.6322917 0.6019531 0.1489583 0.0976562
5 0.3190104 0.3636719 0.0796875 0.1382812
1 0.5752604 0.7285156 0.1609375 0.1023437
3 0.4932292 0.2316406 0.0885417 0.1867187
1 0.5442708 0.3152344 0.0916667 0.2601562
1 0.6742187 0.4250000 0.1661458 0.1062500
0 0.4437500 0.0757812 0.1052083 0.1515625
0 0.5713542 0.2722656 0.0906250 0.2273438
3 0.6708333 0.2449219 0.1208333 0.1601562
2 0.5630208 0.6753906 0.1562500 0.1210938
1 0.3593750 0.3917969 0.0770833 0.1664063
1 0.5596354 0.6164063 0.1557292 0.1500000
2 0.5739583 0.1699219 0.1604167 0.1164063
1 0.5312500 0.8312500 0.1375000 0.1421875
2 0.6585937 0.5281250 0.1505208 0.1500000
0 0.7166667 0.7832031 0.1562500 0.1304687
5 0.6572917 0.7636719 0.0864583 0.1195313
3 0.5255208 0.4570312 0.1135417 0.2312500
4 0.3940104 0.5507812 0.1401042 0.0953125
2 0.6010417 0.2820313 0.0958333 0.1687500
0 0.7054687 0.3007812 0.1098958 0.1968750
1 0.5013021 0.5195312 0.1036458 0.1703125
1 0.8796875 0.7042969 0.1291667 0.1210938
4 0.4789062 0.3910156 0.1609375 0.1070312
4 0.6484375 0.1703125 0.0968750 0.1156250
4 0.4411458 0.3898437 0.1250000 0.1593750
1 0.6117187 0.4812500 0.1619792 0.1187500
2 0.3598958 0.8386719 0.1677083 0.1351563
2 0.5351562 0.0691406 0.1223958 0.1382812
5 0.4807292 0.1171875 0.0947917 0.2046875
5 0.6078125 0.2894531 0.1562500 0.0976562
4 0.7140625 0.7441406 0.1416667 0.1085938
3 0.3515625 0.9671875 0.0864583 0.0640625
0 0.3424479 0.3496094 0.0744792 0.1414063
4 0.5036458 0.3542969 0.1083333 0.2367188
5 0.5802083 0.1636719 0.0947917 0.2320312
5 0.5419271 0.4089844 0.0713542 0.2351563
1 0.5205729 0.6421875 0.0776042 0.1203125
4 0.2528646 0.6039062 0.0765625 0.1328125
1 0.7817708 0.4464844 0.1656250 0.0898438
0 0.8067708 0.4687500 0.1406250 0.1640625
5 0.5960937 0.6476563 0.1442708 0.1000000
3 0.6098958 0.5285156 0.1458333 0.1414063
4 0.4955729 0.9339844 0.1380208 0.1304687
2 0.5552083 0.4476562 0.1364583 0.1437500
2 0.2984375 0.6019531 0.0895833 0.1085938
3 0.7494792 0.5613281 0.1072917 0.1617187
2 0.6494792 0.3625000 0.0729167 0.2203125
0 0.6018229 0.2085937 0.0640625 0.2015625
4 0.5044271 0.7449219 0.1494792 0.1382812
3 0.5872396 0.6773438 0.1640625 0.1421875
5 0.7190104 0.3480469 0.1421875 0.1320312
5 0.6695313 0.1949219 0.1588542 0.1242188
5 0.7822917 0.4949219 0.1750000 0.0945312
2 0.5763021 0.1554687 0.1682292 0.1125000
5 0.7658854 0.4320312 0.1630208 0.1562500
4 0.3049479 0.6507812 0.1046875 0.2062500
1 0.3033854 0.4304688 0.1494792 0.1140625
3 0.6562500 0.3574219 0.0864583 0.2195313
0 0.6125000 0.5039062 0.0979167 0.2187500
2 0.4523437 0.1945312 0.1067708 0.1515625
5 0.4695313 0.3628906 0.1109375 0.1210938
5 0.4729167 0.0960938 0.1427083 0.1296875
1 0.6382813 0.7417969 0.1109375 0.1804688
1 0.3648438 0.2425781 0.1338542 0.1367188
2 0.2778646 0.2109375 0.1109375 0.1875000
0 0.5208333 0.2265625 0.0989583 0.2203125
0 0.4325521 0.4433594 0.0692708 0.2367188
9 0.6901042 0.6242188 0.1031250 0.2437500
10 0.2968750 0.7707031 0.1479167 0.1382812
11 0.4739583 0.4437500 0.1166667 0.1312500
7 0.6036458 0.0324219 0.0677083 0.0648438
11 0.5330729 0.7699219 0.1390625 0.2101562
8 0.7619792 0.1679688 0.1458333 0.1468750
10 0.4716146 0.5207031 0.1067708 0.1335938
10 0.5492187 0.4742188 0.1005208 0.1468750
7 0.6794271 0.1371094 0.0921875 0.2164062
8 0.5981771 0.3238281 0.1484375 0.1476562
10 0.4973958 0.4031250 0.1270833 0.1328125
6 0.6226563 0.2976563 0.1369792 0.2140625
8 0.5885417 0.1925781 0.1322917 0.2117188
