5 0.4265625 0.4101562 0.0218750 0.0218750
5 0.4645833 0.6730469 0.0125000 0.0195312
1 0.8192708 0.4917969 0.0229167 0.0382813
3 0.4065104 0.4250000 0.0213542 0.0218750
2 0.6591146 0.5242187 0.0213542 0.0328125
0 0.4807292 0.5777344 0.0208333 0.0304687
3 0.5143229 0.3652344 0.0265625 0.0179687
4 0.4166667 0.2898438 0.0166667 0.0421875
3 0.3382812 0.3242188 0.0286458 0.0171875
3 0.6713542 0.5148438 0.0229167 0.0250000
3 0.7382812 0.4425781 0.0265625 0.0257812
1 0.5992188 0.4464844 0.0265625 0.0195312
1 0.4773438 0.5375000 0.0192708 0.0281250
5 0.4203125 0.6238281 0.0302083 0.0210938
5 0.3494792 0.4800781 0.0166667 0.0335937
3 0.7158854 0.6527344 0.0234375 0.0257812
2 0.2906250 0.4718750 0.0281250 0.0234375
0 0.6911458 0.1480469 0.0260417 0.0210938
5 0.2716146 0.4011719 0.0234375 0.0242188
3 0.1861979 0.5109375 0.0161458 0.0234375
3 0.6820312 0.4773438 0.0265625 0.0218750
4 0.5955729 0.6382813 0.0213542 0.0171875
4 0.7250000 0.4265625 0.0145833 0.0359375
0 0.3588542 0.8367187 0.0270833 0.0203125
8 0.7255208 0.5953125 0.0260417 0.0296875
10 0.5765625 0.2707031 0.0250000 0.0242188
11 0.6518229 0.4828125 0.0276042 0.0265625
7 0.5445313 0.5195312 0.0234375 0.0328125
11 0.4950521 0.2441406 0.0234375 0.0382813
9 0.4716146 0.1500000 0.0244792 0.0296875
