4 0.4492188 0.6792969 0.0119792 0.0195312
2 0.6778646 0.6902344 0.0192708 0.0273438
1 0.4815104 0.3898437 0.0130208 0.0171875
4 0.5182292 0.2683594 0.0177083 0.0164063
1 0.5528646 0.6644531 0.0109375 0.0304687
3 0.3041667 0.5035156 0.0104167 0.0304687
5 0.6192708 0.2941406 0.0229167 0.0226562
1 0.4432292 0.4527344 0.0114583 0.0210938
1 0.4213542 0.3976562 0.0197917 0.0203125
5 0.3911458 0.1867187 0.0135417 0.0265625
3 0.6302083 0.6027344 0.0260417 0.0195312
1 0.5421875 0.2394531 0.0114583 0.0320312
1 0.4062500 0.5902344 0.0197917 0.0257812
1 0.5684896 0.7980469 0.0171875 0.0226562
5 0.4809896 0.3371094 0.0130208 0.0335937
1 0.2783854 0.3644531 0.0244792 0.0226562
4 0.7010417 0.5660156 0.0177083 0.0289063
3 0.6036458 0.4445312 0.0239583 0.0187500
5 0.3778646 0.4675781 0.0151042 0.0257812
1 0.5018229 0.7417969 0.0130208 0.0226562
1 0.5052083 0.3308594 0.0197917 0.0273438
4 0.5885417 0.7898437 0.0125000 0.0156250
2 0.5223958 0.3113281 0.0177083 0.0164063
1 0.4643229 0.6019531 0.0140625 0.0367188
11 0.6638021 0.4582031 0.0171875 0.0273438
9 0.5231771 0.4714844 0.0213542 0.0226562
10 0.4197917 0.2804687 0.0166667 0.0234375
8 0.6622396 0.2308594 0.0223958 0.0226562
8 0.5059896 0.8804688 0.0161458 0.0312500
10 0.4604167 0.5003906 0.0156250 0.0257812
8 0.6718750 0.5253906 0.0197917 0.0242188
11 0.3854167 0.7046875 0.0239583 0.0234375
11 0.4273438 0.6640625 0.0130208 0.0296875
11 0.6619792 0.3851562 0.0239583 0.0250000
9 0.6114583 0.4742188 0.0145833 0.0203125
10 0.6218750 0.3671875 0.0177083 0.0250000
7 0.4888021 0.7910156 0.0140625 0.0320312
6 0.5713542 0.2503906 0.0145833 0.0351562
