0 0.6375000 0.3957031 0.0135417 0.0382813
1 0.4929688 0.3640625 0.0171875 0.0343750
3 0.4101562 0.2003906 0.0223958 0.0304687
0 0.4367187 0.6808594 0.0182292 0.0367188
5 0.7221354 0.4750000 0.0296875 0.0234375
3 0.2830729 0.3984375 0.0203125 0.0234375
4 0.6119792 0.5019531 0.0218750 0.0382813
3 0.4757812 0.6703125 0.0130208 0.0312500
1 0.3619792 0.4417969 0.0250000 0.0210938
2 0.6281250 0.7609375 0.0156250 0.0343750
2 0.5489583 0.5679688 0.0250000 0.0218750
5 0.7257813 0.5707031 0.0265625 0.0257812
1 0.5859375 0.4878906 0.0177083 0.0257812
1 0.6544271 0.7183594 0.0286458 0.0195312
3 0.4005208 0.6386719 0.0166667 0.0273438
0 0.3830729 0.2839844 0.0286458 0.0210938
0 0.5757813 0.6425781 0.0286458 0.0210938
2 0.3601563 0.6675781 0.0151042 0.0320312
2 0.5781250 0.3414063 0.0250000 0.0218750
3 0.6554688 0.7406250 0.0140625 0.0296875
3 0.4398437 0.7480469 0.0171875 0.0320312
5 0.4421875 0.9578125 0.0187500 0.0406250
3 0.4385417 0.7957031 0.0166667 0.0257812
5 0.5317708 0.3882813 0.0208333 0.0234375
1 0.6893229 0.5042969 0.0213542 0.0351562
2 0.5888021 0.1933594 0.0171875 0.0398437
0 0.4518229 0.8160156 0.0244792 0.0273438
3 0.7382812 0.4542969 0.0307292 0.0257812
3 0.6643229 0.4089844 0.0265625 0.0195312
4 0.5135417 0.4976563 0.0187500 0.0359375
2 0.7322917 0.4171875 0.0250000 0.0281250
2 0.4101562 0.3910156 0.0140625 0.0367188
5 0.3695312 0.4960938 0.0276042 0.0281250
5 0.6044271 0.7035156 0.0286458 0.0226562
4 0.5716146 0.4523437 0.0276042 0.0187500
1 0.5648437 0.3515625 0.0223958 0.0203125
1 0.6531250 0.4683594 0.0260417 0.0164063
4 0.5500000 0.5644531 0.0239583 0.0257812
5 0.3932292 0.7632813 0.0239583 0.0234375
5 0.5888021 0.5390625 0.0276042 0.0234375
3 0.5289063 0.6914062 0.0161458 0.0406250
5 0.5960937 0.6550781 0.0244792 0.0226562
4 0.4757812 0.1398437 0.0234375 0.0265625
3 0.3653646 0.8109375 0.0213542 0.0281250
2 0.5809896 0.8839844 0.0182292 0.0304687
1 0.6734375 0.2855469 0.0218750 0.0304687
0 0.7833333 0.4171875 0.0250000 0.0234375
2 0.6429687 0.6156250 0.0203125 0.0421875
5 0.6835938 0.2179687 0.0255208 0.0234375
5 0.5536458 0.4695313 0.0260417 0.0218750
4 0.4578125 0.7085938 0.0177083 0.0406250
2 0.5502604 0.5042969 0.0161458 0.0242188
2 0.6679688 0.6980469 0.0213542 0.0273438
2 0.3611979 0.3296875 0.0151042 0.0250000
4 0.4895833 0.5203125 0.0250000 0.0187500
2 0.7229167 0.4562500 0.0281250 0.0250000
2 0.6408854 0.5386719 0.0119792 0.0210938
3 0.5895833 0.5273438 0.0281250 0.0250000
5 0.7229167 0.6023437 0.0239583 0.0281250
0 0.6843750 0.2496094 0.0125000 0.0273438
1 0.6085938 0.8500000 0.0276042 0.0218750
0 0.5367188 0.1714844 0.0276042 0.0164063
2 0.3385417 0.4796875 0.0125000 0.0390625
4 0.5648437 0.4964844 0.0255208 0.0179687
4 0.7231771 0.2906250 0.0223958 0.0265625
5 0.4322917 0.4386719 0.0166667 0.0179687
1 0.4244792 0.4000000 0.0250000 0.0187500
5 0.3143229 0.4898438 0.0276042 0.0203125
2 0.6476563 0.6421875 0.0286458 0.0218750
0 0.2934896 0.2878906 0.0171875 0.0226562
2 0.7479167 0.3402344 0.0135417 0.0257812
3 0.6716146 0.8726563 0.0255208 0.0156250
0 0.5721354 0.1464844 0.0223958 0.0335937
3 0.2921875 0.7601562 0.0135417 0.0343750
4 0.6007813 0.7500000 0.0192708 0.0312500
10 0.7755208 0.5000000 0.0270833 0.0250000
7 0.6171875 0.4769531 0.0156250 0.0367188
7 0.5205729 0.4593750 0.0192708 0.0250000
7 0.7119792 0.7937500 0.0260417 0.0250000
8 0.5677083 0.5714844 0.0239583 0.0320312
6 0.4013021 0.8652344 0.0192708 0.0367188
7 0.3812500 0.4320312 0.0187500 0.0328125
6 0.3333333 0.5746094 0.0166667 0.0382813
6 0.4583333 0.4101562 0.0197917 0.0406250
7 0.3153646 0.7003906 0.0223958 0.0351562
11 0.4885417 0.6664062 0.0281250 0.0359375
7 0.3916667 0.2734375 0.0187500 0.0421875
9 0.6976562 0.2492187 0.0276042 0.0265625
