0 0.5861979 0.6289062 0.0244792 0.0281250
0 0.6059896 0.2781250 0.0265625 0.0328125
3 0.7739583 0.6312500 0.0302083 0.0234375
0 0.7367187 0.3617187 0.0276042 0.0234375
5 0.5890625 0.1472656 0.0250000 0.0273438
2 0.6291667 0.3937500 0.0281250 0.0343750
0 0.7375000 0.4371094 0.0135417 0.0289063
4 0.3559896 0.8816406 0.0276042 0.0257812
0 0.5309896 0.3476562 0.0203125 0.0359375
3 0.7229167 0.6511719 0.0260417 0.0289063
5 0.6375000 0.5933594 0.0135417 0.0429688
2 0.3500000 0.7656250 0.0239583 0.0328125
0 0.5270833 0.6347656 0.0291667 0.0210938
1 0.4539063 0.5097656 0.0276042 0.0210938
4 0.2937500 0.8714844 0.0270833 0.0195312
5 0.5083333 0.4710937 0.0239583 0.0312500
4 0.5039062 0.3929687 0.0171875 0.0406250
1 0.5781250 0.2285156 0.0187500 0.0398437
0 0.6789063 0.6566406 0.0276042 0.0195312
2 0.3140625 0.4183594 0.0114583 0.0351562
3 0.6263021 0.7136719 0.0119792 0.0195312
4 0.5398437 0.2410156 0.0223958 0.0226562
2 0.6864583 0.6394531 0.0208333 0.0257812
3 0.5257812 0.5777344 0.0234375 0.0210938
2 0.5526042 0.3316406 0.0218750 0.0367188
4 0.6171875 0.5941406 0.0260417 0.0289063
2 0.7101563 0.5937500 0.0223958 0.0296875
4 0.5856771 0.6773438 0.0276042 0.0203125
4 0.4062500 0.6144531 0.0114583 0.0164063
0 0.6177083 0.1750000 0.0197917 0.0312500
1 0.5453125 0.1808594 0.0145833 0.0210938
4 0.6015625 0.7281250 0.0291667 0.0218750
5 0.4364583 0.3574219 0.0270833 0.0210938
1 0.3546875 0.2156250 0.0270833 0.0187500
5 0.5817708 0.4722656 0.0135417 0.0226562
5 0.4750000 0.7847656 0.0187500 0.0257812
2 0.6151042 0.6593750 0.0302083 0.0250000
2 0.6583333 0.1863281 0.0166667 0.0257812
5 0.7325521 0.4218750 0.0255208 0.0296875
4 0.5416667 0.3519531 0.0291667 0.0210938
1 0.5296875 0.9109375 0.0145833 0.0234375
0 0.3585937 0.7453125 0.0182292 0.0390625
1 0.6966146 0.5750000 0.0171875 0.0390625
2 0.4611979 0.5667969 0.0192708 0.0304687
4 0.7174479 0.7566406 0.0286458 0.0210938
2 0.5059896 0.3175781 0.0140625 0.0429688
4 0.6125000 0.6363281 0.0260417 0.0242188
3 0.4609375 0.7554688 0.0229167 0.0281250
5 0.5817708 0.3214844 0.0302083 0.0226562
1 0.5216146 0.5882812 0.0296875 0.0218750
0 0.6361979 0.6117187 0.0130208 0.0359375
1 0.3885417 0.4843750 0.0156250 0.0281250
2 0.6565104 0.7804688 0.0286458 0.0250000
0 0.5447917 0.1472656 0.0281250 0.0210938
3 0.5015625 0.5367188 0.0135417 0.0375000
7 0.6033854 0.2910156 0.0286458 0.0273438
8 0.5559896 0.3480469 0.0255208 0.0257812
6 0.4317708 0.1957031 0.0260417 0.0257812
7 0.6171875 0.8332031 0.0260417 0.0398437
