4 0.5713542 0.2429688 0.0500000 0.1593750
3 0.4127604 0.8652344 0.0557292 0.1539062
0 0.7268229 0.7011719 0.0953125 0.0695313
1 0.5065104 0.5257812 0.0588542 0.0859375
4 0.4380208 0.4613281 0.0645833 0.1523438
3 0.3122396 0.4128906 0.0953125 0.0929688
3 0.4223958 0.4636719 0.0437500 0.1304687
4 0.6942708 0.1238281 0.0583333 0.1414063
4 0.3523438 0.1328125 0.0901042 0.0718750
2 0.7929688 0.3605469 0.0817708 0.1273438
1 0.2864583 0.8507813 0.0479167 0.0890625
0 0.6002604 0.3250000 0.0578125 0.1421875
1 0.7148438 0.1957031 0.0963542 0.0820312
4 0.4783854 0.2460938 0.0776042 0.1156250
5 0.2169271 0.4925781 0.0953125 0.0851563
5 0.7109375 0.2109375 0.1010417 0.0750000
2 0.5565104 0.6460938 0.0703125 0.1625000
5 0.7007813 0.5105469 0.0932292 0.0710937
3 0.5552083 0.2847656 0.0531250 0.1101562
3 0.3015625 0.6347656 0.0510417 0.1429688
2 0.2968750 0.7507812 0.0937500 0.0562500
5 0.3929687 0.0843750 0.0484375 0.1437500
4 0.6666667 0.6363281 0.0822917 0.0867187
5 0.5804687 0.5878906 0.0911458 0.1007813
3 0.4833333 0.2777344 0.0697917 0.1351563
5 0.6346354 0.5632812 0.1015625 0.0718750
0 0.4518229 0.7363281 0.1026042 0.0726563
3 0.6664062 0.1125000 0.0671875 0.1234375
5 0.6645833 0.2984375 0.1010417 0.1078125
5 0.5890625 0.8269531 0.0958333 0.0835937
4 0.5973958 0.7371094 0.0906250 0.0570312
3 0.5794271 0.4871094 0.0442708 0.0867187
4 0.7013021 0.6851563 0.0984375 0.0687500
5 0.4427083 0.4367187 0.0687500 0.0640625
5 0.2890625 0.1054688 0.1010417 0.0734375
3 0.6273437 0.5824219 0.0713542 0.0945312
1 0.7179688 0.4226563 0.0921875 0.0765625
4 0.4723958 0.8148437 0.0864583 0.1203125
3 0.4833333 0.0898438 0.0583333 0.0765625
4 0.7101563 0.4226563 0.1005208 0.0796875
1 0.3632812 0.4171875 0.0526042 0.1500000
0 0.5171875 0.5562500 0.0625000 0.1031250
3 0.5705729 0.5441406 0.0765625 0.1257813
3 0.3820312 0.7910156 0.0973958 0.0820312
4 0.3390625 0.3871094 0.1052083 0.1023437
2 0.5783854 0.7351562 0.0442708 0.1375000
3 0.4028646 0.6757812 0.0463542 0.0781250
1 0.5546875 0.5457031 0.0791667 0.0867187
4 0.6062500 0.8121094 0.0541667 0.0945312
2 0.5528646 0.6164063 0.0869792 0.0718750
2 0.6125000 0.4316406 0.0822917 0.0742188
0 0.7145833 0.2238281 0.1031250 0.0632812
4 0.5390625 0.4320312 0.0562500 0.0843750
0 0.6825521 0.9523438 0.0953125 0.0718750
2 0.4039063 0.8117188 0.0484375 0.1390625
5 0.4067708 0.2304688 0.0802083 0.0781250
5 0.7380208 0.5125000 0.0927083 0.0562500
4 0.2638021 0.2593750 0.1015625 0.0781250
1 0.3781250 0.2628906 0.0583333 0.0632812
1 0.6919271 0.6910156 0.1067708 0.0726563
2 0.4966146 0.4031250 0.0703125 0.0656250
1 0.3325521 0.4789062 0.0932292 0.0609375
5 0.6747396 0.6277344 0.0859375 0.0804688
2 0.7286458 0.4156250 0.0895833 0.0875000
3 0.5041667 0.7894531 0.0562500 0.0773438
1 0.5104167 0.5843750 0.0854167 0.0843750
1 0.7718750 0.3824219 0.1062500 0.0929688
9 0.7841146 0.3878906 0.0661458 0.1210938
6 0.4901042 0.3089844 0.0750000 0.1460937
7 0.4286458 0.1878906 0.0947917 0.1039063
