5 0.3781250 0.4453125 0.0906250 0.1109375
5 0.3153646 0.9203125 0.0682292 0.1578125
2 0.3710938 0.5535156 0.1015625 0.0757812
2 0.6601562 0.2582031 0.1036458 0.1148437
0 0.4411458 0.2707031 0.0458333 0.0820312
4 0.4505208 0.3375000 0.0989583 0.1468750
2 0.3966146 0.8703125 0.0401042 0.1406250
4 0.2497396 0.4402344 0.0671875 0.1242188
1 0.4658854 0.2781250 0.1119792 0.0921875
1 0.6348958 0.0968750 0.1114583 0.0796875
4 0.5171875 0.3511719 0.1197917 0.0835937
2 0.7473958 0.3359375 0.0812500 0.1218750
1 0.7940104 0.3988281 0.0984375 0.0945312
0 0.5513021 0.3031250 0.1098958 0.0671875
0 0.2046875 0.3261719 0.0979167 0.0882813
2 0.5455729 0.7042969 0.0963542 0.0664062
0 0.7213542 0.2027344 0.1166667 0.0945312
5 0.5674479 0.1335938 0.0567708 0.1703125
4 0.5505208 0.9511719 0.1041667 0.0960938
5 0.4984375 0.6886719 0.0958333 0.1164063
5 0.5932292 0.2273438 0.1166667 0.0671875
4 0.2653646 0.6406250 0.0494792 0.1703125
1 0.3869792 0.1414063 0.0937500 0.1203125
2 0.2299479 0.4562500 0.0869792 0.1375000
3 0.6276042 0.2226562 0.0708333 0.1046875
2 0.6835938 0.3371094 0.0744792 0.1414063
4 0.3927083 0.2308594 0.0635417 0.1132812
4 0.2976563 0.5921875 0.0567708 0.0906250
4 0.5044271 0.6652344 0.0661458 0.0804688
4 0.4497396 0.7421875 0.0526042 0.1671875
0 0.6114583 0.6792969 0.1031250 0.0960938
4 0.3966146 0.3925781 0.1036458 0.0976562
3 0.6195312 0.1386719 0.1223958 0.1164063
2 0.8132812 0.5660156 0.0557292 0.0898438
3 0.6260417 0.3609375 0.0458333 0.1140625
5 0.4125000 0.5414062 0.0520833 0.1671875
0 0.5130208 0.3117187 0.1041667 0.0859375
1 0.5833333 0.3863281 0.0583333 0.1382812
3 0.4002604 0.3332031 0.0661458 0.1164063
5 0.7117187 0.4898438 0.0973958 0.1015625
0 0.2640625 0.4660156 0.0937500 0.1273438
0 0.6348958 0.4671875 0.0864583 0.1265625
1 0.4502604 0.4437500 0.1036458 0.0765625
3 0.6205729 0.5023437 0.0973958 0.1500000
0 0.3690104 0.4773438 0.0755208 0.1281250
5 0.6830729 0.6988281 0.1140625 0.0617188
2 0.5229167 0.5843750 0.0854167 0.1343750
0 0.6325521 0.3414063 0.1265625 0.0843750
2 0.3101563 0.2492187 0.1119792 0.0968750
0 0.7328125 0.7089844 0.0781250 0.1289062
4 0.5723958 0.4519531 0.0802083 0.1570313
5 0.5906250 0.5699219 0.0552083 0.0679687
3 0.5976562 0.4441406 0.1223958 0.0992187
3 0.6075521 0.7160156 0.0526042 0.0757812
1 0.3867188 0.8523437 0.0494792 0.1609375
2 0.4052083 0.9410156 0.0927083 0.0757812
3 0.4947917 0.7363281 0.0479167 0.0757812
5 0.6164063 0.5746094 0.1182292 0.0773438
1 0.4875000 0.7792969 0.0614583 0.0664062
5 0.7580729 0.6316406 0.0953125 0.1039063
2 0.5283854 0.7816406 0.0984375 0.1070312
3 0.3335938 0.3589844 0.0984375 0.0679687
4 0.5411458 0.7996094 0.0989583 0.0648438
4 0.5052083 0.8246094 0.1031250 0.1039063
5 0.3575521 0.8312500 0.0765625 0.0843750
5 0.4664063 0.2500000 0.0755208 0.1375000
3 0.4203125 0.6570312 0.0562500 0.1265625
0 0.6067708 0.2226562 0.0666667 0.1015625
4 0.6505208 0.6519531 0.0500000 0.1335938
2 0.5453125 0.4105469 0.0625000 0.1320312
0 0.3205729 0.1781250 0.0598958 0.1500000
5 0.3406250 0.3406250 0.0531250 0.1062500
11 0.6395833 0.6226563 0.1062500 0.1015625
6 0.6416667 0.7371094 0.0979167 0.1242188
8 0.3440104 0.3464844 0.1119792 0.1117188
8 0.5658854 0.8753906 0.0703125 0.1617187
10 0.7166667 0.4382813 0.0937500 0.1359375
