1 0.5190104 0.2480469 0.0255208 0.0632812
4 0.6424479 0.3222656 0.0484375 0.0304687
0 0.5796875 0.2218750 0.0250000 0.0656250
0 0.5169271 0.2953125 0.0484375 0.0359375
1 0.4981771 0.8824219 0.0369792 0.0507812
3 0.2585938 0.6656250 0.0421875 0.0296875
2 0.3726563 0.2511719 0.0296875 0.0476562
5 0.6218750 0.6507812 0.0302083 0.0359375
4 0.6515625 0.6375000 0.0458333 0.0296875
1 0.3255208 0.4289062 0.0302083 0.0515625
2 0.5166667 0.2511719 0.0364583 0.0304687
5 0.5721354 0.6769531 0.0369792 0.0367188
4 0.3716146 0.3570313 0.0223958 0.0468750
4 0.5177083 0.1726563 0.0197917 0.0312500
2 0.3843750 0.5261719 0.0322917 0.0398437
3 0.5861979 0.4101562 0.0442708 0.0296875
0 0.2971354 0.6585937 0.0328125 0.0578125
1 0.4841146 0.1921875 0.0213542 0.0359375
5 0.2757812 0.7042969 0.0369792 0.0570312
2 0.5252604 0.5964844 0.0276042 0.0664062
1 0.2825521 0.2843750 0.0421875 0.0250000
5 0.4341146 0.6832031 0.0286458 0.0429688
0 0.5039062 0.4285156 0.0348958 0.0335937
11 0.5872396 0.2828125 0.0369792 0.0609375
11 0.6213542 0.6054688 0.0427083 0.0406250
6 0.6898437 0.8523437 0.0453125 0.0531250
7 0.7174479 0.5546875 0.0369792 0.0546875
6 0.4705729 0.5839844 0.0307292 0.0429688
7 0.5747396 0.6050781 0.0390625 0.0554687
9 0.5932292 0.1324219 0.0270833 0.0617188
9 0.6278646 0.3757813 0.0421875 0.0406250
11 0.5721354 0.4691406 0.0255208 0.0382813
9 0.7312500 0.4066406 0.0416667 0.0414062
6 0.5140625 0.2734375 0.0270833 0.0609375
