0 0.4872396 0.0320312 0.0692708 0.0640625
2 0.3867188 0.4878906 0.0473958 0.0695313
1 0.2888021 0.4035156 0.0546875 0.0757812
5 0.4799479 0.2027344 0.0661458 0.1320312
5 0.3625000 0.5023437 0.0416667 0.0765625
1 0.5804687 0.9164062 0.0484375 0.1015625
4 0.6601562 0.1664063 0.0911458 0.0562500
4 0.3734375 0.7093750 0.0854167 0.0578125
1 0.6119792 0.5996094 0.0906250 0.0757812
3 0.4997396 0.3843750 0.0578125 0.0703125
3 0.5395833 0.6441406 0.0531250 0.0851563
0 0.4018229 0.1734375 0.0609375 0.0781250
5 0.3338542 0.4441406 0.0447917 0.1414063
4 0.4804688 0.4875000 0.0723958 0.0937500
9 0.4734375 0.4988281 0.0875000 0.1273438
7 0.6846354 0.6511719 0.0796875 0.0773438
6 0.6427083 0.4960938 0.0781250 0.0906250
7 0.6776042 0.5292969 0.0979167 0.1320312
9 0.7528646 0.6054688 0.0911458 0.0875000
10 0.7268229 0.7953125 0.0588542 0.1390625
8 0.5604167 0.2683594 0.0875000 0.0882813
10 0.7338542 0.3066406 0.0791667 0.0789062
10 0.5914063 0.5457031 0.0682292 0.1148437
9 0.2471354 0.2828125 0.0911458 0.0921875
7 0.2463542 0.3718750 0.0885417 0.1187500
6 0.2580729 0.5859375 0.0880208 0.1000000
6 0.3161458 0.1914062 0.0937500 0.1031250
8 0.6723958 0.4667969 0.0760417 0.1007813
8 0.5119792 0.5765625 0.0552083 0.0906250
8 0.3562500 0.6222656 0.0541667 0.1054688
7 0.4320312 0.4636719 0.0807292 0.0804688
