5 0.5700521 0.3585937 0.0682292 0.0734375
5 0.7218750 0.3257813 0.0604167 0.0500000
1 0.5890625 0.7015625 0.0625000 0.0421875
0 0.6617188 0.3042969 0.0640625 0.0414062
1 0.6226563 0.5027344 0.0598958 0.0492187
5 0.5520833 0.8800781 0.0437500 0.0523438
3 0.5132813 0.1054688 0.0380208 0.1046875
4 0.4526042 0.3191406 0.0520833 0.0523438
1 0.4916667 0.4226563 0.0395833 0.0828125
4 0.6171875 0.4109375 0.0385417 0.0578125
4 0.2953125 0.4230469 0.0656250 0.0664062
1 0.4442708 0.5796875 0.0635417 0.0468750
1 0.6046875 0.3046875 0.0479167 0.0625000
5 0.6221354 0.4160156 0.0723958 0.0523438
3 0.3033854 0.4320312 0.0338542 0.0890625
1 0.4312500 0.6656250 0.0520833 0.0625000
0 0.3828125 0.3539062 0.0312500 0.0453125
4 0.6531250 0.6609375 0.0572917 0.0843750
0 0.6367188 0.6140625 0.0307292 0.0468750
3 0.2973958 0.7234375 0.0552083 0.0718750
0 0.3505208 0.6281250 0.0322917 0.0921875
0 0.5125000 0.2578125 0.0531250 0.0609375
0 0.5177083 0.7078125 0.0687500 0.0500000
0 0.3828125 0.3460937 0.0354167 0.0687500
2 0.3536458 0.3734375 0.0531250 0.0578125
5 0.2468750 0.3707031 0.0625000 0.0523438
5 0.5528646 0.3183594 0.0484375 0.0726563
1 0.4973958 0.7871094 0.0364583 0.0742188
3 0.5963542 0.2886719 0.0343750 0.0476562
3 0.2872396 0.5234375 0.0557292 0.0578125
2 0.3101563 0.3238281 0.0515625 0.0710937
2 0.3244792 0.2527344 0.0406250 0.0945312
1 0.5625000 0.4769531 0.0541667 0.0585938
1 0.5968750 0.2644531 0.0270833 0.0882813
3 0.4083333 0.3746094 0.0354167 0.0851563
2 0.3351562 0.4835937 0.0369792 0.0890625
3 0.4570312 0.4523437 0.0453125 0.0937500
4 0.4307292 0.4492188 0.0437500 0.0734375
1 0.3791667 0.7628906 0.0593750 0.0398437
10 0.6994792 0.6824219 0.0583333 0.0570312
8 0.6382813 0.5449219 0.0640625 0.0617188
11 0.7877604 0.4804688 0.0661458 0.0796875
9 0.6013021 0.9421875 0.0619792 0.0718750
6 0.7361979 0.6394531 0.0598958 0.0585938
6 0.4195313 0.3507812 0.0598958 0.0703125
11 0.4442708 0.5277344 0.0385417 0.0585938
7 0.2843750 0.8218750 0.0375000 0.0890625
6 0.7190104 0.3589844 0.0630208 0.0601563
11 0.2867188 0.6261719 0.0526042 0.0601563
9 0.4773438 0.5230469 0.0609375 0.0914062
6 0.4825521 0.2562500 0.0411458 0.0906250
11 0.4906250 0.2136719 0.0625000 0.0882813
6 0.5421875 0.5281250 0.0593750 0.0875000
10 0.6562500 0.3359375 0.0697917 0.0671875
