0 0.3398438 0.4441406 0.0307292 0.0335937
1 0.5942708 0.2261719 0.0583333 0.0351562
2 0.5007812 0.1117188 0.0578125 0.0406250
4 0.3526042 0.5527344 0.0510417 0.0351562
3 0.4458333 0.5519531 0.0333333 0.0773438
1 0.4669271 0.3355469 0.0328125 0.0335937
1 0.5468750 0.8679687 0.0333333 0.0734375
0 0.6234375 0.5792969 0.0375000 0.0335937
0 0.6406250 0.6664062 0.0395833 0.0531250
3 0.4635417 0.5335937 0.0312500 0.0656250
5 0.6721354 0.4761719 0.0494792 0.0367188
1 0.3955729 0.2242187 0.0223958 0.0312500
5 0.5552083 0.5781250 0.0427083 0.0406250
2 0.6182292 0.5324219 0.0437500 0.0382813
1 0.3302083 0.4652344 0.0385417 0.0507812
5 0.6195312 0.7113281 0.0536458 0.0382813
1 0.4088542 0.2476562 0.0562500 0.0390625
10 0.3872396 0.4175781 0.0515625 0.0492187
11 0.6796875 0.5687500 0.0343750 0.0781250
6 0.5963542 0.8339844 0.0333333 0.0460938
11 0.5429688 0.3851562 0.0494792 0.0484375
8 0.6653646 0.4875000 0.0515625 0.0500000
9 0.4361979 0.6867188 0.0296875 0.0593750
11 0.5851563 0.4679687 0.0359375 0.0812500
8 0.5468750 0.6449219 0.0500000 0.0632812
6 0.7070312 0.8570313 0.0526042 0.0500000
6 0.4958333 0.3972656 0.0395833 0.0601563
10 0.6015625 0.3832031 0.0447917 0.0726563
10 0.5192708 0.4164062 0.0416667 0.0546875
7 0.7471354 0.4167969 0.0536458 0.0523438
10 0.6052083 0.7054687 0.0406250 0.0750000
