1 0.7226562 0.3359375 0.0432292 0.0453125
1 0.5640625 0.4183594 0.0447917 0.0445313
1 0.6296875 0.1582031 0.0520833 0.0351562
4 0.7078125 0.3843750 0.0447917 0.0484375
2 0.4119792 0.6269531 0.0406250 0.0617188
2 0.6554688 0.2835937 0.0244792 0.0328125
0 0.5648437 0.4589844 0.0494792 0.0554687
3 0.3945312 0.3507812 0.0286458 0.0703125
5 0.2794271 0.4316406 0.0442708 0.0539063
2 0.5231771 0.8785156 0.0359375 0.0679687
0 0.3734375 0.3574219 0.0364583 0.0335937
1 0.6645833 0.5644531 0.0520833 0.0382813
4 0.5380208 0.7105469 0.0447917 0.0351562
2 0.7192708 0.4628906 0.0520833 0.0367188
5 0.3934896 0.8386719 0.0234375 0.0773438
3 0.4593750 0.4070313 0.0406250 0.0593750
4 0.5130208 0.8023438 0.0510417 0.0328125
1 0.3164062 0.8414063 0.0286458 0.0468750
4 0.6052083 0.5769531 0.0458333 0.0335937
0 0.4484375 0.6539063 0.0250000 0.0750000
9 0.5096354 0.2261719 0.0317708 0.0679687
11 0.3986979 0.7382812 0.0359375 0.0562500
9 0.4692708 0.5304688 0.0333333 0.0562500
6 0.4226563 0.7066406 0.0484375 0.0757812
7 0.4169271 0.7621094 0.0380208 0.0460938
11 0.6927083 0.5167969 0.0489583 0.0476562
10 0.5372396 0.6023437 0.0484375 0.0687500
9 0.4325521 0.3070312 0.0421875 0.0421875
