4 0.3585937 0.6425781 0.0317708 0.0226562
5 0.4265625 0.4414062 0.0270833 0.0296875
2 0.6304688 0.7644531 0.0317708 0.0210938
1 0.4492188 0.1636719 0.0182292 0.0226562
3 0.5463542 0.7953125 0.0239583 0.0265625
5 0.3908854 0.4414062 0.0161458 0.0421875
2 0.6375000 0.3035156 0.0208333 0.0335937
1 0.4408854 0.6898437 0.0223958 0.0437500
4 0.5898438 0.5937500 0.0255208 0.0265625
5 0.5075521 0.7562500 0.0171875 0.0312500
2 0.6575521 0.5574219 0.0213542 0.0382813
5 0.3692708 0.6316406 0.0312500 0.0320312
1 0.3226562 0.8378906 0.0317708 0.0210938
3 0.7294271 0.1984375 0.0296875 0.0218750
3 0.6911458 0.8382812 0.0229167 0.0328125
5 0.6278646 0.6199219 0.0296875 0.0273438
4 0.4481771 0.4882812 0.0296875 0.0203125
0 0.3437500 0.3605469 0.0218750 0.0351562
1 0.3416667 0.4976563 0.0156250 0.0343750
2 0.7177083 0.6636719 0.0166667 0.0242188
5 0.5364583 0.1414063 0.0177083 0.0390625
2 0.5544271 0.2804687 0.0213542 0.0328125
2 0.6145833 0.6644531 0.0177083 0.0226562
3 0.5078125 0.4824219 0.0145833 0.0320312
3 0.4427083 0.3054688 0.0270833 0.0203125
4 0.4747396 0.5437500 0.0286458 0.0203125
5 0.7132812 0.3390625 0.0328125 0.0234375
5 0.5270833 0.2101562 0.0260417 0.0328125
0 0.4713542 0.5710937 0.0281250 0.0250000
0 0.4513021 0.8792969 0.0296875 0.0242188
0 0.3395833 0.3601563 0.0260417 0.0296875
5 0.7481771 0.3816406 0.0307292 0.0257812
5 0.6239583 0.3441406 0.0208333 0.0398437
0 0.3143229 0.6023437 0.0244792 0.0312500
0 0.6830729 0.7441406 0.0161458 0.0492187
4 0.5252604 0.6734375 0.0328125 0.0234375
5 0.5630208 0.8363281 0.0197917 0.0445313
0 0.5968750 0.5460938 0.0145833 0.0250000
4 0.4765625 0.2156250 0.0270833 0.0265625
3 0.6231771 0.6964844 0.0119792 0.0226562
4 0.5466146 0.6144531 0.0276042 0.0335937
3 0.6500000 0.3195312 0.0187500 0.0390625
8 0.6583333 0.1644531 0.0281250 0.0273438
7 0.4132812 0.7480469 0.0265625 0.0273438
6 0.4283854 0.2042969 0.0276042 0.0273438
7 0.4101562 0.5781250 0.0296875 0.0343750
11 0.4703125 0.4972656 0.0302083 0.0414062
11 0.3703125 0.2480469 0.0270833 0.0414062
7 0.4677083 0.3625000 0.0208333 0.0484375
9 0.5005208 0.3195312 0.0270833 0.0265625
10 0.3552083 0.3234375 0.0291667 0.0281250
11 0.6385417 0.3597656 0.0218750 0.0320312
6 0.3643229 0.4378906 0.0255208 0.0257812
9 0.5369792 0.2996094 0.0208333 0.0414062
8 0.5880208 0.4652344 0.0229167 0.0429688
6 0.5018229 0.6097656 0.0213542 0.0476562
11 0.6234375 0.3386719 0.0302083 0.0304687
