4 0.6908854 0.2875000 0.0484375 0.0906250
1 0.5424479 0.6171875 0.0473958 0.1171875
2 0.6247396 0.3492188 0.0828125 0.0890625
4 0.7528646 0.5859375 0.1015625 0.0765625
1 0.3585937 0.3996094 0.0859375 0.0914062
5 0.6325521 0.5718750 0.0953125 0.0890625
1 0.5973958 0.2894531 0.0427083 0.1257813
5 0.6755208 0.5105469 0.0979167 0.0695313
3 0.5588542 0.2906250 0.0781250 0.1015625
3 0.3617187 0.6863281 0.0765625 0.0914062
0 0.6289062 0.5812500 0.0932292 0.0640625
0 0.5812500 0.7152344 0.0614583 0.0695313
0 0.6135417 0.1804688 0.0645833 0.1406250
4 0.3203125 0.2082031 0.1000000 0.0757812
0 0.2867188 0.7246094 0.0484375 0.1554687
3 0.5963542 0.3750000 0.1135417 0.0781250
0 0.2151042 0.5937500 0.0583333 0.0625000
0 0.5927083 0.4207031 0.0843750 0.0914062
5 0.4367187 0.7558594 0.0630208 0.1039063
1 0.4203125 0.6726562 0.0708333 0.1437500
3 0.3085938 0.6164063 0.0442708 0.1390625
2 0.3486979 0.5214844 0.0692708 0.0992187
2 0.4171875 0.2378906 0.1062500 0.0742188
5 0.5263021 0.8250000 0.0609375 0.0875000
5 0.5544271 0.9156250 0.0994792 0.0843750
5 0.3653646 0.7972656 0.0421875 0.1304687
3 0.6583333 0.5597656 0.0864583 0.0710937
5 0.5598958 0.5468750 0.1020833 0.1078125
4 0.5476562 0.2453125 0.0932292 0.0718750
3 0.5367188 0.2156250 0.0619792 0.1687500
5 0.3585937 0.6613281 0.1015625 0.0726563
5 0.3617187 0.0097656 0.0421875 0.0195312
2 0.4513021 0.9496094 0.0442708 0.0992187
1 0.4302083 0.3710938 0.0468750 0.0656250
2 0.4854167 0.2695312 0.0583333 0.1500000
1 0.5328125 0.7406250 0.0531250 0.1312500
4 0.4536458 0.5652344 0.0510417 0.0976562
1 0.5476562 0.8714844 0.0526042 0.1523438
0 0.5895833 0.8628906 0.0625000 0.1414063
4 0.6802083 0.2191406 0.0489583 0.0679687
4 0.5677083 0.7078125 0.0739583 0.0859375
3 0.7315104 0.2164062 0.1015625 0.0734375
0 0.6330729 0.3203125 0.0369792 0.1312500
2 0.4669271 0.2531250 0.0755208 0.1343750
3 0.4278646 0.3746094 0.0661458 0.1242188
4 0.4567708 0.4089844 0.1062500 0.1070312
5 0.4325521 0.6109375 0.0932292 0.0687500
0 0.6192708 0.4746094 0.0937500 0.0710937
5 0.5434896 0.8000000 0.1015625 0.0875000
0 0.4604167 0.4250000 0.0666667 0.0609375
2 0.4919271 0.6953125 0.0640625 0.1375000
1 0.2960937 0.6292969 0.0953125 0.0835937
2 0.3062500 0.6753906 0.0593750 0.1351563
10 0.3742187 0.2691406 0.0911458 0.1351563
9 0.5052083 0.5175781 0.0854167 0.1007813
11 0.6255208 0.6136719 0.0791667 0.1085938
10 0.5518229 0.2453125 0.0796875 0.1093750
8 0.4645833 0.6988281 0.0760417 0.1242188
11 0.6205729 0.5253906 0.0890625 0.1070312
10 0.3750000 0.0542969 0.0781250 0.1085938
8 0.5971354 0.5679688 0.0859375 0.0859375
9 0.6197917 0.7699219 0.0645833 0.0835937
9 0.6445312 0.3957031 0.0776042 0.0976562
10 0.5671875 0.6039062 0.0875000 0.0843750
11 0.6572917 0.3410156 0.0843750 0.1085938
8 0.6882812 0.4312500 0.0869792 0.1046875
11 0.6317708 0.2468750 0.0895833 0.0906250
11 0.4669271 0.3695312 0.0869792 0.0968750
