4 0.3778646 0.7308594 0.0161458 0.0382813
3 0.6203125 0.3890625 0.0281250 0.0203125
2 0.2885417 0.8382812 0.0166667 0.0296875
1 0.3098958 0.4476562 0.0250000 0.0218750
3 0.3559896 0.4035156 0.0317708 0.0226562
2 0.5578125 0.5761719 0.0166667 0.0289063
0 0.5656250 0.6613281 0.0145833 0.0382813
3 0.5822917 0.6718750 0.0166667 0.0296875
2 0.7078125 0.4796875 0.0177083 0.0234375
5 0.5927083 0.6375000 0.0291667 0.0250000
0 0.5992188 0.6671875 0.0161458 0.0203125
5 0.4763021 0.3875000 0.0203125 0.0390625
2 0.6562500 0.1714844 0.0250000 0.0210938
1 0.6809896 0.2378906 0.0234375 0.0242188
3 0.4541667 0.3332031 0.0187500 0.0195312
5 0.3828125 0.3156250 0.0156250 0.0312500
2 0.4932292 0.4695313 0.0270833 0.0171875
5 0.6125000 0.6402344 0.0270833 0.0179687
3 0.5153646 0.8277344 0.0203125 0.0414062
5 0.7375000 0.7500000 0.0302083 0.0265625
2 0.3005208 0.5074219 0.0291667 0.0195312
2 0.4414062 0.7136719 0.0151042 0.0210938
4 0.5856771 0.3207031 0.0161458 0.0179687
5 0.5268229 0.4832031 0.0182292 0.0289063
5 0.6192708 0.5199219 0.0281250 0.0242188
2 0.6640625 0.6644531 0.0156250 0.0304687
1 0.4395833 0.1687500 0.0250000 0.0296875
0 0.4018229 0.3152344 0.0255208 0.0304687
5 0.2567708 0.3542969 0.0250000 0.0195312
2 0.5393229 0.5949219 0.0317708 0.0226562
2 0.6388021 0.1597656 0.0244792 0.0210938
1 0.3848958 0.7675781 0.0239583 0.0257812
4 0.3997396 0.7175781 0.0255208 0.0210938
2 0.6231771 0.2050781 0.0223958 0.0257812
5 0.4630208 0.5914063 0.0250000 0.0281250
0 0.7794271 0.3097656 0.0223958 0.0242188
1 0.3601563 0.3906250 0.0130208 0.0343750
2 0.5046875 0.3550781 0.0281250 0.0195312
5 0.5773438 0.6218750 0.0265625 0.0296875
3 0.3770833 0.3257813 0.0270833 0.0234375
5 0.5838542 0.1847656 0.0135417 0.0367188
0 0.6638021 0.4480469 0.0276042 0.0195312
0 0.5440104 0.5425781 0.0296875 0.0257812
3 0.3252604 0.5265625 0.0171875 0.0234375
4 0.3604167 0.2953125 0.0125000 0.0343750
5 0.5802083 0.6144531 0.0197917 0.0335937
0 0.5955729 0.8078125 0.0286458 0.0218750
1 0.7533854 0.3351562 0.0286458 0.0203125
4 0.6630208 0.2824219 0.0281250 0.0257812
2 0.3927083 0.5187500 0.0114583 0.0281250
1 0.5375000 0.2898438 0.0156250 0.0390625
4 0.4226563 0.7156250 0.0265625 0.0234375
4 0.6002604 0.4503906 0.0213542 0.0289063
0 0.6354167 0.5863281 0.0281250 0.0179687
1 0.6859375 0.5167969 0.0135417 0.0335937
4 0.4682292 0.4496094 0.0156250 0.0195312
5 0.5406250 0.3207031 0.0270833 0.0257812
5 0.3541667 0.0746094 0.0239583 0.0210938
0 0.4888021 0.1636719 0.0171875 0.0476562
4 0.3466146 0.2519531 0.0213542 0.0195312
1 0.5523438 0.5003906 0.0223958 0.0257812
1 0.3161458 0.2132813 0.0302083 0.0203125
5 0.7138021 0.5082031 0.0151042 0.0273438
3 0.2260417 0.5832031 0.0229167 0.0289063
1 0.7695312 0.7273437 0.0286458 0.0250000
1 0.7216146 0.6585937 0.0223958 0.0203125
2 0.3283854 0.7472656 0.0151042 0.0289063
2 0.7604167 0.3707031 0.0177083 0.0382813
2 0.6476563 0.3691406 0.0182292 0.0382813
2 0.3914063 0.3921875 0.0182292 0.0281250
3 0.4765625 0.4734375 0.0281250 0.0250000
5 0.7231771 0.7917969 0.0265625 0.0210938
5 0.3942708 0.2339844 0.0250000 0.0320312
3 0.4869792 0.5417969 0.0166667 0.0210938
3 0.4419271 0.5433594 0.0171875 0.0289063
2 0.3851562 0.5296875 0.0140625 0.0359375
4 0.4338542 0.8285156 0.0177083 0.0382813
1 0.3684896 0.4589844 0.0255208 0.0273438
3 0.3937500 0.7824219 0.0270833 0.0210938
0 0.4510417 0.6085938 0.0135417 0.0343750
9 0.4380208 0.2074219 0.0229167 0.0398437
6 0.5401042 0.1367188 0.0177083 0.0375000
10 0.5729167 0.4066406 0.0239583 0.0226562
9 0.2755208 0.7925781 0.0281250 0.0273438
7 0.3380208 0.3078125 0.0177083 0.0390625
11 0.7549479 0.7128906 0.0276042 0.0273438
7 0.3960938 0.3820312 0.0244792 0.0265625
9 0.5820312 0.5074219 0.0265625 0.0273438
9 0.5622396 0.6492187 0.0171875 0.0359375
10 0.6127604 0.7187500 0.0276042 0.0265625
