1 0.3552083 0.3945312 0.1739583 0.1562500
2 0.6119792 0.5054688 0.1104167 0.1296875
5 0.3825521 0.2003906 0.1713542 0.1117188
1 0.6375000 0.8019531 0.1041667 0.1960938
5 0.4143229 0.4617188 0.1578125 0.1078125
5 0.3000000 0.3218750 0.1041667 0.1828125
2 0.6434896 0.4914062 0.1244792 0.1328125
4 0.5744792 0.2640625 0.1343750 0.1328125
0 0.3645833 0.4925781 0.0708333 0.2273438
4 0.7945313 0.2875000 0.1713542 0.0968750
4 0.5096354 0.1437500 0.1171875 0.1687500
1 0.3804688 0.1816406 0.0744792 0.1882813
4 0.8091146 0.2550781 0.1151042 0.2007812
2 0.6859375 0.3324219 0.0739583 0.2085937
0 0.4541667 0.6593750 0.0697917 0.2281250
1 0.4908854 0.0511719 0.1265625 0.1023437
5 0.2674479 0.6996094 0.1088542 0.2179687
4 0.6169271 0.3828125 0.1401042 0.1312500
5 0.4690104 0.0589844 0.0859375 0.1179687
5 0.4617188 0.8132812 0.1255208 0.1625000
3 0.4984375 0.6773438 0.1177083 0.1671875
3 0.3236979 0.8031250 0.0723958 0.1046875
5 0.5210938 0.2750000 0.1473958 0.1031250
0 0.5906250 0.7789063 0.1770833 0.1140625
4 0.6442708 0.3449219 0.0927083 0.1539062
3 0.5260417 0.5515625 0.1406250 0.1640625
5 0.7388021 0.2640625 0.1786458 0.1125000
0 0.5843750 0.6152344 0.1437500 0.1664063
0 0.3953125 0.5929688 0.1697917 0.1406250
3 0.4770833 0.1613281 0.0708333 0.2242187
4 0.5747396 0.2160156 0.1109375 0.1210938
0 0.5088542 0.8648438 0.1635417 0.1296875
5 0.5403646 0.0734375 0.1109375 0.1468750
5 0.4359375 0.2535156 0.1343750 0.1257813
5 0.5723958 0.4625000 0.1000000 0.1171875
4 0.6682292 0.8597656 0.1468750 0.1054688
0 0.6895833 0.8093750 0.1572917 0.1109375
4 0.4989583 0.2113281 0.1010417 0.1726563
5 0.7054687 0.2789063 0.1661458 0.1218750
5 0.3304687 0.3675781 0.1036458 0.1507813
6 0.5429688 0.8035156 0.1078125 0.1960938
8 0.2307292 0.2816406 0.1489583 0.1742188
7 0.6377604 0.0324219 0.0994792 0.0648438
8 0.4648438 0.1441406 0.1421875 0.2132813
7 0.4473958 0.2296875 0.1406250 0.2390625
6 0.3565104 0.3644531 0.1421875 0.2164062
6 0.2151042 0.5527344 0.0927083 0.1617187
6 0.4695313 0.4960938 0.1057292 0.2421875
7 0.2971354 0.5988281 0.1515625 0.1710937
11 0.5080729 0.3324219 0.1328125 0.1320312
8 0.4846354 0.6656250 0.1161458 0.2250000
10 0.2601562 0.6148438 0.1411458 0.1640625
8 0.7804688 0.4042969 0.1473958 0.1460937
6 0.4976563 0.2304688 0.1140625 0.2234375
10 0.5041667 0.6425781 0.1052083 0.1320312
6 0.3627604 0.6507812 0.0953125 0.2234375
7 0.5992188 0.7359375 0.1317708 0.1328125
6 0.7492188 0.3062500 0.1109375 0.1812500
8 0.1890625 0.4363281 0.1552083 0.1539062
