0 0.4453125 0.4386719 0.0197917 0.0507812
4 0.4708333 0.8257813 0.0395833 0.0421875
3 0.4562500 0.6523438 0.0187500 0.0265625
1 0.4575521 0.3875000 0.0286458 0.0578125
4 0.4523437 0.5687500 0.0411458 0.0312500
2 0.5125000 0.5589844 0.0406250 0.0367188
2 0.4830729 0.2957031 0.0171875 0.0335937
0 0.3072917 0.2953125 0.0385417 0.0218750
1 0.2804687 0.4148438 0.0182292 0.0546875
4 0.6278646 0.6187500 0.0348958 0.0468750
2 0.5671875 0.4113281 0.0447917 0.0335937
2 0.7203125 0.4617188 0.0416667 0.0265625
0 0.7299479 0.4343750 0.0286458 0.0562500
2 0.4072917 0.6273437 0.0395833 0.0296875
3 0.7028646 0.6628906 0.0380208 0.0304687
3 0.5585938 0.7761719 0.0390625 0.0273438
2 0.4770833 0.4906250 0.0385417 0.0406250
4 0.5015625 0.5343750 0.0177083 0.0609375
5 0.4536458 0.5117188 0.0291667 0.0421875
3 0.5247396 0.7554688 0.0244792 0.0625000
4 0.4057292 0.7289062 0.0291667 0.0265625
2 0.3627604 0.8679687 0.0421875 0.0296875
0 0.6143229 0.6500000 0.0255208 0.0546875
1 0.6236979 0.6058594 0.0286458 0.0507812
0 0.3731771 0.4031250 0.0223958 0.0312500
4 0.5106771 0.2738281 0.0390625 0.0257812
0 0.3848958 0.2425781 0.0447917 0.0304687
1 0.4786458 0.5570312 0.0375000 0.0265625
0 0.5575521 0.3316406 0.0390625 0.0335937
3 0.3755208 0.6445312 0.0406250 0.0265625
0 0.6419271 0.1945312 0.0401042 0.0296875
2 0.4669271 0.5671875 0.0338542 0.0390625
1 0.4994792 0.3035156 0.0270833 0.0414062
4 0.2997396 0.6816406 0.0203125 0.0585938
2 0.6513021 0.2746094 0.0244792 0.0414062
0 0.3536458 0.7125000 0.0197917 0.0437500
0 0.4518229 0.7304688 0.0390625 0.0406250
4 0.5440104 0.5250000 0.0390625 0.0375000
2 0.5289063 0.3019531 0.0328125 0.0351562
0 0.6375000 0.7199219 0.0395833 0.0414062
4 0.8239583 0.5976562 0.0354167 0.0421875
5 0.6723958 0.4832031 0.0416667 0.0351562
5 0.4179688 0.5570312 0.0317708 0.0531250
4 0.5476562 0.3910156 0.0276042 0.0367188
2 0.7182292 0.4707031 0.0343750 0.0320312
5 0.5908854 0.3910156 0.0390625 0.0289063
2 0.5244792 0.3812500 0.0354167 0.0328125
3 0.4565104 0.6027344 0.0265625 0.0320312
5 0.7432292 0.7468750 0.0406250 0.0281250
5 0.6104167 0.5250000 0.0385417 0.0328125
2 0.4520833 0.8250000 0.0406250 0.0296875
5 0.5606771 0.4449219 0.0411458 0.0367188
3 0.4296875 0.7187500 0.0385417 0.0281250
1 0.6789063 0.3449219 0.0411458 0.0257812
3 0.7091146 0.5554687 0.0380208 0.0328125
2 0.3585937 0.4238281 0.0286458 0.0257812
2 0.4846354 0.3523438 0.0359375 0.0328125
1 0.5070313 0.4707031 0.0192708 0.0585938
5 0.5151042 0.5140625 0.0218750 0.0406250
1 0.5046875 0.5398437 0.0270833 0.0515625
4 0.7083333 0.5488281 0.0239583 0.0273438
0 0.6812500 0.6765625 0.0197917 0.0593750
5 0.3432292 0.6449219 0.0197917 0.0273438
3 0.7674479 0.2792969 0.0223958 0.0632812
5 0.3895833 0.2121094 0.0177083 0.0273438
4 0.4007812 0.3648438 0.0223958 0.0437500
5 0.3291667 0.3750000 0.0427083 0.0281250
1 0.7354167 0.3710938 0.0437500 0.0265625
4 0.6830729 0.5800781 0.0390625 0.0273438
1 0.5585938 0.6121094 0.0390625 0.0429688
0 0.4664063 0.6128906 0.0328125 0.0414062
8 0.7158854 0.7093750 0.0276042 0.0484375
9 0.7958333 0.5855469 0.0364583 0.0382813
11 0.5041667 0.7152344 0.0291667 0.0554687
11 0.3309896 0.4199219 0.0276042 0.0585938
9 0.5986979 0.3800781 0.0234375 0.0351562
6 0.4817708 0.8292969 0.0333333 0.0351562
10 0.5973958 0.3726563 0.0322917 0.0484375
8 0.6434896 0.7539062 0.0307292 0.0484375
