0 0.6773438 0.4917969 0.0546875 0.0726563
0 0.3393229 0.1695312 0.0401042 0.0625000
5 0.6593750 0.7179688 0.0489583 0.0609375
2 0.2533854 0.5835938 0.0578125 0.0531250
2 0.2841146 0.3960938 0.0390625 0.0531250
5 0.3911458 0.2503906 0.0656250 0.0632812
3 0.5205729 0.3972656 0.0515625 0.0492187
0 0.4653646 0.7933594 0.0411458 0.1023437
2 0.5742188 0.1687500 0.0598958 0.0515625
4 0.4898438 0.6933594 0.0484375 0.0789062
3 0.5671875 0.5359375 0.0583333 0.0515625
4 0.5606771 0.5898438 0.0432292 0.0656250
6 0.3552083 0.3332031 0.0635417 0.0898438
9 0.6315104 0.4246094 0.0630208 0.0617188
6 0.4205729 0.6644531 0.0703125 0.0695313
6 0.2447917 0.5785156 0.0656250 0.0648438
10 0.4682292 0.1042969 0.0489583 0.0726563
8 0.4992187 0.7019531 0.0578125 0.0585938
9 0.7018229 0.6242188 0.0442708 0.0656250
10 0.5627604 0.6390625 0.0494792 0.0921875
8 0.4611979 0.1578125 0.0619792 0.0640625
8 0.6361979 0.7187500 0.0671875 0.0843750
7 0.3174479 0.3074219 0.0567708 0.0757812
8 0.4721354 0.7085938 0.0526042 0.0890625
8 0.3265625 0.4230469 0.0656250 0.0632812
7 0.3981771 0.4144531 0.0421875 0.0726563
8 0.6291667 0.3175781 0.0604167 0.0664062
