1 0.5549479 0.4363281 0.0401042 0.0382813
1 0.5554687 0.2746094 0.0369792 0.0304687
5 0.6270833 0.5562500 0.0302083 0.0468750
5 0.6567708 0.7195312 0.0281250 0.0500000
3 0.4515625 0.2707031 0.0354167 0.0273438
0 0.4674479 0.6753906 0.0296875 0.0554687
0 0.5351562 0.8902344 0.0234375 0.0367188
5 0.4346354 0.6781250 0.0442708 0.0390625
3 0.5421875 0.2082031 0.0364583 0.0414062
5 0.3468750 0.6644531 0.0197917 0.0554687
1 0.6552083 0.2390625 0.0302083 0.0296875
3 0.6041667 0.3453125 0.0416667 0.0296875
5 0.6296875 0.5062500 0.0395833 0.0343750
5 0.4947917 0.5164062 0.0406250 0.0343750
1 0.2828125 0.4617188 0.0395833 0.0312500
2 0.5710937 0.5386719 0.0234375 0.0539063
0 0.7403646 0.2589844 0.0213542 0.0617188
5 0.6596354 0.6777344 0.0401042 0.0273438
1 0.5997396 0.6640625 0.0359375 0.0421875
2 0.5234375 0.2496094 0.0208333 0.0304687
3 0.3369792 0.4382813 0.0177083 0.0281250
3 0.4966146 0.5890625 0.0255208 0.0328125
0 0.3682292 0.3808594 0.0375000 0.0304687
4 0.5419271 0.2847656 0.0432292 0.0289063
0 0.6877604 0.6492187 0.0401042 0.0375000
5 0.7638021 0.7214844 0.0328125 0.0414062
2 0.5619792 0.7996094 0.0354167 0.0414062
1 0.7333333 0.5292969 0.0406250 0.0289063
2 0.6242188 0.6957031 0.0213542 0.0679687
2 0.3596354 0.7855469 0.0380208 0.0351562
2 0.2927083 0.6339844 0.0343750 0.0382813
0 0.4747396 0.2605469 0.0432292 0.0273438
0 0.4710937 0.4007812 0.0411458 0.0312500
0 0.6309896 0.6824219 0.0348958 0.0289063
4 0.5838542 0.8179688 0.0302083 0.0375000
4 0.6640625 0.1812500 0.0406250 0.0250000
2 0.5559896 0.4828125 0.0244792 0.0578125
3 0.7000000 0.7285156 0.0416667 0.0257812
5 0.5348958 0.3140625 0.0395833 0.0312500
1 0.4997396 0.8191406 0.0401042 0.0320312
2 0.6354167 0.4726562 0.0260417 0.0468750
4 0.4687500 0.8507813 0.0302083 0.0328125
0 0.4388021 0.5410156 0.0255208 0.0351562
9 0.4302083 0.1632812 0.0416667 0.0421875
6 0.3697917 0.5777344 0.0343750 0.0382813
10 0.6205729 0.7433594 0.0411458 0.0382813
8 0.3880208 0.2843750 0.0416667 0.0406250
7 0.4533854 0.6527344 0.0296875 0.0617188
10 0.3356771 0.6781250 0.0265625 0.0593750
8 0.5638021 0.4843750 0.0286458 0.0625000
10 0.3559896 0.4804688 0.0286458 0.0625000
6 0.3500000 0.6078125 0.0375000 0.0390625
10 0.5250000 0.4792969 0.0229167 0.0351562
9 0.5781250 0.2199219 0.0395833 0.0382813
10 0.5041667 0.2589844 0.0260417 0.0632812
10 0.2921875 0.4859375 0.0395833 0.0562500
11 0.6554688 0.4800781 0.0380208 0.0414062
11 0.6429687 0.5285156 0.0359375 0.0382813
6 0.4596354 0.4179688 0.0401042 0.0484375
6 0.4528646 0.2667969 0.0244792 0.0554687
6 0.3906250 0.1855469 0.0354167 0.0351562
