4 0.4304688 0.6539063 0.0151042 0.0359375
2 0.3486979 0.5046875 0.0140625 0.0375000
5 0.5947917 0.6527344 0.0270833 0.0210938
3 0.5151042 0.5144531 0.0156250 0.0195312
1 0.7294271 0.4714844 0.0151042 0.0132812
0 0.6854167 0.6062500 0.0208333 0.0296875
2 0.5942708 0.2148438 0.0135417 0.0359375
0 0.3268229 0.5050781 0.0098958 0.0351562
4 0.4497396 0.3550781 0.0161458 0.0257812
1 0.4677083 0.3656250 0.0145833 0.0218750
2 0.5716146 0.3578125 0.0255208 0.0156250
1 0.4039063 0.8175781 0.0140625 0.0382813
0 0.7401042 0.5125000 0.0281250 0.0187500
0 0.2645833 0.6539063 0.0260417 0.0250000
0 0.4963542 0.5734375 0.0125000 0.0359375
1 0.4375000 0.2738281 0.0250000 0.0179687
2 0.2596354 0.4359375 0.0223958 0.0281250
0 0.6408854 0.6152344 0.0203125 0.0320312
2 0.5320312 0.3906250 0.0265625 0.0203125
3 0.5218750 0.3796875 0.0166667 0.0265625
3 0.6419271 0.1042969 0.0171875 0.0195312
2 0.4697917 0.6246094 0.0260417 0.0210938
3 0.4976563 0.5414062 0.0203125 0.0328125
4 0.3244792 0.5996094 0.0187500 0.0164063
5 0.7914062 0.4945312 0.0234375 0.0296875
4 0.6744792 0.3750000 0.0156250 0.0218750
3 0.5812500 0.4917969 0.0145833 0.0304687
3 0.4533854 0.7230469 0.0151042 0.0335937
3 0.3255208 0.5292969 0.0218750 0.0195312
2 0.3231771 0.2355469 0.0119792 0.0320312
3 0.3101563 0.6011719 0.0234375 0.0210938
0 0.3364583 0.7332031 0.0145833 0.0367188
2 0.4614583 0.3203125 0.0156250 0.0218750
3 0.6789063 0.5886719 0.0182292 0.0273438
1 0.6125000 0.9171875 0.0177083 0.0156250
3 0.6166667 0.3859375 0.0239583 0.0187500
4 0.6325521 0.2898438 0.0265625 0.0187500
5 0.4776042 0.1347656 0.0177083 0.0257812
3 0.4755208 0.6898437 0.0145833 0.0406250
0 0.3682292 0.4937500 0.0270833 0.0203125
1 0.6135417 0.4859375 0.0145833 0.0343750
1 0.3635417 0.3414063 0.0145833 0.0296875
0 0.5515625 0.4257812 0.0229167 0.0234375
0 0.6820312 0.3109375 0.0255208 0.0203125
3 0.6937500 0.1417969 0.0125000 0.0273438
2 0.6916667 0.3898437 0.0218750 0.0218750
4 0.4020833 0.7378906 0.0239583 0.0195312
0 0.6044271 0.6988281 0.0223958 0.0242188
3 0.7026042 0.6375000 0.0177083 0.0203125
1 0.2924479 0.4136719 0.0213542 0.0210938
0 0.5455729 0.2148438 0.0265625 0.0218750
6 0.7718750 0.5984375 0.0166667 0.0375000
8 0.6226563 0.6984375 0.0255208 0.0281250
6 0.7151042 0.7488281 0.0239583 0.0226562
8 0.6039062 0.5390625 0.0171875 0.0281250
9 0.4679687 0.4968750 0.0255208 0.0281250
11 0.6333333 0.6371094 0.0187500 0.0367188
11 0.5593750 0.6675781 0.0229167 0.0226562
8 0.4424479 0.1046875 0.0255208 0.0328125
6 0.4710937 0.4011719 0.0234375 0.0257812
