3 0.7148438 0.2566406 0.0453125 0.0929688
3 0.5195312 0.7863281 0.0432292 0.0914062
1 0.5937500 0.8156250 0.0593750 0.0750000
5 0.6796875 0.1496094 0.0635417 0.0445313
2 0.5351562 0.3054688 0.0328125 0.0843750
5 0.2710938 0.4246094 0.0317708 0.0617188
2 0.3851562 0.2160156 0.0453125 0.0523438
5 0.6210938 0.2960937 0.0630208 0.0468750
1 0.6674479 0.7156250 0.0526042 0.0843750
4 0.6705729 0.6195312 0.0609375 0.0500000
2 0.5343750 0.2324219 0.0614583 0.0476562
4 0.5054688 0.5910156 0.0463542 0.0476562
2 0.5369792 0.1089844 0.0437500 0.0414062
2 0.7260417 0.3320312 0.0677083 0.0578125
5 0.5330729 0.1675781 0.0338542 0.0632812
5 0.7403646 0.4464844 0.0734375 0.0632812
3 0.4190104 0.5359375 0.0651042 0.0468750
5 0.2643229 0.4855469 0.0692708 0.0617188
1 0.4752604 0.6027344 0.0411458 0.0726563
0 0.6429687 0.8464844 0.0317708 0.0976562
3 0.5864583 0.1792969 0.0343750 0.0476562
3 0.4466146 0.4777344 0.0286458 0.0554687
1 0.2812500 0.4496094 0.0677083 0.0507812
5 0.5427083 0.5675781 0.0427083 0.0601563
2 0.7377604 0.6613281 0.0661458 0.0585938
0 0.6338542 0.6269531 0.0593750 0.0492187
3 0.5703125 0.6937500 0.0479167 0.0531250
1 0.6463542 0.1277344 0.0583333 0.0695313
1 0.5815104 0.3339844 0.0651042 0.0570312
4 0.3437500 0.7367187 0.0385417 0.0453125
0 0.2908854 0.6714844 0.0515625 0.0804688
1 0.5203125 0.2257812 0.0343750 0.0921875
4 0.5005208 0.8507813 0.0479167 0.0671875
3 0.5989583 0.3484375 0.0468750 0.0515625
0 0.6742187 0.2914062 0.0401042 0.0781250
0 0.3674479 0.3402344 0.0286458 0.1054688
0 0.7380208 0.5468750 0.0510417 0.0875000
0 0.4981771 0.3875000 0.0390625 0.0375000
2 0.5596354 0.7417969 0.0713542 0.0523438
1 0.6143229 0.6273437 0.0296875 0.0984375
1 0.2059896 0.4039063 0.0494792 0.0500000
5 0.6880208 0.6191406 0.0604167 0.0492187
3 0.3294271 0.5523438 0.0640625 0.0453125
5 0.3674479 0.2980469 0.0713542 0.0632812
0 0.3794271 0.6902344 0.0484375 0.0523438
0 0.4768229 0.3308594 0.0640625 0.0445313
2 0.3312500 0.8921875 0.0666667 0.0515625
1 0.4799479 0.4363281 0.0734375 0.0539063
3 0.7187500 0.4082031 0.0343750 0.0757812
11 0.5145833 0.1742188 0.0552083 0.0875000
8 0.7062500 0.7863281 0.0666667 0.0664062
9 0.7450521 0.3878906 0.0588542 0.0726563
11 0.4986979 0.4285156 0.0578125 0.0789062
9 0.8075521 0.4339844 0.0703125 0.0960938
8 0.7177083 0.3929687 0.0562500 0.0843750
8 0.6096354 0.7687500 0.0421875 0.0890625
10 0.6218750 0.3714844 0.0697917 0.0679687
6 0.4966146 0.5496094 0.0401042 0.0835937
9 0.4135417 0.5886719 0.0385417 0.0617188
6 0.5630208 0.2085937 0.0572917 0.0906250
11 0.4919271 0.7089844 0.0671875 0.0648438
11 0.3005208 0.4886719 0.0593750 0.0585938
11 0.3156250 0.7355469 0.0500000 0.0914062
