4 0.4520833 0.2281250 0.0135417 0.0343750
3 0.6541667 0.2328125 0.0250000 0.0250000
0 0.2658854 0.1746094 0.0265625 0.0195312
2 0.4171875 0.7531250 0.0260417 0.0171875
1 0.4481771 0.3656250 0.0182292 0.0406250
1 0.3932292 0.7082031 0.0218750 0.0164063
1 0.5809896 0.2644531 0.0244792 0.0179687
2 0.6242188 0.6011719 0.0109375 0.0210938
0 0.3320312 0.4257812 0.0213542 0.0187500
3 0.5984375 0.2015625 0.0156250 0.0375000
5 0.4460938 0.1105469 0.0234375 0.0242188
4 0.3260417 0.3695312 0.0114583 0.0296875
5 0.4119792 0.8242188 0.0156250 0.0250000
5 0.3895833 0.1566406 0.0156250 0.0351562
4 0.6309896 0.2464844 0.0119792 0.0382813
4 0.3268229 0.6574219 0.0151042 0.0367188
4 0.4640625 0.1628906 0.0135417 0.0367188
0 0.6140625 0.5554687 0.0239583 0.0171875
2 0.5330729 0.2417969 0.0119792 0.0335937
0 0.6057292 0.5597656 0.0135417 0.0335937
2 0.5067708 0.1937500 0.0114583 0.0359375
2 0.3614583 0.7960938 0.0166667 0.0359375
0 0.4255208 0.5691406 0.0156250 0.0289063
3 0.5807292 0.6906250 0.0135417 0.0406250
6 0.4375000 0.3250000 0.0166667 0.0359375
10 0.6265625 0.2527344 0.0239583 0.0226562
6 0.4981771 0.3972656 0.0192708 0.0320312
7 0.3570313 0.3144531 0.0203125 0.0242188
9 0.5554687 0.4660156 0.0161458 0.0335937
9 0.4765625 0.3074219 0.0229167 0.0320312
11 0.6864583 0.3933594 0.0239583 0.0242188
8 0.7234375 0.6226563 0.0229167 0.0281250
7 0.6395833 0.5003906 0.0218750 0.0257812
11 0.2804687 0.8070312 0.0255208 0.0250000
9 0.6289062 0.2812500 0.0223958 0.0250000
