3 0.6729167 0.8453125 0.0156250 0.0281250
5 0.5976562 0.3035156 0.0244792 0.0210938
0 0.5614583 0.8347656 0.0218750 0.0164063
0 0.6263021 0.7593750 0.0130208 0.0234375
0 0.6075521 0.7910156 0.0213542 0.0179687
2 0.6763021 0.7171875 0.0119792 0.0375000
0 0.6601562 0.3878906 0.0130208 0.0351562
3 0.4398437 0.8402344 0.0161458 0.0351562
0 0.3984375 0.5136719 0.0218750 0.0210938
0 0.5658854 0.7761719 0.0192708 0.0164063
4 0.5682292 0.2484375 0.0166667 0.0234375
3 0.5880208 0.2089844 0.0145833 0.0304687
5 0.2260417 0.7605469 0.0218750 0.0195312
0 0.3385417 0.1726563 0.0250000 0.0187500
0 0.4533854 0.6687500 0.0182292 0.0187500
2 0.5117188 0.6714844 0.0182292 0.0320312
3 0.6098958 0.1621094 0.0218750 0.0242188
0 0.5690104 0.8234375 0.0255208 0.0171875
4 0.2606771 0.4027344 0.0255208 0.0195312
5 0.3059896 0.3957031 0.0223958 0.0273438
4 0.6794271 0.6746094 0.0223958 0.0242188
1 0.5786458 0.5531250 0.0218750 0.0156250
2 0.6265625 0.7476563 0.0125000 0.0343750
1 0.7549479 0.3976562 0.0192708 0.0218750
0 0.6299479 0.7968750 0.0213542 0.0187500
0 0.5859375 0.5855469 0.0197917 0.0195312
2 0.5864583 0.3031250 0.0218750 0.0171875
5 0.6437500 0.5285156 0.0218750 0.0179687
4 0.4276042 0.2921875 0.0166667 0.0390625
1 0.6153646 0.6656250 0.0203125 0.0218750
2 0.7747396 0.4039063 0.0213542 0.0234375
2 0.4513021 0.5730469 0.0140625 0.0367188
1 0.7843750 0.6195312 0.0177083 0.0218750
1 0.7096354 0.5988281 0.0109375 0.0351562
2 0.6528646 0.6484375 0.0161458 0.0296875
4 0.6320313 0.8652344 0.0182292 0.0226562
5 0.4583333 0.6750000 0.0145833 0.0265625
2 0.3106771 0.3679688 0.0244792 0.0250000
0 0.3903646 0.4300781 0.0119792 0.0335937
3 0.5531250 0.5425781 0.0125000 0.0226562
0 0.5736979 0.3078125 0.0213542 0.0171875
2 0.3335938 0.2695312 0.0140625 0.0203125
5 0.5242187 0.6269531 0.0151042 0.0304687
3 0.6937500 0.5515625 0.0229167 0.0156250
3 0.4088542 0.1449219 0.0135417 0.0179687
0 0.6192708 0.2167969 0.0229167 0.0179687
5 0.6820312 0.6414062 0.0234375 0.0218750
2 0.5643229 0.4625000 0.0119792 0.0218750
2 0.5125000 0.9382812 0.0135417 0.0265625
1 0.5825521 0.0804688 0.0234375 0.0187500
1 0.4247396 0.0769531 0.0255208 0.0195312
2 0.4992187 0.4351563 0.0161458 0.0203125
0 0.5187500 0.3933594 0.0114583 0.0242188
2 0.5973958 0.3707031 0.0145833 0.0179687
0 0.5098958 0.4273438 0.0145833 0.0265625
0 0.5627604 0.4027344 0.0192708 0.0148437
2 0.6343750 0.4812500 0.0156250 0.0171875
3 0.6716146 0.6652344 0.0151042 0.0226562
2 0.5192708 0.6433594 0.0177083 0.0273438
0 0.5049479 0.7378906 0.0203125 0.0195312
1 0.4739583 0.4753906 0.0197917 0.0195312
3 0.5424479 0.4285156 0.0203125 0.0195312
3 0.4351563 0.6222656 0.0130208 0.0242188
2 0.5046875 0.7964844 0.0218750 0.0179687
0 0.3804688 0.7621094 0.0171875 0.0179687
6 0.5796875 0.2035156 0.0229167 0.0304687
10 0.4044271 0.6539063 0.0203125 0.0234375
9 0.6539063 0.4917969 0.0203125 0.0242188
8 0.5919271 0.1550781 0.0213542 0.0226562
7 0.4541667 0.1953125 0.0187500 0.0265625
9 0.6546875 0.5566406 0.0218750 0.0210938
10 0.4052083 0.5652344 0.0177083 0.0320312
9 0.5736979 0.3976562 0.0192708 0.0312500
9 0.3807292 0.3042969 0.0208333 0.0210938
8 0.2760417 0.1867187 0.0239583 0.0234375
11 0.7671875 0.6875000 0.0156250 0.0359375
11 0.7294271 0.4511719 0.0140625 0.0210938
6 0.3687500 0.5714844 0.0239583 0.0304687
9 0.5104167 0.4156250 0.0156250 0.0234375
8 0.3346354 0.4785156 0.0213542 0.0242188
9 0.4919271 0.1628906 0.0213542 0.0320312
