4 0.5325521 0.7257813 0.0442708 0.0312500
4 0.6234375 0.3816406 0.0468750 0.0367188
0 0.5335937 0.6433594 0.0432292 0.0242188
4 0.6020833 0.4773438 0.0312500 0.0500000
3 0.3132813 0.3726563 0.0442708 0.0328125
4 0.4536458 0.2714844 0.0281250 0.0476562
5 0.4200521 0.2535156 0.0401042 0.0414062
2 0.5953125 0.1925781 0.0281250 0.0632812
3 0.5963542 0.7906250 0.0416667 0.0312500
2 0.5744792 0.3699219 0.0333333 0.0523438
3 0.5414062 0.4785156 0.0276042 0.0585938
2 0.5583333 0.3085938 0.0218750 0.0671875
4 0.6924479 0.3648438 0.0463542 0.0375000
2 0.3885417 0.1898438 0.0239583 0.0687500
5 0.7473958 0.5648437 0.0239583 0.0687500
4 0.3013021 0.3289063 0.0421875 0.0312500
1 0.3851562 0.1992188 0.0286458 0.0328125
2 0.5221354 0.6500000 0.0421875 0.0421875
0 0.6205729 0.8000000 0.0192708 0.0359375
2 0.6109375 0.7058594 0.0364583 0.0289063
4 0.5796875 0.4500000 0.0458333 0.0359375
5 0.4484375 0.5136719 0.0270833 0.0507812
0 0.5468750 0.6734375 0.0333333 0.0343750
3 0.6080729 0.6750000 0.0442708 0.0343750
3 0.3416667 0.3171875 0.0354167 0.0437500
5 0.4794271 0.5343750 0.0421875 0.0265625
5 0.5296875 0.6570312 0.0447917 0.0421875
2 0.5463542 0.3402344 0.0239583 0.0289063
2 0.6468750 0.3253906 0.0385417 0.0367188
0 0.6554688 0.3574219 0.0473958 0.0351562
5 0.4783854 0.6019531 0.0369792 0.0289063
3 0.6075521 0.9285156 0.0307292 0.0632812
5 0.5695313 0.3902344 0.0255208 0.0617188
3 0.6138021 0.1777344 0.0307292 0.0632812
2 0.4135417 0.5636719 0.0291667 0.0695313
1 0.4218750 0.6339844 0.0166667 0.0570312
2 0.6156250 0.5453125 0.0250000 0.0578125
2 0.6455729 0.6269531 0.0359375 0.0304687
8 0.5486979 0.1453125 0.0411458 0.0484375
6 0.4721354 0.6996094 0.0286458 0.0664062
8 0.5018229 0.3832031 0.0380208 0.0476562
8 0.7296875 0.3636719 0.0395833 0.0554687
9 0.3320312 0.4734375 0.0307292 0.0687500
9 0.6992188 0.4921875 0.0307292 0.0609375
10 0.5466146 0.9621094 0.0286458 0.0492187
8 0.6960937 0.8402344 0.0421875 0.0429688
10 0.6875000 0.7925781 0.0416667 0.0492187
11 0.5044271 0.6261719 0.0276042 0.0585938
9 0.4083333 0.7789063 0.0312500 0.0406250
11 0.7130208 0.1902344 0.0406250 0.0476562
6 0.4486979 0.8503906 0.0369792 0.0492187
9 0.7312500 0.6699219 0.0354167 0.0570312
9 0.3002604 0.4300781 0.0338542 0.0664062
11 0.5281250 0.3902344 0.0395833 0.0429688
9 0.5171875 0.2429688 0.0270833 0.0625000
