0 0.4791667 0.6335937 0.0125000 0.0453125
3 0.3401042 0.5515625 0.0156250 0.0406250
3 0.6958333 0.7578125 0.0208333 0.0234375
4 0.5070313 0.2429688 0.0171875 0.0234375
4 0.5651042 0.6750000 0.0218750 0.0421875
5 0.5309896 0.0617188 0.0151042 0.0343750
2 0.8419271 0.6503906 0.0286458 0.0242188
3 0.6104167 0.2113281 0.0156250 0.0367188
4 0.3354167 0.4632812 0.0156250 0.0375000
4 0.6044271 0.6132812 0.0244792 0.0187500
5 0.4744792 0.7816406 0.0197917 0.0398437
1 0.6463542 0.8312500 0.0281250 0.0203125
1 0.5169271 0.4980469 0.0171875 0.0445313
5 0.4861979 0.2023437 0.0255208 0.0234375
4 0.5557292 0.6281250 0.0260417 0.0218750
4 0.3632812 0.2941406 0.0161458 0.0289063
1 0.5567708 0.2917969 0.0208333 0.0195312
6 0.4752604 0.5187500 0.0161458 0.0343750
10 0.6877604 0.5742188 0.0244792 0.0234375
11 0.2627604 0.5484375 0.0203125 0.0359375
6 0.3601563 0.7289062 0.0244792 0.0328125
10 0.4541667 0.3218750 0.0208333 0.0250000
6 0.4755208 0.2425781 0.0177083 0.0367188
8 0.5057292 0.3453125 0.0291667 0.0296875
8 0.6565104 0.8460937 0.0276042 0.0265625
