2 0.4687500 0.4257812 0.0250000 0.0296875
5 0.2895833 0.7414063 0.0281250 0.0203125
5 0.6669271 0.6265625 0.0276042 0.0218750
2 0.5828125 0.2921875 0.0208333 0.0265625
3 0.7192708 0.3265625 0.0312500 0.0265625
2 0.6070313 0.6757812 0.0234375 0.0218750
4 0.6770833 0.2339844 0.0135417 0.0351562
2 0.4536458 0.5148438 0.0281250 0.0234375
0 0.2656250 0.2472656 0.0291667 0.0210938
2 0.4955729 0.3238281 0.0161458 0.0382813
5 0.3289063 0.3160156 0.0130208 0.0382813
10 0.7463542 0.2800781 0.0260417 0.0257812
7 0.6515625 0.4890625 0.0156250 0.0359375
10 0.6052083 0.3488281 0.0166667 0.0304687
6 0.5333333 0.6039062 0.0187500 0.0328125
8 0.4877604 0.5453125 0.0161458 0.0250000
9 0.4500000 0.2671875 0.0250000 0.0250000
6 0.7458333 0.5148438 0.0270833 0.0265625
