1 0.5252604 0.1425781 0.0161458 0.0289063
5 0.6804687 0.4382813 0.0276042 0.0171875
11 0.6325521 0.7789063 0.0223958 0.0218750
9 0.4510417 0.7175781 0.0260417 0.0257812
6 0.4119792 0.2582031 0.0229167 0.0226562
11 0.2986979 0.7250000 0.0234375 0.0265625
10 0.3716146 0.2609375 0.0213542 0.0234375
9 0.3763021 0.4644531 0.0223958 0.0351562
6 0.5476562 0.4238281 0.0234375 0.0351562
7 0.6408854 0.3023438 0.0255208 0.0234375
6 0.5825521 0.4812500 0.0151042 0.0234375
10 0.3114583 0.8359375 0.0218750 0.0250000
6 0.6718750 0.3632812 0.0250000 0.0296875
