4 0.4882812 0.8625000 0.0411458 0.0484375
3 0.3070312 0.1250000 0.0401042 0.0531250
0 0.5601563 0.7906250 0.0317708 0.0750000
4 0.5236979 0.4328125 0.0390625 0.0671875
3 0.6393229 0.4406250 0.0317708 0.0796875
0 0.5270833 0.9058594 0.0333333 0.0804688
1 0.5916667 0.7917969 0.0458333 0.0554687
1 0.5588542 0.3988281 0.0489583 0.0476562
3 0.3572917 0.4167969 0.0270833 0.0492187
3 0.4372396 0.5476562 0.0401042 0.0671875
5 0.4953125 0.6425781 0.0333333 0.0789062
3 0.6549479 0.5578125 0.0286458 0.0562500
0 0.7260417 0.4558594 0.0520833 0.0445313
1 0.5653646 0.2449219 0.0401042 0.0460938
8 0.6026042 0.2863281 0.0510417 0.0507812
6 0.6463542 0.6312500 0.0552083 0.0734375
11 0.5341146 0.2933594 0.0442708 0.0789062
6 0.7434896 0.7066406 0.0526042 0.0523438
10 0.6026042 0.7398438 0.0458333 0.0453125
8 0.6161458 0.4308594 0.0437500 0.0617188
11 0.4143229 0.2246094 0.0526042 0.0523438
10 0.7369792 0.7089844 0.0479167 0.0523438
11 0.5364583 0.4250000 0.0427083 0.0687500
11 0.3479167 0.7257813 0.0427083 0.0843750
7 0.6354167 0.6449219 0.0510417 0.0539063
8 0.4450521 0.5976562 0.0453125 0.0703125
9 0.4513021 0.1519531 0.0505208 0.0507812
11 0.6223958 0.3410156 0.0489583 0.0648438
11 0.5619792 0.7605469 0.0510417 0.0570312
7 0.5877604 0.6031250 0.0494792 0.0468750
8 0.7039062 0.7621094 0.0536458 0.0585938
7 0.4445312 0.1664063 0.0338542 0.0781250
9 0.5679688 0.5355469 0.0494792 0.0492187
