0 0.5614583 0.6964844 0.0437500 0.0320312
0 0.5380208 0.6332031 0.0437500 0.0273438
5 0.4317708 0.8398438 0.0270833 0.0312500
2 0.3658854 0.3207031 0.0255208 0.0460938
0 0.5307292 0.3960938 0.0239583 0.0312500
5 0.5067708 0.8265625 0.0437500 0.0390625
2 0.4861979 0.2730469 0.0380208 0.0304687
1 0.2976563 0.5570312 0.0442708 0.0421875
5 0.3765625 0.8328125 0.0281250 0.0359375
1 0.7309896 0.4734375 0.0390625 0.0359375
4 0.3752604 0.8343750 0.0421875 0.0406250
4 0.4119792 0.5132813 0.0229167 0.0250000
4 0.6341146 0.3074219 0.0421875 0.0242188
4 0.5031250 0.7246094 0.0250000 0.0445313
1 0.5953125 0.3718750 0.0406250 0.0421875
2 0.5747396 0.6925781 0.0380208 0.0367188
2 0.4809896 0.6062500 0.0296875 0.0281250
3 0.4328125 0.6164063 0.0281250 0.0281250
0 0.6153646 0.7988281 0.0317708 0.0382813
3 0.5822917 0.8902344 0.0197917 0.0570312
1 0.3726563 0.3527344 0.0442708 0.0289063
1 0.6018229 0.1972656 0.0421875 0.0273438
4 0.5161458 0.4238281 0.0395833 0.0257812
5 0.4489583 0.5277344 0.0187500 0.0367188
4 0.2447917 0.4093750 0.0416667 0.0343750
2 0.7013021 0.5671875 0.0411458 0.0406250
3 0.5330729 0.5066406 0.0348958 0.0460938
4 0.6585937 0.8996094 0.0411458 0.0320312
2 0.3614583 0.3957031 0.0250000 0.0476562
0 0.6247396 0.6468750 0.0390625 0.0437500
5 0.5080729 0.2570312 0.0411458 0.0312500
0 0.6744792 0.4210937 0.0406250 0.0296875
3 0.4369792 0.4933594 0.0416667 0.0398437
2 0.4036458 0.2605469 0.0239583 0.0585938
3 0.3843750 0.2156250 0.0395833 0.0437500
1 0.3921875 0.4070313 0.0375000 0.0281250
1 0.4197917 0.2546875 0.0250000 0.0390625
2 0.6046875 0.6355469 0.0229167 0.0382813
3 0.6476563 0.7832031 0.0234375 0.0289063
1 0.5013021 0.2375000 0.0265625 0.0578125
1 0.4354167 0.6472656 0.0416667 0.0367188
1 0.5085937 0.2523437 0.0255208 0.0375000
3 0.6276042 0.5300781 0.0427083 0.0304687
4 0.5252604 0.6769531 0.0380208 0.0304687
2 0.3888021 0.2503906 0.0192708 0.0585938
2 0.6234375 0.4457031 0.0385417 0.0289063
0 0.3494792 0.6601562 0.0395833 0.0281250
1 0.3268229 0.4562500 0.0453125 0.0328125
0 0.5364583 0.3066406 0.0302083 0.0382813
5 0.4752604 0.4265625 0.0223958 0.0656250
1 0.6403646 0.3542969 0.0286458 0.0382813
2 0.6989583 0.7539062 0.0250000 0.0687500
4 0.5731771 0.4859375 0.0463542 0.0421875
4 0.5187500 0.7585937 0.0322917 0.0531250
0 0.5388021 0.5976562 0.0369792 0.0265625
3 0.3593750 0.6554688 0.0416667 0.0281250
2 0.4817708 0.7597656 0.0229167 0.0570312
4 0.6390625 0.3871094 0.0437500 0.0320312
2 0.4195313 0.1316406 0.0286458 0.0523438
5 0.4033854 0.2414062 0.0276042 0.0562500
3 0.5856771 0.2171875 0.0442708 0.0437500
2 0.5867187 0.6070313 0.0223958 0.0484375
4 0.6960937 0.4660156 0.0432292 0.0429688
9 0.7278646 0.3531250 0.0296875 0.0546875
9 0.5106771 0.1781250 0.0390625 0.0671875
10 0.5520833 0.4589844 0.0343750 0.0398437
9 0.7111979 0.3832031 0.0380208 0.0382813
10 0.2684896 0.7179688 0.0401042 0.0390625
7 0.5783854 0.6242188 0.0255208 0.0468750
6 0.7348958 0.5015625 0.0406250 0.0500000
6 0.6156250 0.3910156 0.0322917 0.0429688
9 0.3984375 0.7445312 0.0385417 0.0546875
11 0.5739583 0.6578125 0.0364583 0.0656250
7 0.5104167 0.8425781 0.0312500 0.0367188
7 0.6973958 0.2664063 0.0375000 0.0390625
7 0.3838542 0.3921875 0.0395833 0.0453125
9 0.4395833 0.2476562 0.0375000 0.0390625
