1 0.6848958 0.7898437 0.0343750 0.0265625
5 0.5411458 0.2808594 0.0364583 0.0242188
1 0.5807292 0.2457031 0.0375000 0.0226562
3 0.4414062 0.7839844 0.0338542 0.0226562
4 0.6117187 0.7796875 0.0317708 0.0187500
0 0.4395833 0.4839844 0.0364583 0.0242188
3 0.5505208 0.2164062 0.0218750 0.0500000
3 0.5098958 0.7722656 0.0187500 0.0585938
4 0.4549479 0.2753906 0.0307292 0.0242188
2 0.5955729 0.7617188 0.0192708 0.0515625
0 0.2921875 0.4691406 0.0156250 0.0539063
1 0.4276042 0.3699219 0.0260417 0.0335937
2 0.2406250 0.5976562 0.0406250 0.0265625
5 0.6687500 0.8179688 0.0229167 0.0531250
4 0.6778646 0.3296875 0.0213542 0.0187500
0 0.4765625 0.7937500 0.0260417 0.0515625
0 0.4234375 0.6882812 0.0312500 0.0250000
0 0.3682292 0.5210938 0.0145833 0.0296875
3 0.5585938 0.2738281 0.0359375 0.0257812
4 0.5859375 0.6949219 0.0333333 0.0242188
2 0.4289062 0.8636719 0.0234375 0.0523438
0 0.7093750 0.4593750 0.0166667 0.0375000
4 0.6546875 0.8257813 0.0218750 0.0312500
5 0.6562500 0.2617188 0.0364583 0.0343750
0 0.4309896 0.3859375 0.0192708 0.0500000
1 0.6351562 0.1937500 0.0359375 0.0234375
5 0.6932292 0.4507813 0.0406250 0.0296875
3 0.5390625 0.4058594 0.0125000 0.0289063
3 0.4872396 0.6578125 0.0255208 0.0203125
1 0.5872396 0.6890625 0.0182292 0.0437500
0 0.5497396 0.5406250 0.0203125 0.0531250
0 0.4768229 0.6691406 0.0203125 0.0570312
3 0.6309896 0.2976563 0.0359375 0.0328125
6 0.6544271 0.6976562 0.0369792 0.0500000
9 0.6934896 0.4839844 0.0348958 0.0382813
8 0.3583333 0.7792969 0.0239583 0.0554687
11 0.4575521 0.5917969 0.0244792 0.0460938
