3 0.7200521 0.4441406 0.0317708 0.0179687
4 0.5062500 0.6750000 0.0218750 0.0203125
1 0.3401042 0.4589844 0.0281250 0.0179687
1 0.6718750 0.3191406 0.0281250 0.0257812
0 0.5018229 0.3378906 0.0286458 0.0195312
4 0.3455729 0.2562500 0.0171875 0.0421875
1 0.7210937 0.5035156 0.0244792 0.0320312
0 0.5471354 0.6554688 0.0223958 0.0171875
5 0.6591146 0.5074219 0.0203125 0.0367188
0 0.4697917 0.8863281 0.0208333 0.0304687
3 0.4643229 0.5531250 0.0151042 0.0437500
3 0.2958333 0.4183594 0.0291667 0.0257812
5 0.5851563 0.5363281 0.0151042 0.0445313
5 0.3671875 0.7753906 0.0177083 0.0492187
0 0.4447917 0.5500000 0.0187500 0.0296875
3 0.4028646 0.5515625 0.0296875 0.0218750
1 0.5020833 0.1617187 0.0218750 0.0437500
4 0.4119792 0.6203125 0.0260417 0.0218750
1 0.2820313 0.6371094 0.0244792 0.0273438
2 0.3559896 0.4390625 0.0296875 0.0203125
0 0.5322917 0.1980469 0.0135417 0.0414062
2 0.6223958 0.7898437 0.0291667 0.0281250
3 0.6281250 0.7667969 0.0135417 0.0257812
4 0.6015625 0.7496094 0.0239583 0.0179687
4 0.7270833 0.3988281 0.0291667 0.0257812
1 0.5942708 0.6796875 0.0302083 0.0218750
2 0.6744792 0.3449219 0.0281250 0.0210938
1 0.4919271 0.5414062 0.0276042 0.0218750
5 0.5976562 0.4304688 0.0296875 0.0250000
1 0.5289063 0.5667969 0.0286458 0.0210938
0 0.3018229 0.7496094 0.0161458 0.0226562
5 0.5580729 0.4816406 0.0276042 0.0257812
10 0.6205729 0.5351562 0.0171875 0.0250000
11 0.6638021 0.6886719 0.0286458 0.0289063
7 0.3953125 0.0878906 0.0270833 0.0289063
10 0.3979167 0.2351563 0.0250000 0.0296875
10 0.6041667 0.6117187 0.0291667 0.0328125
9 0.7231771 0.2335937 0.0265625 0.0328125
7 0.3432292 0.2574219 0.0218750 0.0414062
9 0.3510417 0.5296875 0.0270833 0.0265625
11 0.4486979 0.7480469 0.0192708 0.0335937
10 0.4799479 0.7679687 0.0182292 0.0296875
