3 0.6067708 0.6546875 0.0760417 0.1000000
3 0.4567708 0.7539062 0.0500000 0.1421875
3 0.6841146 0.8179688 0.0765625 0.0828125
1 0.6705729 0.4402344 0.0484375 0.0945312
3 0.6359375 0.7855469 0.0510417 0.1007813
5 0.5260417 0.4031250 0.0864583 0.0812500
4 0.3817708 0.6097656 0.0750000 0.0664062
8 0.5205729 0.2015625 0.0921875 0.1265625
9 0.5651042 0.3070312 0.0885417 0.1015625
10 0.2437500 0.3500000 0.0927083 0.1000000
9 0.6054688 0.4457031 0.0932292 0.1007813
7 0.2497396 0.4218750 0.0838542 0.0812500
11 0.4164062 0.2804687 0.0640625 0.1312500
10 0.7294271 0.6960937 0.0765625 0.0875000
