4 0.6143229 0.2945313 0.0088542 0.0265625
1 0.3226562 0.8421875 0.0255208 0.0156250
3 0.4325521 0.3972656 0.0223958 0.0179687
5 0.5765625 0.3285156 0.0197917 0.0289063
0 0.6265625 0.5234375 0.0250000 0.0187500
3 0.3065104 0.4636719 0.0151042 0.0210938
2 0.4799479 0.7320313 0.0119792 0.0203125
5 0.4049479 0.8285156 0.0161458 0.0210938
5 0.4033854 0.5554687 0.0234375 0.0187500
2 0.4507813 0.3324219 0.0213542 0.0226562
1 0.7552083 0.5367188 0.0229167 0.0171875
0 0.5763021 0.3199219 0.0182292 0.0242188
2 0.3713542 0.2898438 0.0114583 0.0171875
5 0.5705729 0.1281250 0.0234375 0.0171875
0 0.5052083 0.4902344 0.0114583 0.0242188
5 0.6270833 0.7261719 0.0239583 0.0273438
2 0.5617188 0.3093750 0.0234375 0.0156250
1 0.7197917 0.5382813 0.0125000 0.0171875
3 0.6203125 0.2828125 0.0114583 0.0359375
2 0.5856771 0.4191406 0.0213542 0.0164063
2 0.5072917 0.2707031 0.0135417 0.0367188
1 0.4390625 0.6164063 0.0239583 0.0203125
4 0.2351563 0.4042969 0.0192708 0.0210938
3 0.6385417 0.3828125 0.0166667 0.0234375
1 0.5833333 0.3230469 0.0114583 0.0179687
2 0.7210937 0.5578125 0.0182292 0.0296875
5 0.6544271 0.4191406 0.0192708 0.0210938
0 0.5635417 0.3785156 0.0145833 0.0320312
0 0.6708333 0.5457031 0.0218750 0.0148437
2 0.4114583 0.1675781 0.0166667 0.0351562
0 0.6856771 0.6496094 0.0192708 0.0195312
2 0.4705729 0.4171875 0.0171875 0.0328125
1 0.5958333 0.8253906 0.0177083 0.0304687
5 0.3559896 0.5640625 0.0213542 0.0218750
3 0.6747396 0.5496094 0.0192708 0.0242188
2 0.6174479 0.2437500 0.0130208 0.0234375
3 0.4041667 0.2878906 0.0114583 0.0195312
4 0.5729167 0.8394531 0.0114583 0.0382813
1 0.5528646 0.1687500 0.0203125 0.0187500
2 0.5356771 0.4171875 0.0244792 0.0171875
5 0.4906250 0.3917969 0.0114583 0.0210938
5 0.6635417 0.3980469 0.0218750 0.0164063
5 0.5018229 0.6699219 0.0119792 0.0242188
0 0.6015625 0.1460937 0.0156250 0.0187500
3 0.7414063 0.5441406 0.0255208 0.0179687
4 0.3346354 0.4347656 0.0098958 0.0289063
3 0.4343750 0.5097656 0.0114583 0.0164063
0 0.3921875 0.1875000 0.0125000 0.0359375
5 0.7354167 0.5824219 0.0177083 0.0289063
0 0.7002604 0.3734375 0.0223958 0.0156250
0 0.4958333 0.4949219 0.0239583 0.0210938
3 0.5690104 0.8238281 0.0119792 0.0304687
3 0.6546875 0.4289062 0.0135417 0.0281250
0 0.5328125 0.7218750 0.0166667 0.0296875
4 0.3023438 0.3824219 0.0140625 0.0304687
5 0.5877604 0.6089844 0.0234375 0.0195312
5 0.4192708 0.1941406 0.0239583 0.0164063
1 0.4213542 0.4472656 0.0125000 0.0195312
4 0.3515625 0.6632813 0.0177083 0.0171875
4 0.3804688 0.4609375 0.0203125 0.0281250
4 0.4960938 0.4343750 0.0213542 0.0218750
5 0.2739583 0.5441406 0.0166667 0.0226562
4 0.7002604 0.4457031 0.0244792 0.0210938
4 0.6598958 0.6734375 0.0250000 0.0203125
4 0.2588542 0.3402344 0.0166667 0.0273438
0 0.7559896 0.6835938 0.0234375 0.0203125
2 0.4893229 0.7746094 0.0244792 0.0164063
5 0.6721354 0.3382812 0.0182292 0.0343750
4 0.6703125 0.6699219 0.0250000 0.0164063
2 0.5562500 0.6292969 0.0145833 0.0210938
4 0.6632813 0.7941406 0.0182292 0.0242188
9 0.3289063 0.7429687 0.0161458 0.0312500
9 0.4296875 0.6285156 0.0166667 0.0320312
10 0.7130208 0.3886719 0.0218750 0.0210938
11 0.6677083 0.3738281 0.0239583 0.0289063
8 0.6140625 0.5996094 0.0197917 0.0304687
10 0.5562500 0.6273437 0.0197917 0.0343750
7 0.4190104 0.7917969 0.0223958 0.0226562
6 0.3010417 0.5113281 0.0218750 0.0257812
