2 0.7869792 0.6960937 0.0708333 0.0656250
2 0.5130208 0.4390625 0.0406250 0.0500000
0 0.3776042 0.3980469 0.0468750 0.0398437
5 0.5570312 0.1050781 0.0723958 0.0554687
5 0.7117187 0.2429688 0.0557292 0.0765625
3 0.5270833 0.3617187 0.0697917 0.0484375
2 0.4192708 0.4910156 0.0375000 0.0648438
5 0.6078125 0.4488281 0.0531250 0.0992187
2 0.6953125 0.6238281 0.0468750 0.0867187
4 0.5750000 0.5011719 0.0562500 0.0460938
4 0.6007813 0.8812500 0.0453125 0.1046875
5 0.2781250 0.4542969 0.0572917 0.0664062
0 0.5518229 0.4734375 0.0734375 0.0562500
1 0.3781250 0.0859375 0.0520833 0.0625000
0 0.7049479 0.3347656 0.0796875 0.0507812
2 0.4682292 0.3671875 0.0354167 0.0859375
3 0.4377604 0.6035156 0.0640625 0.0476562
5 0.5151042 0.6070313 0.0572917 0.0828125
3 0.5692708 0.8515625 0.0645833 0.0703125
2 0.6848958 0.5300781 0.0562500 0.0992187
5 0.4596354 0.6234375 0.0442708 0.0656250
0 0.7463542 0.5082031 0.0687500 0.0710937
4 0.6270833 0.3097656 0.0552083 0.0679687
5 0.5164062 0.5296875 0.0671875 0.0500000
5 0.4888021 0.3078125 0.0609375 0.0531250
2 0.5229167 0.4312500 0.0447917 0.0843750
0 0.5552083 0.1871094 0.0604167 0.0726563
5 0.5940104 0.6207031 0.0630208 0.0617188
2 0.6596354 0.5503906 0.0442708 0.1007813
0 0.5656250 0.3539062 0.0437500 0.0421875
0 0.5421875 0.3972656 0.0447917 0.1085938
3 0.5197917 0.0824219 0.0406250 0.1023437
2 0.4562500 0.1281250 0.0583333 0.0734375
1 0.3697917 0.4566406 0.0645833 0.0601563
5 0.3403646 0.8300781 0.0692708 0.0460938
2 0.5065104 0.2472656 0.0671875 0.0507812
4 0.3460937 0.4402344 0.0588542 0.1070312
1 0.5830729 0.8417969 0.0348958 0.1085938
0 0.6265625 0.7683594 0.0666667 0.0710937
4 0.6083333 0.2539062 0.0541667 0.0531250
4 0.3265625 0.7648438 0.0635417 0.0656250
0 0.4049479 0.6527344 0.0557292 0.0851563
3 0.5299479 0.4117188 0.0578125 0.0562500
4 0.7229167 0.3789062 0.0677083 0.0578125
2 0.6817708 0.7000000 0.0583333 0.0578125
2 0.7705729 0.3609375 0.0578125 0.0750000
3 0.3580729 0.4570312 0.0536458 0.0515625
2 0.2359375 0.4023438 0.0656250 0.0625000
3 0.6872396 0.4867187 0.0619792 0.0656250
4 0.6039062 0.1562500 0.0734375 0.0500000
9 0.7031250 0.5769531 0.0708333 0.0945312
8 0.4692708 0.6601562 0.0697917 0.1000000
10 0.6513021 0.2984375 0.0619792 0.0937500
8 0.4223958 0.6746094 0.0447917 0.0648438
7 0.7093750 0.4031250 0.0677083 0.0671875
7 0.6520833 0.2222656 0.0510417 0.0632812
7 0.5776042 0.2781250 0.0666667 0.0671875
10 0.6768229 0.7828125 0.0411458 0.0953125
11 0.7604167 0.2546875 0.0677083 0.1046875
10 0.4075521 0.2738281 0.0484375 0.0679687
8 0.6429687 0.5843750 0.0453125 0.0765625
7 0.4419271 0.3687500 0.0723958 0.0781250
10 0.4770833 0.6484375 0.0583333 0.0765625
9 0.4067708 0.4425781 0.0729167 0.0773438
8 0.6226563 0.9347656 0.0640625 0.0632812
9 0.4911458 0.7355469 0.0458333 0.1054688
