3 0.6367188 0.1546875 0.0546875 0.0359375
4 0.5796875 0.4746094 0.0468750 0.0648438
1 0.6130208 0.4488281 0.0302083 0.0414062
4 0.7622396 0.5703125 0.0338542 0.0781250
4 0.6554688 0.5199219 0.0463542 0.0335937
5 0.7632813 0.4605469 0.0276042 0.0648438
3 0.2875000 0.6398438 0.0572917 0.0328125
4 0.4333333 0.3480469 0.0281250 0.0789062
1 0.6320313 0.2457031 0.0317708 0.0445313
1 0.4065104 0.8179688 0.0515625 0.0343750
1 0.6205729 0.7816406 0.0505208 0.0382813
0 0.4255208 0.9890625 0.0385417 0.0203125
5 0.5661458 0.4863281 0.0437500 0.0429688
0 0.5296875 0.0957031 0.0447917 0.0601563
0 0.5437500 0.4914062 0.0406250 0.0562500
2 0.5822917 0.3117187 0.0572917 0.0343750
4 0.3161458 0.8710938 0.0322917 0.0687500
2 0.3562500 0.3519531 0.0500000 0.0539063
3 0.5593750 0.5343750 0.0500000 0.0359375
3 0.3565104 0.4875000 0.0526042 0.0343750
4 0.6013021 0.7445312 0.0505208 0.0343750
1 0.6843750 0.3445313 0.0333333 0.0640625
1 0.4875000 0.5140625 0.0281250 0.0562500
5 0.4192708 0.8117188 0.0479167 0.0375000
1 0.5622396 0.8230469 0.0338542 0.0335937
3 0.6843750 0.6265625 0.0531250 0.0375000
1 0.4023438 0.2382812 0.0244792 0.0359375
1 0.2468750 0.4207031 0.0364583 0.0695313
2 0.5945312 0.3796875 0.0401042 0.0390625
0 0.7453125 0.6792969 0.0552083 0.0460938
5 0.4710937 0.2363281 0.0546875 0.0476562
1 0.5867187 0.5121094 0.0453125 0.0460938
4 0.5127604 0.5609375 0.0328125 0.0671875
1 0.6911458 0.6878906 0.0343750 0.0476562
1 0.6679688 0.1917969 0.0463542 0.0445313
2 0.4682292 0.6968750 0.0322917 0.0828125
1 0.3492188 0.3402344 0.0307292 0.0554687
4 0.5325521 0.5328125 0.0401042 0.0421875
3 0.3421875 0.5562500 0.0333333 0.0687500
2 0.5223958 0.3648438 0.0500000 0.0656250
4 0.5184896 0.5929688 0.0265625 0.0640625
1 0.7130208 0.4800781 0.0395833 0.0382813
5 0.6171875 0.7722656 0.0531250 0.0367188
4 0.6671875 0.1957031 0.0489583 0.0414062
3 0.3763021 0.3964844 0.0401042 0.0570312
1 0.4195313 0.8875000 0.0359375 0.0671875
2 0.5442708 0.8687500 0.0270833 0.0734375
5 0.7242188 0.5300781 0.0536458 0.0351562
1 0.3283854 0.5917969 0.0380208 0.0414062
3 0.7890625 0.5789062 0.0406250 0.0437500
4 0.6372396 0.4175781 0.0453125 0.0414062
2 0.4726562 0.3769531 0.0380208 0.0429688
0 0.4536458 0.1285156 0.0427083 0.0570312
5 0.3210938 0.4542969 0.0463542 0.0507812
4 0.5864583 0.7585937 0.0291667 0.0718750
0 0.6497396 0.7832031 0.0515625 0.0335937
2 0.6369792 0.4695313 0.0416667 0.0593750
1 0.6947917 0.4738281 0.0291667 0.0476562
0 0.6382813 0.6257812 0.0307292 0.0390625
2 0.5901042 0.6769531 0.0343750 0.0320312
1 0.4971354 0.5230469 0.0213542 0.0351562
2 0.4877604 0.7625000 0.0359375 0.0312500
4 0.3463542 0.4781250 0.0458333 0.0296875
1 0.4830729 0.5605469 0.0432292 0.0414062
0 0.5575521 0.2351563 0.0296875 0.0703125
4 0.4299479 0.6945313 0.0484375 0.0312500
4 0.2890625 0.5804687 0.0510417 0.0390625
3 0.3739583 0.4359375 0.0354167 0.0406250
2 0.5252604 0.6429687 0.0536458 0.0375000
8 0.6236979 0.6167969 0.0296875 0.0445313
9 0.6276042 0.1203125 0.0489583 0.0515625
6 0.2002604 0.3773437 0.0494792 0.0703125
8 0.5411458 0.1957031 0.0312500 0.0445313
9 0.4854167 0.5710937 0.0468750 0.0531250
10 0.3153646 0.3792969 0.0453125 0.0445313
6 0.8080729 0.2542969 0.0463542 0.0632812
10 0.6815104 0.3976562 0.0484375 0.0484375
8 0.6466146 0.7328125 0.0369792 0.0500000
9 0.5960937 0.3343750 0.0380208 0.0437500
11 0.4864583 0.7382812 0.0458333 0.0625000
9 0.5960937 0.4062500 0.0473958 0.0578125
9 0.2755208 0.7406250 0.0479167 0.0531250
8 0.6901042 0.5921875 0.0500000 0.0484375
6 0.3348958 0.5503906 0.0458333 0.0445313
9 0.2216146 0.3820312 0.0390625 0.0515625
9 0.6434896 0.4429688 0.0338542 0.0546875
7 0.5846354 0.3718750 0.0484375 0.0468750
