0 0.8026042 0.5132813 0.0260417 0.0250000
5 0.4763021 0.4347656 0.0109375 0.0210938
0 0.4434896 0.3144531 0.0265625 0.0226562
0 0.5880208 0.3601563 0.0145833 0.0390625
5 0.3578125 0.6406250 0.0270833 0.0187500
0 0.4546875 0.3429687 0.0145833 0.0328125
2 0.5307292 0.5136719 0.0187500 0.0382813
5 0.5609375 0.7109375 0.0291667 0.0203125
3 0.4635417 0.6019531 0.0156250 0.0335937
5 0.3661458 0.6695313 0.0197917 0.0234375
4 0.4606771 0.1988281 0.0276042 0.0164063
4 0.5968750 0.0984375 0.0177083 0.0437500
5 0.4268229 0.5707031 0.0151042 0.0289063
0 0.5395833 0.4402344 0.0187500 0.0289063
0 0.3335938 0.3355469 0.0140625 0.0304687
0 0.6630208 0.5695313 0.0145833 0.0281250
4 0.5148438 0.5785156 0.0234375 0.0195312
4 0.5385417 0.3218750 0.0229167 0.0296875
0 0.6309896 0.4375000 0.0244792 0.0281250
4 0.5250000 0.6140625 0.0197917 0.0343750
5 0.4729167 0.6906250 0.0197917 0.0265625
0 0.5148438 0.5718750 0.0140625 0.0359375
3 0.5252604 0.2832031 0.0296875 0.0195312
5 0.7447917 0.7675781 0.0166667 0.0289063
1 0.4695313 0.8058594 0.0265625 0.0273438
5 0.4684896 0.6546875 0.0255208 0.0203125
2 0.5794271 0.6917969 0.0255208 0.0257812
0 0.3546875 0.5304688 0.0218750 0.0359375
4 0.6072917 0.7042969 0.0208333 0.0210938
4 0.6250000 0.5796875 0.0187500 0.0218750
1 0.2638021 0.6074219 0.0171875 0.0351562
0 0.7096354 0.7050781 0.0171875 0.0273438
0 0.3143229 0.3550781 0.0213542 0.0351562
3 0.2679687 0.7398438 0.0223958 0.0343750
4 0.6578125 0.6085938 0.0260417 0.0156250
5 0.5684896 0.3082031 0.0140625 0.0367188
5 0.6197917 0.4492188 0.0156250 0.0359375
4 0.5604167 0.5351562 0.0281250 0.0218750
3 0.6377604 0.3843750 0.0255208 0.0203125
1 0.6536458 0.7621094 0.0281250 0.0210938
2 0.3835938 0.2773438 0.0244792 0.0234375
3 0.5419271 0.6519531 0.0276042 0.0210938
5 0.2546875 0.6976562 0.0281250 0.0281250
1 0.3932292 0.3085938 0.0260417 0.0218750
4 0.3791667 0.5792969 0.0250000 0.0273438
2 0.4028646 0.1699219 0.0161458 0.0273438
3 0.5466146 0.4390625 0.0255208 0.0171875
8 0.6005208 0.2542969 0.0239583 0.0382813
6 0.5526042 0.4859375 0.0156250 0.0328125
9 0.7270833 0.1781250 0.0250000 0.0250000
8 0.6179687 0.5218750 0.0244792 0.0234375
8 0.5427083 0.8199219 0.0270833 0.0351562
7 0.5192708 0.5671875 0.0177083 0.0328125
7 0.4471354 0.3441406 0.0265625 0.0257812
8 0.6632813 0.5820312 0.0286458 0.0281250
10 0.6856771 0.7300781 0.0244792 0.0242188
