2 0.5315104 0.3265625 0.0234375 0.0484375
0 0.3671875 0.1941406 0.0281250 0.0507812
2 0.7361979 0.4796875 0.0265625 0.0484375
4 0.5486979 0.4765625 0.0328125 0.0234375
1 0.5718750 0.4507813 0.0187500 0.0218750
2 0.6070313 0.6464844 0.0203125 0.0335937
0 0.4419271 0.2976563 0.0401042 0.0250000
3 0.6880208 0.7031250 0.0250000 0.0281250
1 0.6825521 0.6109375 0.0317708 0.0390625
0 0.3997396 0.6968750 0.0369792 0.0234375
4 0.3591146 0.5792969 0.0359375 0.0304687
2 0.4026042 0.2722656 0.0218750 0.0523438
0 0.5898438 0.5812500 0.0265625 0.0265625
5 0.5677083 0.4296875 0.0156250 0.0500000
4 0.6484375 0.2910156 0.0354167 0.0335937
2 0.3507812 0.7976562 0.0265625 0.0437500
4 0.4002604 0.5773438 0.0296875 0.0421875
0 0.7515625 0.7011719 0.0364583 0.0289063
3 0.4143229 0.6816406 0.0359375 0.0273438
1 0.2914062 0.3343750 0.0369792 0.0328125
5 0.7335938 0.3457031 0.0369792 0.0382813
5 0.4335938 0.2312500 0.0390625 0.0296875
4 0.6049479 0.3339844 0.0380208 0.0242188
1 0.3523438 0.7714844 0.0276042 0.0304687
1 0.6411458 0.5386719 0.0375000 0.0367188
3 0.5114583 0.6765625 0.0302083 0.0296875
2 0.4348958 0.6015625 0.0218750 0.0234375
5 0.3875000 0.6699219 0.0166667 0.0289063
1 0.3932292 0.5359375 0.0166667 0.0390625
5 0.4921875 0.6429687 0.0229167 0.0531250
5 0.5161458 0.6839844 0.0375000 0.0289063
0 0.5669271 0.3699219 0.0265625 0.0523438
2 0.4510417 0.2453125 0.0270833 0.0453125
5 0.7135417 0.4472656 0.0312500 0.0492187
0 0.3906250 0.5367188 0.0187500 0.0359375
4 0.6453125 0.3312500 0.0208333 0.0328125
4 0.6442708 0.4843750 0.0354167 0.0296875
5 0.4145833 0.8039063 0.0218750 0.0453125
4 0.3018229 0.6617188 0.0161458 0.0437500
0 0.6588542 0.3601563 0.0343750 0.0343750
3 0.5710937 0.2554688 0.0359375 0.0343750
4 0.2463542 0.4082031 0.0291667 0.0335937
0 0.5609375 0.6433594 0.0322917 0.0476562
4 0.6861979 0.3992188 0.0338542 0.0453125
4 0.3179688 0.1003906 0.0255208 0.0554687
0 0.6411458 0.1675781 0.0354167 0.0242188
3 0.5929688 0.2652344 0.0359375 0.0242188
4 0.4200521 0.7898437 0.0171875 0.0265625
2 0.5361979 0.7492188 0.0390625 0.0296875
1 0.5057292 0.3988281 0.0281250 0.0304687
2 0.6046875 0.2617188 0.0208333 0.0359375
0 0.6674479 0.2093750 0.0161458 0.0578125
3 0.5518229 0.4300781 0.0380208 0.0273438
2 0.5398437 0.7902344 0.0192708 0.0492187
0 0.3666667 0.6992188 0.0218750 0.0625000
4 0.4968750 0.3699219 0.0239583 0.0523438
4 0.7195312 0.3992188 0.0307292 0.0453125
5 0.5627604 0.5406250 0.0401042 0.0312500
1 0.6111979 0.3562500 0.0359375 0.0203125
3 0.4752604 0.8585938 0.0255208 0.0562500
3 0.5588542 0.2460938 0.0177083 0.0515625
5 0.5364583 0.8789062 0.0197917 0.0265625
5 0.6135417 0.8734375 0.0239583 0.0343750
5 0.4356771 0.2132813 0.0203125 0.0328125
9 0.5825521 0.2582031 0.0244792 0.0570312
7 0.6526042 0.6742187 0.0333333 0.0328125
11 0.5184896 0.4644531 0.0255208 0.0351562
10 0.5971354 0.4753906 0.0369792 0.0367188
7 0.5492187 0.3457031 0.0348958 0.0335937
