5 0.5609375 0.6875000 0.0239583 0.0250000
5 0.4940104 0.7542969 0.0317708 0.0320312
1 0.5950521 0.1167969 0.0244792 0.0273438
4 0.4523437 0.7226562 0.0317708 0.0234375
4 0.5963542 0.5253906 0.0302083 0.0257812
3 0.7015625 0.4339844 0.0302083 0.0242188
3 0.5135417 0.8167969 0.0156250 0.0460938
0 0.5580729 0.6562500 0.0296875 0.0218750
3 0.4562500 0.4222656 0.0281250 0.0226562
1 0.6369792 0.3230469 0.0333333 0.0273438
2 0.3580729 0.5035156 0.0213542 0.0460938
2 0.4236979 0.7339844 0.0140625 0.0351562
3 0.5083333 0.1128906 0.0281250 0.0304687
1 0.2763021 0.4277344 0.0307292 0.0289063
4 0.5125000 0.3515625 0.0208333 0.0312500
1 0.5497396 0.5628906 0.0317708 0.0257812
1 0.4921875 0.7664062 0.0197917 0.0343750
3 0.4317708 0.8316406 0.0208333 0.0476562
2 0.4713542 0.2003906 0.0281250 0.0289063
1 0.5033854 0.4664063 0.0296875 0.0250000
5 0.6565104 0.7464844 0.0307292 0.0320312
3 0.5809896 0.2660156 0.0317708 0.0257812
2 0.5023437 0.6320313 0.0328125 0.0250000
3 0.2307292 0.3093750 0.0322917 0.0265625
1 0.3085938 0.6765625 0.0328125 0.0234375
1 0.6963542 0.4890625 0.0312500 0.0328125
3 0.4513021 0.5660156 0.0140625 0.0351562
4 0.3125000 0.7386719 0.0302083 0.0210938
2 0.5057292 0.3066406 0.0177083 0.0289063
5 0.5268229 0.1562500 0.0203125 0.0265625
0 0.1997396 0.5031250 0.0255208 0.0328125
5 0.2575521 0.7234375 0.0265625 0.0250000
1 0.6171875 0.6144531 0.0166667 0.0445313
1 0.5997396 0.2417969 0.0244792 0.0289063
2 0.7450521 0.4601562 0.0307292 0.0250000
1 0.6812500 0.2417969 0.0250000 0.0226562
1 0.7315104 0.3257813 0.0307292 0.0312500
2 0.6846354 0.1328125 0.0328125 0.0234375
0 0.5934896 0.2507813 0.0317708 0.0203125
4 0.5903646 0.3273437 0.0151042 0.0234375
1 0.2348958 0.3976562 0.0208333 0.0343750
4 0.7554688 0.4382813 0.0276042 0.0265625
6 0.4270833 0.5300781 0.0281250 0.0273438
10 0.5346354 0.4472656 0.0244792 0.0460938
