4 0.6195312 0.3000000 0.0307292 0.0328125
3 0.3328125 0.7582031 0.0197917 0.0445313
2 0.6486979 0.3398438 0.0255208 0.0312500
4 0.4656250 0.2171875 0.0145833 0.0500000
1 0.6213542 0.7656250 0.0250000 0.0281250
3 0.6070313 0.1894531 0.0213542 0.0304687
1 0.6239583 0.3871094 0.0333333 0.0382813
2 0.6312500 0.5269531 0.0364583 0.0273438
2 0.4557292 0.6386719 0.0406250 0.0335937
3 0.4848958 0.6191406 0.0187500 0.0585938
1 0.4841146 0.8035156 0.0296875 0.0398437
0 0.4997396 0.3773437 0.0265625 0.0359375
3 0.3768229 0.3984375 0.0255208 0.0468750
4 0.5916667 0.5292969 0.0197917 0.0398437
0 0.3992188 0.5335937 0.0244792 0.0343750
3 0.6666667 0.6386719 0.0364583 0.0257812
0 0.5312500 0.6843750 0.0229167 0.0406250
5 0.3755208 0.1273438 0.0208333 0.0593750
2 0.3789062 0.5550781 0.0213542 0.0289063
0 0.4263021 0.2035156 0.0380208 0.0289063
5 0.3257813 0.5835938 0.0276042 0.0437500
0 0.4067708 0.2113281 0.0218750 0.0429688
0 0.7755208 0.7335938 0.0239583 0.0515625
2 0.5872396 0.8644531 0.0380208 0.0273438
3 0.7463542 0.5011719 0.0187500 0.0460938
1 0.5632812 0.1960938 0.0213542 0.0343750
2 0.2578125 0.5347656 0.0343750 0.0398437
1 0.4145833 0.3300781 0.0208333 0.0242188
2 0.5513021 0.5992188 0.0317708 0.0375000
5 0.5723958 0.7000000 0.0218750 0.0531250
2 0.7265625 0.4113281 0.0145833 0.0382813
0 0.7380208 0.6363281 0.0354167 0.0304687
2 0.3760417 0.7335938 0.0250000 0.0468750
5 0.6341146 0.3968750 0.0307292 0.0437500
5 0.5458333 0.4898438 0.0322917 0.0312500
5 0.3994792 0.3917969 0.0187500 0.0257812
4 0.6723958 0.3300781 0.0406250 0.0257812
3 0.3903646 0.2785156 0.0317708 0.0289063
5 0.5203125 0.5992188 0.0354167 0.0281250
3 0.6875000 0.3835938 0.0354167 0.0281250
2 0.4664063 0.7511719 0.0223958 0.0554687
4 0.5911458 0.3292969 0.0333333 0.0210938
1 0.6598958 0.8105469 0.0375000 0.0289063
5 0.5916667 0.3144531 0.0218750 0.0445313
3 0.5557292 0.5492187 0.0229167 0.0515625
3 0.5486979 0.4566406 0.0192708 0.0492187
3 0.3177083 0.5234375 0.0312500 0.0296875
0 0.4992187 0.7976562 0.0255208 0.0484375
2 0.2294271 0.4855469 0.0348958 0.0335937
5 0.2828125 0.3753906 0.0187500 0.0289063
1 0.3210938 0.8031250 0.0223958 0.0406250
1 0.5856771 0.7687500 0.0244792 0.0250000
4 0.7020833 0.5773438 0.0166667 0.0515625
3 0.4893229 0.5058594 0.0338542 0.0242188
2 0.6710938 0.5433594 0.0369792 0.0351562
2 0.6307292 0.3957031 0.0322917 0.0335937
3 0.5127604 0.0808594 0.0203125 0.0539063
0 0.7130208 0.6191406 0.0302083 0.0320312
3 0.6914062 0.3460937 0.0276042 0.0484375
5 0.6002604 0.2410156 0.0359375 0.0335937
5 0.1528646 0.5285156 0.0286458 0.0460938
5 0.5226563 0.2277344 0.0296875 0.0414062
4 0.5210938 0.5992188 0.0265625 0.0546875
4 0.6958333 0.5664062 0.0333333 0.0234375
2 0.5921875 0.3976562 0.0354167 0.0265625
0 0.2919271 0.5304688 0.0171875 0.0328125
0 0.6351562 0.7574219 0.0244792 0.0476562
1 0.4841146 0.5617188 0.0328125 0.0218750
6 0.3533854 0.5503906 0.0359375 0.0351562
7 0.5778646 0.1582031 0.0338542 0.0445313
8 0.5708333 0.6359375 0.0375000 0.0500000
11 0.6601562 0.6210938 0.0359375 0.0375000
