2 0.5455729 0.3218750 0.0213542 0.0437500
3 0.3877604 0.4046875 0.0286458 0.0609375
5 0.4653646 0.6910156 0.0276042 0.0648438
0 0.6020833 0.4609375 0.0197917 0.0250000
0 0.7804688 0.3460937 0.0307292 0.0421875
2 0.3427083 0.4957031 0.0208333 0.0335937
0 0.5395833 0.9464844 0.0416667 0.0460938
5 0.5828125 0.4183594 0.0291667 0.0335937
2 0.6755208 0.6773438 0.0343750 0.0359375
3 0.3635417 0.5847656 0.0250000 0.0367188
5 0.6802083 0.6964844 0.0437500 0.0257812
0 0.4044271 0.7480469 0.0286458 0.0648438
5 0.3752604 0.6785156 0.0359375 0.0414062
1 0.3684896 0.8058594 0.0401042 0.0289063
0 0.4632812 0.8171875 0.0380208 0.0531250
0 0.6117187 0.7570313 0.0401042 0.0265625
6 0.3755208 0.5156250 0.0375000 0.0406250
6 0.6117187 0.8027344 0.0401042 0.0398437
11 0.5846354 0.7125000 0.0276042 0.0625000
7 0.6343750 0.1378906 0.0333333 0.0601563
6 0.3403646 0.4324219 0.0411458 0.0398437
8 0.3302083 0.6789063 0.0312500 0.0640625
10 0.4205729 0.2394531 0.0359375 0.0554687
9 0.7695312 0.6324219 0.0421875 0.0554687
8 0.6888021 0.7128906 0.0432292 0.0429688
6 0.7447917 0.6496094 0.0416667 0.0398437
7 0.5997396 0.7816406 0.0276042 0.0617188
8 0.5174479 0.7101563 0.0453125 0.0500000
11 0.4078125 0.1980469 0.0406250 0.0460938
9 0.4505208 0.5042969 0.0375000 0.0554687
10 0.5528646 0.2496094 0.0276042 0.0648438
9 0.4799479 0.3359375 0.0453125 0.0437500
8 0.3919271 0.6960937 0.0369792 0.0625000
7 0.7302083 0.1347656 0.0416667 0.0414062
9 0.3276042 0.5179687 0.0395833 0.0390625
