4 0.1744792 0.4132812 0.0552083 0.0671875
5 0.4473958 0.3957031 0.0625000 0.0445313
2 0.3794271 0.3007812 0.0536458 0.0562500
4 0.5049479 0.5867187 0.0619792 0.0468750
2 0.5804687 0.3800781 0.0359375 0.0742188
2 0.6799479 0.6074219 0.0630208 0.0476562
3 0.6783854 0.4867187 0.0380208 0.0921875
4 0.6140625 0.6554688 0.0531250 0.0359375
2 0.4755208 0.5605469 0.0302083 0.0929688
2 0.4132812 0.6062500 0.0317708 0.0859375
5 0.5309896 0.4292969 0.0411458 0.0679687
2 0.4835937 0.3296875 0.0557292 0.0421875
0 0.5322917 0.2578125 0.0427083 0.0828125
5 0.6546875 0.4484375 0.0427083 0.0781250
1 0.4153646 0.5632812 0.0598958 0.0484375
4 0.5315104 0.1082031 0.0369792 0.0742188
0 0.5200521 0.5437500 0.0640625 0.0484375
5 0.4971354 0.3949219 0.0567708 0.0445313
0 0.4208333 0.6066406 0.0281250 0.0867187
1 0.4867187 0.8875000 0.0526042 0.0656250
3 0.5901042 0.6332031 0.0302083 0.0695313
1 0.4895833 0.9113281 0.0375000 0.0710937
4 0.5932292 0.4972656 0.0510417 0.0507812
1 0.7934896 0.6839844 0.0609375 0.0492187
5 0.6317708 0.3769531 0.0437500 0.0679687
0 0.3651042 0.4847656 0.0375000 0.0820312
4 0.6067708 0.3160156 0.0489583 0.0648438
4 0.3640625 0.3722656 0.0552083 0.0585938
5 0.7843750 0.6011719 0.0479167 0.0679687
1 0.4601562 0.6617188 0.0380208 0.0890625
3 0.4640625 0.3945312 0.0343750 0.0609375
5 0.5364583 0.7589844 0.0406250 0.0773438
2 0.2885417 0.6304688 0.0593750 0.0359375
2 0.4971354 0.4882812 0.0390625 0.0437500
5 0.6255208 0.2613281 0.0322917 0.0914062
2 0.5484375 0.3960938 0.0291667 0.0609375
2 0.6125000 0.5640625 0.0583333 0.0562500
0 0.5403646 0.0769531 0.0380208 0.0804688
2 0.7174479 0.3523438 0.0244792 0.0750000
5 0.4520833 0.6781250 0.0395833 0.0671875
3 0.3742187 0.3652344 0.0588542 0.0539063
3 0.5697917 0.3902344 0.0635417 0.0351562
0 0.5117188 0.4968750 0.0286458 0.0812500
0 0.6414062 0.4816406 0.0567708 0.0429688
2 0.6684896 0.6656250 0.0317708 0.0718750
1 0.3416667 0.3886719 0.0583333 0.0554687
4 0.6382813 0.7539062 0.0598958 0.0484375
2 0.6580729 0.2437500 0.0463542 0.0828125
0 0.5244792 0.6488281 0.0322917 0.0539063
4 0.4445312 0.0546875 0.0536458 0.0671875
5 0.4403646 0.1496094 0.0390625 0.0835937
5 0.6619792 0.5281250 0.0250000 0.0421875
0 0.5268229 0.6023437 0.0338542 0.0796875
0 0.5221354 0.5195312 0.0536458 0.0750000
1 0.3033854 0.2964844 0.0421875 0.0492187
1 0.4802083 0.1117188 0.0500000 0.0500000
5 0.6395833 0.6281250 0.0281250 0.0468750
2 0.2919271 0.6976562 0.0505208 0.0609375
2 0.4125000 0.4382813 0.0614583 0.0546875
2 0.6322917 0.4968750 0.0531250 0.0421875
2 0.6440104 0.8406250 0.0567708 0.0546875
0 0.5776042 0.6234375 0.0416667 0.0500000
11 0.5276042 0.8511719 0.0541667 0.0710937
9 0.6445312 0.4878906 0.0338542 0.0554687
10 0.4880208 0.2222656 0.0375000 0.0835937
8 0.5520833 0.2433594 0.0552083 0.0898438
7 0.3614583 0.2359375 0.0364583 0.0859375
10 0.6088542 0.0921875 0.0541667 0.0843750
7 0.7109375 0.7640625 0.0510417 0.0859375
7 0.5997396 0.4402344 0.0484375 0.0585938
9 0.6830729 0.3285156 0.0567708 0.0570312
9 0.6747396 0.5097656 0.0598958 0.0648438
11 0.6854167 0.4558594 0.0572917 0.0867187
7 0.6226563 0.9578125 0.0421875 0.0828125
