4 0.4921875 0.3300781 0.0958333 0.2445313
2 0.1005208 0.4410156 0.1510417 0.1851562
2 0.3921875 0.1574219 0.1260417 0.1507813
4 0.6880208 0.4000000 0.1843750 0.1765625
3 0.4757812 0.2269531 0.1151042 0.1085938
1 0.1804688 0.2742188 0.1651042 0.1500000
5 0.6031250 0.5597656 0.1729167 0.1460937
4 0.6414062 0.6511719 0.1567708 0.1351563
1 0.4869792 0.5328125 0.1354167 0.2390625
1 0.4132812 0.3402344 0.1838542 0.1226562
4 0.5622396 0.3414063 0.1494792 0.1406250
3 0.6114583 0.8347656 0.1760417 0.1242188
4 0.4476562 0.0800781 0.0994792 0.1601562
2 0.4664063 0.8847656 0.0828125 0.2257812
2 0.3505208 0.6062500 0.0760417 0.1968750
7 0.6747396 0.3003906 0.1713542 0.2273438
9 0.6770833 0.6230469 0.1052083 0.1570313
11 0.6677083 0.5847656 0.1666667 0.1773437
9 0.6317708 0.6351562 0.1583333 0.2281250
8 0.7049479 0.7000000 0.1557292 0.1703125
7 0.7572917 0.6980469 0.1500000 0.1992188
9 0.5364583 0.2515625 0.1208333 0.2312500
8 0.4283854 0.5515625 0.1859375 0.1812500
7 0.7348958 0.3074219 0.1531250 0.1507813
10 0.7080729 0.6312500 0.1567708 0.1546875
11 0.5815104 0.3140625 0.1276042 0.2156250
10 0.7815104 0.3171875 0.1640625 0.1875000
11 0.7424479 0.9000000 0.1609375 0.1984375
6 0.5052083 0.0625000 0.1031250 0.1250000
9 0.3325521 0.6761719 0.1557292 0.1757812
10 0.3716146 0.8382812 0.1286458 0.1484375
