4 0.6289062 0.2480469 0.1453125 0.1007813
2 0.1776042 0.4882812 0.1250000 0.1484375
2 0.7802083 0.5414062 0.1020833 0.1343750
0 0.4945312 0.2382812 0.0723958 0.1984375
5 0.7203125 0.7074219 0.1010417 0.0992187
3 0.3778646 0.5003906 0.0838542 0.0992187
5 0.7075521 0.5015625 0.0921875 0.1609375
1 0.7403646 0.3265625 0.1328125 0.0796875
4 0.3710938 0.2789063 0.1036458 0.1515625
4 0.6736979 0.6847656 0.1265625 0.1148437
0 0.3937500 0.5066406 0.0864583 0.1117188
2 0.5960937 0.4617188 0.1203125 0.0781250
2 0.6091146 0.6761719 0.1067708 0.1679688
2 0.4106771 0.3753906 0.0546875 0.1226562
5 0.5867187 0.3515625 0.0755208 0.1187500
1 0.5200521 0.3312500 0.1411458 0.0875000
5 0.7382812 0.6062500 0.1317708 0.0953125
3 0.6932292 0.8453125 0.1239583 0.1031250
3 0.6265625 0.4683594 0.1093750 0.1070312
1 0.3648438 0.7535156 0.0671875 0.2273438
2 0.4606771 0.4925781 0.1328125 0.1007813
2 0.3239583 0.5378906 0.0645833 0.1570313
4 0.4059896 0.7632813 0.1369792 0.0906250
0 0.4960938 0.7363281 0.1046875 0.0929688
4 0.6781250 0.5824219 0.1166667 0.1320312
1 0.3117187 0.3996094 0.0880208 0.1257813
3 0.6851563 0.6582031 0.1369792 0.0945312
1 0.5710937 0.5027344 0.0880208 0.1507813
0 0.7283854 0.3976562 0.1078125 0.1671875
3 0.6369792 0.7937500 0.0968750 0.1203125
3 0.5309896 0.5207031 0.1234375 0.0914062
3 0.6625000 0.8148437 0.0927083 0.1890625
2 0.2927083 0.2687500 0.0760417 0.0859375
2 0.2348958 0.3453125 0.1437500 0.1078125
5 0.6726562 0.3207031 0.0796875 0.1570313
4 0.2671875 0.3910156 0.1250000 0.0960938
2 0.5924479 0.6789063 0.0765625 0.0890625
1 0.7414063 0.3613281 0.1255208 0.1085938
4 0.6127604 0.8585938 0.0671875 0.1593750
4 0.6500000 0.3832031 0.1218750 0.0867187
4 0.6442708 0.2816406 0.0770833 0.1789062
4 0.3046875 0.7253906 0.1395833 0.0914062
1 0.3781250 0.8050781 0.1218750 0.1460937
2 0.7658854 0.4691406 0.0807292 0.1414063
4 0.4695313 0.3164062 0.1140625 0.1437500
5 0.6088542 0.6113281 0.1270833 0.0914062
5 0.5119792 0.2621094 0.0968750 0.1648438
0 0.4807292 0.4511719 0.1052083 0.1367188
5 0.5552083 0.7585937 0.0760417 0.1296875
0 0.3994792 0.4054687 0.1114583 0.1046875
3 0.3414063 0.5765625 0.0807292 0.1468750
4 0.5979167 0.2781250 0.0843750 0.1703125
1 0.6130208 0.2343750 0.0854167 0.1859375
5 0.2307292 0.7476563 0.1333333 0.1046875
1 0.5067708 0.2296875 0.0885417 0.1265625
5 0.6153646 0.8996094 0.0526042 0.1945312
2 0.6619792 0.3402344 0.1302083 0.1414063
1 0.3531250 0.7195312 0.1250000 0.1718750
1 0.5380208 0.3988281 0.0708333 0.1273438
0 0.6325521 0.5292969 0.0661458 0.1914062
4 0.6794271 0.4527344 0.0921875 0.1226562
1 0.6330729 0.6656250 0.1411458 0.1015625
1 0.4679687 0.1433594 0.0828125 0.1710937
3 0.2966146 0.8562500 0.0671875 0.1453125
3 0.6966146 0.4304688 0.1317708 0.1000000
1 0.4005208 0.6554688 0.0906250 0.1359375
3 0.7208333 0.8746094 0.1364583 0.1320312
4 0.6203125 0.5671875 0.0822917 0.1546875
0 0.8010417 0.5125000 0.0843750 0.1421875
6 0.3690104 0.3183594 0.1265625 0.1304687
11 0.4578125 0.8839844 0.0781250 0.1710937
9 0.7682292 0.4996094 0.1333333 0.1367188
