4 0.4716146 0.7410156 0.0661458 0.0492187
0 0.3885417 0.4515625 0.0593750 0.0906250
2 0.5119792 0.0609375 0.0375000 0.1031250
1 0.6648437 0.6753906 0.0588542 0.0539063
0 0.4192708 0.2402344 0.0395833 0.0789062
0 0.3841146 0.2578125 0.0744792 0.0671875
3 0.5466146 0.5792969 0.0307292 0.0851563
5 0.5333333 0.7062500 0.0343750 0.0625000
3 0.5231771 0.3250000 0.0619792 0.0718750
4 0.6125000 0.5371094 0.0770833 0.0679687
2 0.3059896 0.4960938 0.0411458 0.0796875
1 0.4885417 0.4765625 0.0322917 0.0671875
2 0.3023438 0.3640625 0.0494792 0.0750000
2 0.4531250 0.2257812 0.0770833 0.0515625
1 0.4062500 0.5914063 0.0614583 0.0812500
2 0.4908854 0.7742187 0.0609375 0.0593750
0 0.5687500 0.4515625 0.0739583 0.0484375
0 0.6549479 0.3441406 0.0765625 0.0460938
1 0.6541667 0.6847656 0.0708333 0.0601563
2 0.3377604 0.3152344 0.0484375 0.1132812
1 0.4554687 0.4175781 0.0411458 0.0945312
0 0.5234375 0.3625000 0.0604167 0.0656250
5 0.3382812 0.5226563 0.0369792 0.0703125
0 0.6335937 0.4855469 0.0390625 0.0585938
0 0.2742188 0.4988281 0.0505208 0.0710937
3 0.6078125 0.7343750 0.0770833 0.0546875
3 0.3471354 0.5789062 0.0713542 0.0500000
3 0.5757813 0.6496094 0.0630208 0.0851563
3 0.3656250 0.5066406 0.0312500 0.0726563
3 0.4031250 0.3773437 0.0697917 0.0578125
5 0.5276042 0.2945313 0.0541667 0.0843750
2 0.7013021 0.3769531 0.0536458 0.0820312
1 0.5773438 0.2121094 0.0640625 0.0476562
5 0.6692708 0.2652344 0.0364583 0.0789062
1 0.5664062 0.6054688 0.0723958 0.0515625
1 0.2390625 0.4507813 0.0583333 0.0531250
1 0.7005208 0.5527344 0.0739583 0.0585938
3 0.3013021 0.7640625 0.0421875 0.1109375
0 0.5372396 0.8960938 0.0609375 0.0828125
3 0.6166667 0.1980469 0.0750000 0.0601563
5 0.2445313 0.7113281 0.0432292 0.1132812
1 0.3531250 0.7093750 0.0645833 0.0453125
4 0.3466146 0.3476562 0.0536458 0.0968750
4 0.3578125 0.4261719 0.0406250 0.0757812
5 0.6320313 0.3566406 0.0369792 0.1164063
3 0.5679688 0.5960937 0.0776042 0.0546875
0 0.6377604 0.7957031 0.0744792 0.0570312
4 0.7661458 0.6179687 0.0687500 0.0734375
3 0.5270833 0.4628906 0.0395833 0.0882813
5 0.3122396 0.5984375 0.0776042 0.0671875
4 0.5760417 0.4210937 0.0291667 0.0640625
2 0.4169271 0.9406250 0.0380208 0.0671875
5 0.7098958 0.4894531 0.0281250 0.0929688
5 0.3671875 0.6640625 0.0656250 0.0843750
1 0.5507812 0.2644531 0.0578125 0.0804688
1 0.5835938 0.4304688 0.0348958 0.0640625
0 0.4661458 0.2101562 0.0510417 0.0968750
1 0.7052083 0.2964844 0.0697917 0.0492187
2 0.6765625 0.2902344 0.0677083 0.0523438
8 0.3416667 0.3636719 0.0656250 0.0867187
8 0.2875000 0.5156250 0.0708333 0.0687500
11 0.7078125 0.3031250 0.0427083 0.0984375
8 0.5393229 0.4648438 0.0671875 0.0796875
11 0.6244792 0.6996094 0.0447917 0.0992187
8 0.6744792 0.3191406 0.0645833 0.0710937
9 0.5098958 0.5335937 0.0427083 0.0984375
11 0.3156250 0.5011719 0.0645833 0.0617188
11 0.7786458 0.6906250 0.0572917 0.1015625
11 0.3851562 0.3878906 0.0640625 0.0945312
7 0.4361979 0.6820312 0.0421875 0.0625000
9 0.5942708 0.2292969 0.0666667 0.0664062
7 0.6432292 0.8835937 0.0572917 0.0640625
7 0.2049479 0.4417969 0.0567708 0.0648438
