3 0.3010417 0.5761719 0.0677083 0.1117188
0 0.5335937 0.2027344 0.1203125 0.0804688
5 0.5028646 0.4699219 0.0567708 0.1007813
2 0.6403646 0.4750000 0.0692708 0.1203125
5 0.3716146 0.8007812 0.0609375 0.1921875
2 0.7625000 0.7335938 0.1177083 0.1062500
4 0.6380208 0.7957031 0.1166667 0.0960938
4 0.5263021 0.2644531 0.1171875 0.1007813
5 0.7125000 0.3312500 0.1000000 0.1078125
2 0.6263021 0.1625000 0.0776042 0.1843750
5 0.6252604 0.5433594 0.0588542 0.1226562
2 0.3445313 0.1921875 0.1213542 0.1031250
4 0.4432292 0.7511719 0.0614583 0.1726563
0 0.5768229 0.7734375 0.0588542 0.1781250
0 0.5515625 0.1210938 0.0875000 0.1156250
1 0.6854167 0.8328125 0.1333333 0.0843750
0 0.5231771 0.6085938 0.0671875 0.1515625
4 0.5682292 0.5980469 0.0572917 0.1039063
1 0.7179688 0.3601563 0.1192708 0.0843750
5 0.4554687 0.4742188 0.1213542 0.0875000
4 0.5536458 0.0722656 0.1239583 0.1070312
3 0.3864583 0.7750000 0.0791667 0.0968750
4 0.6151042 0.7753906 0.1291667 0.1148437
4 0.6661458 0.2671875 0.0593750 0.1218750
3 0.4296875 0.6066406 0.0750000 0.1585938
5 0.3752604 0.8214844 0.1026042 0.1757812
3 0.4828125 0.6847656 0.0593750 0.1757812
1 0.2796875 0.2742188 0.1312500 0.0859375
3 0.4346354 0.4031250 0.0953125 0.1031250
4 0.5932292 0.6535156 0.0677083 0.1632812
3 0.7151042 0.7691406 0.0958333 0.0945312
4 0.5596354 0.4031250 0.0755208 0.1796875
1 0.3072917 0.2480469 0.0656250 0.1289062
5 0.2578125 0.3621094 0.1302083 0.0835937
4 0.6971354 0.2062500 0.1286458 0.0843750
3 0.4096354 0.5179687 0.1223958 0.0875000
0 0.5044271 0.3691406 0.1046875 0.1195313
5 0.4875000 0.5359375 0.1156250 0.1218750
2 0.6072917 0.8386719 0.1218750 0.0945312
5 0.6492187 0.6390625 0.0630208 0.1968750
4 0.4161458 0.2003906 0.0625000 0.1148437
0 0.5924479 0.6718750 0.1276042 0.1125000
0 0.6273437 0.2230469 0.0713542 0.1476562
0 0.3093750 0.5730469 0.1208333 0.1492188
2 0.5854167 0.7039062 0.0937500 0.1125000
0 0.3846354 0.8015625 0.1203125 0.0906250
2 0.2059896 0.5015625 0.0744792 0.0968750
2 0.3453125 0.3003906 0.1125000 0.0992187
2 0.4664063 0.4695313 0.1109375 0.0750000
3 0.5786458 0.6894531 0.1083333 0.1507813
5 0.6174479 0.3796875 0.1213542 0.0859375
3 0.3851562 0.2769531 0.0786458 0.1085938
3 0.6122396 0.6589844 0.1171875 0.1007813
1 0.7182292 0.3027344 0.1177083 0.0710937
4 0.4401042 0.4152344 0.0656250 0.1320312
2 0.4986979 0.3632812 0.0796875 0.1812500
0 0.3773437 0.9382812 0.1255208 0.1000000
5 0.4804688 0.1597656 0.0661458 0.2085937
5 0.6104167 0.5937500 0.1177083 0.1000000
3 0.5809896 0.6542969 0.0942708 0.1132812
4 0.3770833 0.8617187 0.0656250 0.1515625
1 0.7057292 0.5207031 0.1312500 0.1195313
4 0.5145833 0.8957031 0.0645833 0.1898438
1 0.6406250 0.2929688 0.1197917 0.1078125
3 0.3906250 0.6394531 0.0593750 0.1117188
2 0.5635417 0.8691406 0.0583333 0.1226562
0 0.6184896 0.6574219 0.1151042 0.1054688
4 0.7031250 0.6628906 0.1093750 0.0851563
5 0.3117187 0.1824219 0.0828125 0.1304687
3 0.3703125 0.1164063 0.1104167 0.0921875
1 0.5648437 0.4964844 0.1421875 0.1054688
0 0.7177083 0.7164063 0.1250000 0.0890625
5 0.7859375 0.5234375 0.1375000 0.0968750
10 0.7036458 0.2882812 0.1218750 0.1203125
10 0.6565104 0.3992188 0.0796875 0.1250000
6 0.7192708 0.7945313 0.1072917 0.1171875
8 0.5088542 0.4289062 0.0875000 0.1093750
7 0.2486979 0.4878906 0.1151042 0.1117188
11 0.4453125 0.6843750 0.0791667 0.1187500
10 0.7169271 0.7605469 0.1213542 0.1257813
7 0.3677083 0.3675781 0.0760417 0.1742188
11 0.6213542 0.4359375 0.0979167 0.1125000
8 0.6184896 0.3214844 0.1098958 0.1367188
7 0.7940104 0.3707031 0.1151042 0.1148437
7 0.5359375 0.7085938 0.1052083 0.1078125
