4 0.3869792 0.5687500 0.0260417 0.0421875
1 0.4317708 0.6683594 0.0218750 0.0398437
1 0.6315104 0.6027344 0.0234375 0.0367188
1 0.5424479 0.7714844 0.0255208 0.0617188
5 0.5257812 0.5078125 0.0328125 0.0531250
1 0.3054688 0.8957031 0.0223958 0.0679687
1 0.3606771 0.3597656 0.0265625 0.0398437
1 0.6458333 0.6777344 0.0208333 0.0632812
2 0.4216146 0.1312500 0.0244792 0.0593750
5 0.5229167 0.2675781 0.0416667 0.0460938
0 0.5583333 0.3292969 0.0458333 0.0382813
4 0.6286458 0.5183594 0.0229167 0.0445313
11 0.6263021 0.2453125 0.0453125 0.0484375
8 0.5716146 0.6332031 0.0307292 0.0710937
10 0.7395833 0.3328125 0.0333333 0.0593750
8 0.6473958 0.5855469 0.0395833 0.0570312
11 0.5968750 0.1597656 0.0395833 0.0398437
