1 0.5658854 0.6683594 0.0598958 0.0460938
3 0.5817708 0.5445313 0.0281250 0.0953125
4 0.4364583 0.4542969 0.0729167 0.0539063
0 0.4210937 0.5398437 0.0390625 0.0750000
5 0.5494792 0.6769531 0.0666667 0.0476562
4 0.5937500 0.3753906 0.0677083 0.0414062
1 0.6138021 0.3031250 0.0369792 0.0937500
4 0.4666667 0.1019531 0.0520833 0.1007813
1 0.6278646 0.6054688 0.0505208 0.0765625
3 0.6750000 0.3257813 0.0697917 0.0531250
0 0.2971354 0.5441406 0.0734375 0.0492187
1 0.6570312 0.3871094 0.0765625 0.0570312
2 0.5533854 0.3687500 0.0692708 0.0515625
3 0.6963542 0.5871094 0.0479167 0.0976562
3 0.7052083 0.4390625 0.0729167 0.0640625
2 0.4825521 0.5843750 0.0588542 0.0765625
4 0.4164062 0.4726562 0.0671875 0.0515625
1 0.7382812 0.7875000 0.0515625 0.0484375
2 0.3981771 0.8710938 0.0640625 0.0734375
5 0.6536458 0.2453125 0.0375000 0.0828125
3 0.7190104 0.5660156 0.0671875 0.0539063
2 0.5343750 0.3910156 0.0427083 0.0945312
3 0.4041667 0.3640625 0.0656250 0.0453125
0 0.6091146 0.4191406 0.0411458 0.0773438
4 0.6833333 0.7363281 0.0500000 0.0648438
3 0.6760417 0.2160156 0.0447917 0.0976562
1 0.3976562 0.5734375 0.0598958 0.0562500
0 0.5221354 0.6597656 0.0380208 0.1070312
2 0.3822917 0.7136719 0.0510417 0.0679687
3 0.6361979 0.4285156 0.0609375 0.0429688
0 0.5382813 0.6675781 0.0661458 0.0617188
3 0.2424479 0.4976563 0.0526042 0.0406250
2 0.6453125 0.4117188 0.0562500 0.0421875
0 0.6864583 0.4019531 0.0645833 0.0679687
0 0.4361979 0.6808594 0.0276042 0.0367188
1 0.6674479 0.4656250 0.0567708 0.0734375
4 0.6335937 0.6500000 0.0369792 0.0750000
4 0.6567708 0.4109375 0.0406250 0.0531250
4 0.6312500 0.7089844 0.0604167 0.0664062
4 0.7268229 0.5039062 0.0473958 0.0703125
3 0.4776042 0.5203125 0.0468750 0.0546875
5 0.4106771 0.9125000 0.0484375 0.0921875
3 0.2867188 0.7367187 0.0703125 0.0593750
5 0.5476562 0.0421875 0.0369792 0.0843750
3 0.6635417 0.2820313 0.0375000 0.0734375
2 0.3341146 0.5500000 0.0682292 0.0484375
2 0.4796875 0.2894531 0.0343750 0.0835937
5 0.6877604 0.8058594 0.0328125 0.0632812
2 0.5575521 0.6292969 0.0369792 0.1054688
4 0.3322917 0.4246094 0.0489583 0.0617188
8 0.4078125 0.6113281 0.0447917 0.0679687
