0 0.4291667 0.7648438 0.1260417 0.1843750
0 0.6526042 0.4062500 0.1166667 0.1562500
2 0.2195313 0.4117188 0.0682292 0.1531250
5 0.3625000 0.2949219 0.0760417 0.2210938
0 0.6744792 0.2894531 0.1666667 0.1242188
0 0.6526042 0.8824219 0.1052083 0.1117188
0 0.6692708 0.9703125 0.1177083 0.0578125
5 0.3309896 0.1804688 0.1526042 0.0968750
1 0.2614583 0.5062500 0.1572917 0.1234375
5 0.3494792 0.2679687 0.0781250 0.1843750
3 0.7552083 0.4593750 0.1583333 0.1281250
0 0.4687500 0.7207031 0.0937500 0.1648438
2 0.3690104 0.6429687 0.1348958 0.1484375
3 0.6500000 0.2917969 0.1677083 0.1382812
3 0.5166667 0.4812500 0.1343750 0.1093750
2 0.5109375 0.3109375 0.1135417 0.1312500
4 0.6481771 0.6753906 0.0619792 0.1429688
1 0.4638021 0.9191406 0.1203125 0.1601562
5 0.3026042 0.6421875 0.0708333 0.1453125
0 0.3588542 0.7957031 0.1114583 0.1132812
3 0.5226563 0.7816406 0.0828125 0.2367188
4 0.3281250 0.4296875 0.1458333 0.0859375
5 0.6177083 0.0468750 0.0729167 0.0937500
0 0.6955729 0.4386719 0.1598958 0.0914062
0 0.6007813 0.5140625 0.1401042 0.2046875
2 0.6643229 0.7117187 0.0755208 0.2000000
0 0.5914063 0.4671875 0.0869792 0.2328125
2 0.3684896 0.7941406 0.1578125 0.1195313
0 0.4041667 0.2843750 0.0812500 0.1609375
5 0.3437500 0.0863281 0.0854167 0.1726563
0 0.4736979 0.1988281 0.0973958 0.1898438
1 0.2781250 0.4941406 0.1333333 0.1148437
2 0.5861979 0.6136719 0.1244792 0.2070312
2 0.7429687 0.6578125 0.1411458 0.1171875
3 0.3726563 0.4953125 0.1057292 0.1187500
3 0.3955729 0.1035156 0.0880208 0.1554687
3 0.2442708 0.3171875 0.1520833 0.1062500
3 0.5565104 0.4531250 0.1192708 0.1828125
0 0.3000000 0.3769531 0.1552083 0.0992187
3 0.5161458 0.8441406 0.1354167 0.1085938
5 0.3973958 0.5414062 0.0864583 0.1906250
0 0.1500000 0.5425781 0.1322917 0.1976563
5 0.6968750 0.1531250 0.1510417 0.0968750
3 0.6497396 0.8800781 0.1463542 0.1492188
0 0.7570313 0.2546875 0.0703125 0.2046875
5 0.6143229 0.0597656 0.1182292 0.1164063
5 0.5177083 0.3890625 0.0833333 0.2312500
2 0.7367187 0.2257812 0.0848958 0.2015625
0 0.8088542 0.8312500 0.1447917 0.1218750
4 0.6703125 0.4894531 0.0906250 0.1539062
1 0.6736979 0.2542969 0.1401042 0.1289062
5 0.3643229 0.5914063 0.0682292 0.1406250
1 0.7203125 0.5101562 0.1437500 0.1890625
3 0.6234375 0.6910156 0.1447917 0.1867187
5 0.4390625 0.3800781 0.1302083 0.1195313
1 0.4401042 0.1214844 0.1052083 0.2085937
1 0.5932292 0.5363281 0.1343750 0.1179687
2 0.4760417 0.9070312 0.0729167 0.1843750
1 0.4088542 0.3726563 0.1406250 0.1328125
2 0.6174479 0.7164063 0.1567708 0.1125000
2 0.5434896 0.2507813 0.1536458 0.1453125
6 0.5270833 0.2871094 0.0854167 0.1804688
9 0.6651042 0.0734375 0.0979167 0.1468750
9 0.5078125 0.7097656 0.1489583 0.2257812
