5 0.3494792 0.4144531 0.0343750 0.0570312
1 0.3703125 0.5738281 0.0458333 0.0507812
4 0.5981771 0.2812500 0.0380208 0.0593750
1 0.5744792 0.7667969 0.0500000 0.0492187
3 0.5677083 0.4718750 0.0510417 0.0406250
0 0.5289063 0.7324219 0.0557292 0.0351562
4 0.2450521 0.6222656 0.0328125 0.0710937
5 0.4533854 0.5039062 0.0369792 0.0484375
5 0.6958333 0.3007812 0.0260417 0.0390625
2 0.7192708 0.5453125 0.0541667 0.0390625
5 0.5091146 0.2601562 0.0286458 0.0750000
5 0.6158854 0.5558594 0.0338542 0.0539063
3 0.6932292 0.7074219 0.0541667 0.0398437
2 0.7434896 0.8535156 0.0557292 0.0398437
3 0.6882812 0.4679687 0.0390625 0.0687500
4 0.2773438 0.6718750 0.0296875 0.0796875
5 0.6255208 0.7898437 0.0447917 0.0375000
0 0.5205729 0.5871094 0.0505208 0.0523438
2 0.6398438 0.9820313 0.0255208 0.0343750
2 0.6786458 0.2082031 0.0385417 0.0773438
0 0.6419271 0.6265625 0.0473958 0.0343750
5 0.6065104 0.7003906 0.0421875 0.0320312
2 0.4583333 0.7121094 0.0343750 0.0476562
3 0.6494792 0.4203125 0.0322917 0.0734375
4 0.4440104 0.2121094 0.0369792 0.0445313
1 0.3114583 0.6464844 0.0541667 0.0460938
3 0.5151042 0.4027344 0.0447917 0.0601563
3 0.2822917 0.4949219 0.0437500 0.0695313
3 0.4062500 0.3191406 0.0395833 0.0617188
0 0.2864583 0.4917969 0.0281250 0.0320312
3 0.5765625 0.6457031 0.0364583 0.0632812
3 0.6158854 0.4507813 0.0390625 0.0468750
4 0.5497396 0.5519531 0.0473958 0.0507812
5 0.3330729 0.4859375 0.0286458 0.0359375
1 0.7526042 0.3937500 0.0239583 0.0546875
3 0.4742188 0.3835938 0.0411458 0.0593750
2 0.4330729 0.7863281 0.0505208 0.0429688
2 0.5947917 0.8414063 0.0291667 0.0390625
4 0.6424479 0.4785156 0.0505208 0.0414062
2 0.3820312 0.4238281 0.0515625 0.0507812
1 0.5640625 0.4078125 0.0291667 0.0656250
5 0.4929688 0.5046875 0.0338542 0.0578125
3 0.3984375 0.7476563 0.0291667 0.0375000
4 0.4486979 0.1589844 0.0432292 0.0539063
4 0.2867188 0.6066406 0.0557292 0.0335937
4 0.6763021 0.7945313 0.0223958 0.0375000
5 0.4135417 0.5578125 0.0354167 0.0359375
5 0.6002604 0.2460938 0.0317708 0.0609375
4 0.7502604 0.7093750 0.0296875 0.0359375
5 0.5325521 0.9925781 0.0213542 0.0132812
2 0.4708333 0.7929688 0.0458333 0.0578125
0 0.5223958 0.1121094 0.0354167 0.0429688
5 0.2619792 0.5703125 0.0270833 0.0375000
0 0.5184896 0.8875000 0.0526042 0.0546875
1 0.6562500 0.8699219 0.0343750 0.0695313
2 0.5546875 0.6066406 0.0385417 0.0742188
0 0.8148437 0.4312500 0.0453125 0.0437500
1 0.7000000 0.3445313 0.0395833 0.0437500
5 0.5119792 0.8078125 0.0354167 0.0546875
2 0.7140625 0.4296875 0.0250000 0.0421875
3 0.7125000 0.4347656 0.0500000 0.0335937
5 0.5486979 0.3578125 0.0296875 0.0703125
5 0.4343750 0.3519531 0.0510417 0.0414062
1 0.4197917 0.6355469 0.0395833 0.0570312
3 0.5856771 0.8710938 0.0526042 0.0390625
0 0.3648438 0.2449219 0.0432292 0.0320312
0 0.4476562 0.8523437 0.0421875 0.0656250
3 0.5169271 0.4320312 0.0255208 0.0625000
4 0.6830729 0.3585937 0.0463542 0.0718750
1 0.5869792 0.6621094 0.0468750 0.0445313
0 0.5372396 0.5539063 0.0411458 0.0390625
2 0.4927083 0.7976562 0.0375000 0.0734375
7 0.7028646 0.5550781 0.0494792 0.0554687
9 0.4510417 0.6097656 0.0458333 0.0460938
9 0.3770833 0.7078125 0.0437500 0.0750000
10 0.7958333 0.4707031 0.0531250 0.0601563
9 0.4203125 0.9199219 0.0489583 0.0710937
11 0.3507812 0.2226562 0.0411458 0.0734375
7 0.7190104 0.4617188 0.0505208 0.0546875
7 0.6161458 0.2628906 0.0437500 0.0710937
