0 0.8000000 0.5585938 0.0395833 0.0390625
3 0.3348958 0.3250000 0.0250000 0.0437500
2 0.5244792 0.4277344 0.0270833 0.0273438
4 0.8117188 0.6378906 0.0317708 0.0429688
1 0.6421875 0.8929687 0.0270833 0.0609375
2 0.5382813 0.2628906 0.0338542 0.0382813
0 0.5518229 0.7792969 0.0255208 0.0289063
4 0.3708333 0.3558594 0.0291667 0.0367188
3 0.7065104 0.5082031 0.0401042 0.0414062
5 0.5807292 0.5222656 0.0343750 0.0492187
1 0.8119792 0.5812500 0.0250000 0.0484375
4 0.4460938 0.5937500 0.0182292 0.0250000
0 0.5783854 0.5136719 0.0359375 0.0320312
0 0.4752604 0.1363281 0.0296875 0.0476562
5 0.6135417 0.4503906 0.0458333 0.0304687
1 0.5057292 0.9300781 0.0218750 0.0664062
3 0.6757812 0.5121094 0.0369792 0.0273438
1 0.3567708 0.4843750 0.0177083 0.0390625
4 0.7122396 0.7203125 0.0390625 0.0250000
3 0.5359375 0.6191406 0.0239583 0.0617188
0 0.5833333 0.2976563 0.0250000 0.0468750
0 0.4591146 0.4484375 0.0442708 0.0296875
5 0.4166667 0.5164062 0.0354167 0.0406250
4 0.5710937 0.5984375 0.0286458 0.0531250
0 0.6888021 0.3964844 0.0380208 0.0414062
4 0.6213542 0.7976562 0.0395833 0.0343750
1 0.4104167 0.6445312 0.0260417 0.0625000
5 0.5328125 0.3335938 0.0302083 0.0343750
1 0.7291667 0.6949219 0.0343750 0.0335937
0 0.4984375 0.5687500 0.0385417 0.0296875
2 0.4875000 0.4121094 0.0395833 0.0398437
6 0.5278646 0.6871094 0.0369792 0.0507812
6 0.5216146 0.3984375 0.0380208 0.0531250
11 0.3820312 0.6425781 0.0369792 0.0382813
