1 0.6877604 0.2988281 0.0244792 0.0367188
5 0.5041667 0.7757812 0.0291667 0.0312500
1 0.3203125 0.5152344 0.0260417 0.0398437
5 0.5958333 0.7089844 0.0322917 0.0289063
2 0.5153646 0.1855469 0.0369792 0.0414062
5 0.5263021 0.7492188 0.0203125 0.0515625
4 0.4947917 0.4027344 0.0322917 0.0398437
5 0.7812500 0.5816406 0.0333333 0.0351562
2 0.4028646 0.2878906 0.0161458 0.0523438
1 0.2473958 0.4925781 0.0166667 0.0414062
1 0.4085937 0.4527344 0.0317708 0.0445313
1 0.4781250 0.4628906 0.0218750 0.0460938
2 0.5098958 0.1464844 0.0250000 0.0398437
2 0.6187500 0.2957031 0.0187500 0.0570312
4 0.6955729 0.5472656 0.0369792 0.0242188
1 0.3562500 0.4277344 0.0333333 0.0242188
3 0.6356771 0.5250000 0.0296875 0.0312500
4 0.5742188 0.5085937 0.0338542 0.0453125
5 0.6278646 0.4542969 0.0369792 0.0335937
3 0.4875000 0.5140625 0.0302083 0.0312500
0 0.3158854 0.5257812 0.0296875 0.0312500
5 0.5398437 0.4757812 0.0369792 0.0296875
1 0.4713542 0.3187500 0.0343750 0.0265625
5 0.5088542 0.6824219 0.0364583 0.0242188
2 0.6023437 0.3976562 0.0359375 0.0343750
5 0.7734375 0.6410156 0.0322917 0.0273438
3 0.6533854 0.5347656 0.0213542 0.0539063
4 0.4020833 0.7132812 0.0239583 0.0484375
1 0.7773438 0.4625000 0.0182292 0.0546875
2 0.6299479 0.6007813 0.0161458 0.0296875
2 0.7328125 0.3953125 0.0291667 0.0343750
0 0.4705729 0.2843750 0.0296875 0.0281250
3 0.2682292 0.7558594 0.0385417 0.0242188
2 0.5947917 0.5328125 0.0187500 0.0468750
4 0.6434896 0.4117188 0.0390625 0.0234375
5 0.7653646 0.4386719 0.0380208 0.0382813
5 0.6182292 0.4996094 0.0343750 0.0257812
0 0.4895833 0.2339844 0.0229167 0.0445313
0 0.3687500 0.4242187 0.0281250 0.0453125
4 0.4750000 0.5996094 0.0197917 0.0539063
5 0.4984375 0.3804688 0.0229167 0.0312500
2 0.5143229 0.2371094 0.0255208 0.0273438
2 0.5760417 0.0992187 0.0250000 0.0453125
0 0.6859375 0.5199219 0.0343750 0.0257812
1 0.4609375 0.7105469 0.0333333 0.0242188
2 0.4578125 0.1953125 0.0218750 0.0562500
3 0.4578125 0.2718750 0.0260417 0.0250000
2 0.5591146 0.3343750 0.0244792 0.0531250
4 0.7679687 0.2687500 0.0223958 0.0484375
4 0.5315104 0.7496094 0.0171875 0.0570312
5 0.5328125 0.6984375 0.0197917 0.0531250
3 0.6184896 0.5722656 0.0390625 0.0304687
0 0.3580729 0.1417969 0.0203125 0.0539063
0 0.4570312 0.6851563 0.0182292 0.0406250
2 0.6325521 0.5882812 0.0244792 0.0328125
5 0.5479167 0.5828125 0.0375000 0.0281250
4 0.4559896 0.2781250 0.0328125 0.0281250
9 0.6882812 0.7562500 0.0244792 0.0531250
6 0.6958333 0.2687500 0.0270833 0.0468750
8 0.6309896 0.4183594 0.0348958 0.0351562
8 0.4080729 0.5398437 0.0307292 0.0312500
8 0.6875000 0.3460937 0.0312500 0.0328125
6 0.6231771 0.8109375 0.0317708 0.0328125
10 0.4802083 0.4980469 0.0239583 0.0554687
6 0.7375000 0.6441406 0.0354167 0.0351562
6 0.6125000 0.7488281 0.0250000 0.0367188
11 0.3593750 0.5511719 0.0291667 0.0445313
