0 0.5789062 0.7398438 0.0369792 0.0390625
5 0.5416667 0.1417969 0.0458333 0.0335937
2 0.3473958 0.3332031 0.0416667 0.0351562
3 0.4486979 0.5535156 0.0317708 0.0320312
1 0.4903646 0.1949219 0.0411458 0.0601563
4 0.4770833 0.2695312 0.0260417 0.0687500
0 0.6229167 0.5832031 0.0479167 0.0335937
1 0.5067708 0.4675781 0.0333333 0.0382813
4 0.6526042 0.3972656 0.0500000 0.0351562
3 0.5325521 0.4277344 0.0234375 0.0335937
4 0.4981771 0.6906250 0.0203125 0.0671875
4 0.5729167 0.6585937 0.0312500 0.0390625
2 0.5513021 0.6515625 0.0296875 0.0546875
2 0.5348958 0.5777344 0.0270833 0.0695313
3 0.2723958 0.4980469 0.0281250 0.0507812
3 0.4690104 0.8167969 0.0359375 0.0570312
0 0.4552083 0.6605469 0.0218750 0.0695313
3 0.5992188 0.4964844 0.0369792 0.0460938
0 0.2770833 0.2648437 0.0437500 0.0453125
3 0.5453125 0.7078125 0.0427083 0.0562500
5 0.4682292 0.2261719 0.0208333 0.0648438
5 0.5583333 0.3171875 0.0479167 0.0328125
4 0.5359375 0.3171875 0.0437500 0.0281250
0 0.6226563 0.8839844 0.0411458 0.0476562
4 0.4640625 0.5335937 0.0208333 0.0296875
4 0.4627604 0.1535156 0.0411458 0.0539063
4 0.6130208 0.3195312 0.0260417 0.0343750
4 0.5869792 0.4914062 0.0427083 0.0421875
5 0.3627604 0.2226562 0.0296875 0.0281250
2 0.4934896 0.6863281 0.0401042 0.0429688
5 0.6940104 0.6761719 0.0421875 0.0476562
0 0.4419271 0.7062500 0.0380208 0.0453125
5 0.4544271 0.3449219 0.0265625 0.0523438
1 0.4127604 0.2828125 0.0411458 0.0468750
2 0.6369792 0.4902344 0.0427083 0.0367188
0 0.3705729 0.6667969 0.0380208 0.0382813
4 0.4036458 0.3753906 0.0218750 0.0601563
1 0.4940104 0.3539062 0.0401042 0.0578125
0 0.4872396 0.7781250 0.0307292 0.0468750
2 0.6460938 0.6406250 0.0276042 0.0484375
3 0.5640625 0.7804688 0.0312500 0.0671875
2 0.6414062 0.5816406 0.0442708 0.0507812
3 0.3625000 0.2289063 0.0260417 0.0390625
0 0.5466146 0.1519531 0.0296875 0.0757812
2 0.4401042 0.1746094 0.0187500 0.0382813
1 0.5505208 0.1968750 0.0208333 0.0703125
3 0.4786458 0.2460938 0.0239583 0.0687500
3 0.7354167 0.1722656 0.0416667 0.0460938
3 0.5268229 0.1925781 0.0234375 0.0695313
3 0.3549479 0.7882813 0.0421875 0.0328125
4 0.5575521 0.2246094 0.0432292 0.0351562
5 0.7239583 0.2503906 0.0260417 0.0757812
2 0.5908854 0.3031250 0.0234375 0.0421875
1 0.3971354 0.0953125 0.0234375 0.0390625
0 0.5039062 0.4218750 0.0234375 0.0437500
3 0.6708333 0.5054688 0.0427083 0.0328125
1 0.6513021 0.4941406 0.0223958 0.0476562
2 0.5718750 0.4847656 0.0479167 0.0539063
0 0.8242188 0.6199219 0.0348958 0.0414062
0 0.3145833 0.5816406 0.0250000 0.0335937
4 0.3481771 0.7042969 0.0276042 0.0367188
4 0.5375000 0.7902344 0.0333333 0.0429688
3 0.6182292 0.6687500 0.0385417 0.0671875
0 0.5114583 0.2246094 0.0510417 0.0289063
1 0.6468750 0.4589844 0.0416667 0.0304687
5 0.7023438 0.3054688 0.0307292 0.0500000
0 0.6250000 0.5738281 0.0270833 0.0398437
4 0.4476562 0.5875000 0.0244792 0.0312500
2 0.5838542 0.7351562 0.0250000 0.0390625
2 0.5809896 0.1429688 0.0453125 0.0312500
2 0.4971354 0.6972656 0.0369792 0.0492187
11 0.4692708 0.3039062 0.0302083 0.0687500
6 0.2346354 0.7726563 0.0442708 0.0437500
11 0.3184896 0.6539063 0.0421875 0.0421875
8 0.5411458 0.6796875 0.0281250 0.0437500
6 0.5158854 0.5750000 0.0401042 0.0390625
10 0.6559896 0.7589844 0.0276042 0.0664062
6 0.7247396 0.7582031 0.0442708 0.0429688
6 0.6934896 0.6718750 0.0421875 0.0531250
8 0.2385417 0.3296875 0.0427083 0.0500000
9 0.5132813 0.1636719 0.0380208 0.0742188
11 0.7351562 0.3589844 0.0442708 0.0523438
7 0.6218750 0.5707031 0.0468750 0.0460938
9 0.5968750 0.3882813 0.0437500 0.0421875
7 0.2585938 0.6699219 0.0286458 0.0460938
9 0.5013021 0.0878906 0.0348958 0.0429688
