0 0.3742187 0.6617188 0.0151042 0.0234375
2 0.3169271 0.3042969 0.0328125 0.0257812
4 0.3661458 0.7984375 0.0135417 0.0250000
4 0.5471354 0.2140625 0.0317708 0.0250000
5 0.5148438 0.7558594 0.0276042 0.0335937
3 0.4502604 0.6023437 0.0182292 0.0218750
4 0.5390625 0.3531250 0.0135417 0.0421875
3 0.7002604 0.3644531 0.0161458 0.0492187
4 0.7109375 0.3394531 0.0312500 0.0195312
0 0.7184896 0.5601563 0.0244792 0.0250000
0 0.6104167 0.6609375 0.0291667 0.0250000
0 0.7416667 0.4996094 0.0312500 0.0242188
4 0.3958333 0.4332031 0.0187500 0.0398437
0 0.5802083 0.3148437 0.0187500 0.0203125
2 0.6419271 0.3320312 0.0213542 0.0250000
4 0.4768229 0.5902344 0.0317708 0.0335937
4 0.4705729 0.1292969 0.0244792 0.0445313
5 0.7143229 0.7414063 0.0276042 0.0343750
4 0.5325521 0.6300781 0.0182292 0.0304687
3 0.3497396 0.2292969 0.0182292 0.0429688
4 0.5507812 0.5367188 0.0182292 0.0218750
4 0.5221354 0.4910156 0.0307292 0.0195312
1 0.6218750 0.5058594 0.0312500 0.0273438
3 0.2906250 0.5535156 0.0250000 0.0429688
2 0.4304688 0.7550781 0.0182292 0.0476562
4 0.3390625 0.5593750 0.0291667 0.0250000
1 0.4140625 0.3597656 0.0135417 0.0257812
0 0.7007813 0.2609375 0.0119792 0.0484375
0 0.6559896 0.3640625 0.0234375 0.0281250
3 0.4528646 0.5062500 0.0359375 0.0296875
5 0.2739583 0.4910156 0.0260417 0.0320312
3 0.5041667 0.8144531 0.0229167 0.0257812
0 0.2432292 0.5605469 0.0218750 0.0445313
3 0.6973958 0.3851562 0.0187500 0.0453125
0 0.4937500 0.5121094 0.0302083 0.0273438
3 0.5145833 0.1558594 0.0250000 0.0398437
2 0.4934896 0.8542969 0.0244792 0.0320312
0 0.3179688 0.2449219 0.0307292 0.0210938
4 0.5078125 0.3601563 0.0270833 0.0453125
1 0.4994792 0.2257812 0.0229167 0.0484375
2 0.6796875 0.4343750 0.0354167 0.0234375
4 0.5270833 0.5628906 0.0197917 0.0257812
0 0.6807292 0.7855469 0.0312500 0.0351562
4 0.3984375 0.6699219 0.0239583 0.0273438
3 0.6734375 0.7085938 0.0145833 0.0500000
2 0.3510417 0.3875000 0.0145833 0.0218750
5 0.3031250 0.4167969 0.0333333 0.0304687
3 0.4205729 0.5554687 0.0151042 0.0234375
0 0.4390625 0.4003906 0.0156250 0.0320312
2 0.4138021 0.6769531 0.0213542 0.0304687
1 0.4140625 0.4992187 0.0197917 0.0343750
5 0.6846354 0.4500000 0.0161458 0.0468750
2 0.6130208 0.5023437 0.0333333 0.0265625
1 0.2802083 0.4792969 0.0177083 0.0320312
3 0.4346354 0.3332031 0.0276042 0.0289063
1 0.5234375 0.5089844 0.0197917 0.0398437
3 0.7648438 0.7074219 0.0328125 0.0304687
2 0.4195313 0.3937500 0.0171875 0.0484375
1 0.6195312 0.4105469 0.0338542 0.0242188
8 0.4091146 0.5582031 0.0338542 0.0382813
8 0.3078125 0.5546875 0.0302083 0.0328125
11 0.4359375 0.1707031 0.0260417 0.0320312
8 0.6565104 0.7250000 0.0328125 0.0484375
10 0.6669271 0.4574219 0.0265625 0.0382813
7 0.3234375 0.5753906 0.0291667 0.0398437
9 0.7143229 0.4472656 0.0203125 0.0304687
10 0.6278646 0.6960937 0.0265625 0.0375000
8 0.3789062 0.0988281 0.0223958 0.0460938
8 0.5328125 0.1695312 0.0343750 0.0453125
8 0.5005208 0.1457031 0.0312500 0.0429688
6 0.7322917 0.5601563 0.0250000 0.0328125
6 0.3953125 0.2320312 0.0208333 0.0500000
6 0.4190104 0.3261719 0.0255208 0.0429688
11 0.6820312 0.4167969 0.0328125 0.0320312
