1 0.3195312 0.3687500 0.1088542 0.1218750
2 0.6781250 0.3222656 0.1270833 0.0929688
2 0.6739583 0.2644531 0.1072917 0.0914062
1 0.5744792 0.4125000 0.1281250 0.0812500
1 0.3809896 0.1683594 0.0890625 0.1242188
4 0.3067708 0.6765625 0.0718750 0.2046875
2 0.5533854 0.3789062 0.0786458 0.0859375
5 0.4138021 0.0929688 0.0786458 0.1859375
2 0.3648438 0.4390625 0.0921875 0.1453125
0 0.7575521 0.5710937 0.1317708 0.1000000
0 0.4570312 0.4109375 0.1255208 0.0812500
1 0.3971354 0.7511719 0.0776042 0.1148437
4 0.4687500 0.7863281 0.0729167 0.0945312
0 0.5572917 0.5703125 0.1239583 0.0812500
0 0.6072917 0.4132812 0.0875000 0.1531250
2 0.5794271 0.7394531 0.1286458 0.0898438
4 0.6395833 0.1304687 0.1229167 0.0812500
5 0.5986979 0.5132813 0.0505208 0.1171875
0 0.5320312 0.6214844 0.1046875 0.1257813
1 0.2075521 0.6011719 0.1307292 0.1070312
0 0.5031250 0.6527344 0.1125000 0.1351563
4 0.5453125 0.2488281 0.0677083 0.1460937
1 0.4687500 0.4164062 0.0677083 0.1000000
0 0.6690104 0.3421875 0.0942708 0.0984375
0 0.7346354 0.3820312 0.0651042 0.1218750
4 0.4005208 0.4714844 0.0927083 0.0617188
3 0.5778646 0.5261719 0.1244792 0.0820312
3 0.7656250 0.7203125 0.1125000 0.1000000
1 0.3398438 0.3093750 0.1223958 0.0859375
1 0.3109375 0.3234375 0.1250000 0.0953125
4 0.6968750 0.3144531 0.1239583 0.1007813
0 0.6093750 0.8156250 0.0739583 0.0796875
5 0.4513021 0.5015625 0.1015625 0.1125000
1 0.4997396 0.6113281 0.1203125 0.1023437
2 0.5171875 0.2554688 0.1281250 0.0843750
1 0.4807292 0.2679687 0.1031250 0.1312500
2 0.6020833 0.6816406 0.0729167 0.1820313
4 0.7015625 0.4828125 0.1166667 0.0781250
4 0.3742187 0.6207031 0.1244792 0.1007813
2 0.5263021 0.8527344 0.0661458 0.1867187
3 0.4492188 0.7421875 0.0911458 0.1640625
5 0.4953125 0.5281250 0.1166667 0.1031250
5 0.3744792 0.3914063 0.1302083 0.0953125
2 0.6953125 0.4640625 0.0562500 0.1093750
2 0.5213542 0.9117188 0.0968750 0.1750000
2 0.3265625 0.7570313 0.0718750 0.1187500
5 0.6632813 0.7566406 0.0817708 0.1851562
1 0.4171875 0.7054687 0.0781250 0.1953125
2 0.4861979 0.5152344 0.0838542 0.0851563
2 0.4312500 0.6773438 0.0562500 0.1828125
1 0.5914063 0.6328125 0.1098958 0.1250000
2 0.4257812 0.8761719 0.1140625 0.0773438
5 0.5148438 0.8179688 0.0734375 0.1843750
3 0.7997396 0.5257812 0.0713542 0.0984375
4 0.4335938 0.5582031 0.0494792 0.0898438
0 0.2302083 0.5308594 0.1260417 0.0976562
1 0.4468750 0.2269531 0.1229167 0.1148437
1 0.4138021 0.8503906 0.0713542 0.1445312
2 0.5528646 0.6933594 0.1286458 0.0882813
4 0.4156250 0.3082031 0.0562500 0.1164063
4 0.5768229 0.3675781 0.1088542 0.1039063
3 0.7583333 0.8761719 0.0687500 0.1820313
10 0.5825521 0.6730469 0.1296875 0.1664063
7 0.7614583 0.3226562 0.1145833 0.1328125
8 0.7015625 0.2429688 0.1083333 0.1125000
10 0.3283854 0.2855469 0.0817708 0.1882813
10 0.6885417 0.2562500 0.1239583 0.1218750
10 0.2291667 0.4996094 0.1125000 0.1507813
7 0.3755208 0.1726563 0.1218750 0.1187500
11 0.7747396 0.8179688 0.1182292 0.1656250
8 0.7018229 0.1652344 0.1192708 0.1445312
10 0.6757812 0.2574219 0.1203125 0.1398437
8 0.7213542 0.2765625 0.1135417 0.1234375
8 0.6085938 0.6921875 0.1109375 0.1171875
