1 0.5010417 0.6390625 0.0177083 0.0250000
5 0.5812500 0.3226562 0.0291667 0.0218750
2 0.4546875 0.5218750 0.0218750 0.0296875
4 0.6854167 0.3207031 0.0135417 0.0351562
2 0.2575521 0.8027344 0.0307292 0.0195312
4 0.3437500 0.6246094 0.0187500 0.0476562
4 0.5223958 0.5214844 0.0270833 0.0257812
1 0.4541667 0.8832031 0.0260417 0.0335937
1 0.6796875 0.5496094 0.0250000 0.0289063
4 0.5302083 0.6191406 0.0270833 0.0320312
1 0.6934896 0.6835938 0.0286458 0.0187500
3 0.5208333 0.3179688 0.0156250 0.0265625
3 0.6052083 0.5175781 0.0229167 0.0242188
2 0.5643229 0.6816406 0.0223958 0.0273438
3 0.5658854 0.9203125 0.0307292 0.0265625
1 0.5648437 0.3648438 0.0296875 0.0281250
4 0.4791667 0.4402344 0.0187500 0.0414062
2 0.5489583 0.7335938 0.0187500 0.0343750
2 0.3072917 0.4214844 0.0302083 0.0210938
2 0.7132812 0.3761719 0.0265625 0.0351562
2 0.4890625 0.7207031 0.0302083 0.0210938
0 0.3229167 0.3074219 0.0177083 0.0210938
1 0.6434896 0.7035156 0.0307292 0.0304687
5 0.6786458 0.4308594 0.0333333 0.0195312
0 0.5481771 0.3875000 0.0171875 0.0250000
2 0.4283854 0.8617187 0.0296875 0.0312500
5 0.5052083 0.7781250 0.0156250 0.0390625
0 0.3627604 0.7070312 0.0276042 0.0218750
3 0.5135417 0.4308594 0.0114583 0.0257812
4 0.6763021 0.4300781 0.0255208 0.0351562
5 0.5791667 0.5332031 0.0156250 0.0492187
5 0.3674479 0.4781250 0.0140625 0.0250000
2 0.4247396 0.4933594 0.0234375 0.0429688
2 0.5729167 0.6949219 0.0156250 0.0382813
2 0.4096354 0.3332031 0.0234375 0.0320312
1 0.4940104 0.7976562 0.0140625 0.0187500
4 0.4794271 0.2578125 0.0296875 0.0218750
4 0.3260417 0.7117187 0.0166667 0.0421875
0 0.3911458 0.3800781 0.0197917 0.0242188
4 0.5656250 0.7976562 0.0302083 0.0171875
2 0.5770833 0.4503906 0.0312500 0.0242188
5 0.3013021 0.1695312 0.0234375 0.0250000
1 0.4200521 0.5796875 0.0171875 0.0218750
5 0.4742188 0.8753906 0.0203125 0.0226562
0 0.6312500 0.6023437 0.0291667 0.0234375
3 0.5296875 0.7457031 0.0218750 0.0445313
1 0.6088542 0.7703125 0.0302083 0.0234375
3 0.3309896 0.2363281 0.0317708 0.0257812
5 0.3770833 0.7515625 0.0239583 0.0281250
5 0.4395833 0.1871094 0.0250000 0.0320312
3 0.2731771 0.2582031 0.0307292 0.0242188
4 0.4294271 0.1960938 0.0276042 0.0281250
2 0.5554687 0.4148438 0.0265625 0.0203125
2 0.5497396 0.8808594 0.0276042 0.0289063
2 0.4382813 0.7527344 0.0192708 0.0351562
2 0.5390625 0.3476562 0.0145833 0.0375000
1 0.7437500 0.7199219 0.0312500 0.0257812
3 0.4552083 0.4511719 0.0156250 0.0242188
4 0.5684896 0.3347656 0.0296875 0.0226562
2 0.6755208 0.8136719 0.0250000 0.0179687
2 0.6408854 0.5226563 0.0276042 0.0281250
2 0.4515625 0.6316406 0.0322917 0.0226562
0 0.6804687 0.5542969 0.0296875 0.0164063
0 0.5221354 0.1351563 0.0130208 0.0234375
0 0.5854167 0.3710938 0.0281250 0.0281250
4 0.6401042 0.3152344 0.0281250 0.0210938
3 0.5372396 0.3957031 0.0182292 0.0335937
2 0.4718750 0.6101562 0.0177083 0.0453125
4 0.3911458 0.2164062 0.0145833 0.0328125
3 0.5164062 0.3015625 0.0192708 0.0375000
0 0.7473958 0.6101562 0.0250000 0.0281250
3 0.3677083 0.6820312 0.0197917 0.0296875
3 0.4421875 0.7792969 0.0135417 0.0242188
2 0.3182292 0.6324219 0.0135417 0.0242188
4 0.4843750 0.2386719 0.0166667 0.0460938
10 0.5096354 0.2664063 0.0244792 0.0406250
11 0.6458333 0.4136719 0.0291667 0.0289063
6 0.6536458 0.4863281 0.0312500 0.0414062
11 0.4153646 0.2433594 0.0192708 0.0304687
6 0.5833333 0.3312500 0.0302083 0.0343750
