4 0.6317708 0.2382812 0.1020833 0.0921875
4 0.4536458 0.4402344 0.0822917 0.0882813
2 0.7169271 0.7343750 0.1067708 0.0875000
1 0.4200521 0.1402344 0.0963542 0.0726563
0 0.5453125 0.6406250 0.1104167 0.0828125
2 0.7518229 0.7289062 0.1046875 0.0750000
2 0.7229167 0.4722656 0.0697917 0.1195313
2 0.2286458 0.4304688 0.0885417 0.0937500
1 0.7546875 0.6050781 0.1041667 0.0632812
0 0.5924479 0.3210938 0.1057292 0.1234375
5 0.5856771 0.5265625 0.1130208 0.0687500
5 0.4789062 0.7117187 0.1192708 0.0796875
4 0.5838542 0.2359375 0.1072917 0.0703125
0 0.3458333 0.1910156 0.0781250 0.0710937
4 0.4312500 0.5941406 0.0760417 0.1289062
5 0.4924479 0.3230469 0.0776042 0.1164063
0 0.5750000 0.9101562 0.0572917 0.1046875
4 0.4263021 0.6878906 0.0598958 0.0820312
5 0.4552083 0.8917969 0.0562500 0.1273438
5 0.6195312 0.8351563 0.1015625 0.0687500
5 0.7291667 0.7011719 0.0989583 0.0710937
5 0.5419271 0.6652344 0.1182292 0.0773438
0 0.7247396 0.2585938 0.0494792 0.1187500
3 0.5731771 0.8269531 0.0640625 0.1023437
4 0.3364583 0.7683594 0.0760417 0.1007813
4 0.7002604 0.2726562 0.0973958 0.0593750
0 0.6309896 0.3335938 0.0671875 0.1265625
3 0.8351563 0.6613281 0.1036458 0.0898438
2 0.6367188 0.4878906 0.1171875 0.0835937
2 0.5940104 0.7945313 0.0932292 0.0921875
4 0.5437500 0.1023437 0.0729167 0.1375000
3 0.5291667 0.6250000 0.0697917 0.1093750
2 0.4450521 0.8292969 0.0807292 0.1242188
5 0.6825521 0.5378906 0.0671875 0.0976562
2 0.3898437 0.5281250 0.0848958 0.1109375
3 0.5492187 0.4082031 0.0869792 0.0757812
2 0.5903646 0.6789063 0.0661458 0.1437500
0 0.6078125 0.4289062 0.0968750 0.0812500
1 0.3205729 0.4304688 0.1182292 0.0828125
4 0.3330729 0.3953125 0.0890625 0.1062500
5 0.4994792 0.5566406 0.0750000 0.1476562
4 0.4815104 0.7914062 0.0692708 0.1500000
3 0.5828125 0.4730469 0.0739583 0.1007813
3 0.6645833 0.3523438 0.1052083 0.0656250
7 0.6786458 0.3039062 0.0625000 0.1437500
10 0.4117188 0.3609375 0.0911458 0.0890625
7 0.6526042 0.0414062 0.0645833 0.0828125
8 0.3098958 0.3050781 0.1062500 0.1148437
10 0.2630208 0.6605469 0.1000000 0.0976562
8 0.5526042 0.5746094 0.0947917 0.0929688
7 0.5049479 0.0078125 0.0546875 0.0156250
10 0.6395833 0.9050781 0.0645833 0.1429688
10 0.6429687 0.5246094 0.0776042 0.1007813
6 0.7148438 0.4386719 0.1015625 0.0945312
8 0.6354167 0.5714844 0.0854167 0.1070312
8 0.5992188 0.4941406 0.0880208 0.0882813
6 0.5013021 0.3847656 0.0671875 0.1507813
8 0.6447917 0.4468750 0.0916667 0.1421875
