3 0.5174479 0.6203125 0.0192708 0.0234375
1 0.6760417 0.4546875 0.0270833 0.0281250
4 0.4994792 0.1039063 0.0291667 0.0218750
4 0.5705729 0.4097656 0.0328125 0.0242188
1 0.4872396 0.3906250 0.0244792 0.0296875
5 0.3184896 0.5980469 0.0328125 0.0226562
4 0.6421875 0.4007812 0.0291667 0.0296875
3 0.5664062 0.1277344 0.0265625 0.0382813
1 0.3268229 0.6035156 0.0307292 0.0320312
5 0.5583333 0.2250000 0.0197917 0.0437500
4 0.6994792 0.4082031 0.0281250 0.0289063
5 0.6046875 0.3441406 0.0281250 0.0242188
0 0.4322917 0.1960938 0.0218750 0.0453125
4 0.4630208 0.5406250 0.0156250 0.0312500
4 0.6768229 0.5031250 0.0317708 0.0250000
2 0.3716146 0.2359375 0.0171875 0.0312500
4 0.4739583 0.2156250 0.0270833 0.0218750
5 0.4257812 0.5015625 0.0182292 0.0359375
4 0.6848958 0.3382812 0.0302083 0.0203125
4 0.3888021 0.6488281 0.0255208 0.0210938
3 0.6119792 0.6792969 0.0218750 0.0382813
4 0.3739583 0.1363281 0.0187500 0.0476562
2 0.4000000 0.8816406 0.0218750 0.0445313
3 0.3414063 0.2890625 0.0286458 0.0187500
2 0.5708333 0.2117188 0.0239583 0.0453125
3 0.6098958 0.6062500 0.0333333 0.0218750
5 0.4257812 0.5953125 0.0151042 0.0265625
1 0.4299479 0.7343750 0.0213542 0.0218750
2 0.3072917 0.3753906 0.0218750 0.0414062
0 0.2455729 0.6324219 0.0234375 0.0273438
1 0.4005208 0.3464844 0.0270833 0.0273438
3 0.6127604 0.4382813 0.0276042 0.0203125
0 0.4486979 0.2015625 0.0223958 0.0234375
1 0.4575521 0.1050781 0.0171875 0.0226562
11 0.6729167 0.6320313 0.0302083 0.0343750
11 0.2502604 0.5464844 0.0307292 0.0367188
6 0.4942708 0.7398438 0.0218750 0.0406250
11 0.3609375 0.2570312 0.0187500 0.0437500
6 0.6773438 0.6898437 0.0307292 0.0296875
10 0.4091146 0.4363281 0.0213542 0.0273438
